# NaN NaN NaN ;Mean Elev.(m), Avg Gradient(m/km), RMS Gradient(m/km) - SRTM1     
#   90.195 -29.188 124.879 ;Mean Elev.(m), Avg Gradient(m/km), RMS Gradient(m/km) - ASTER GDEM
#   98.300 -30.301 123.946 ;Mean Elev.(m), Avg Gradient(m/km), RMS Gradient(m/km) - GMTED2010 
   1 236.658825  62.394348    92.404    94.029  4 54663.00157136 36.729
   2 236.662842  62.393521   104.607   104.576  5 54672.91721676 46.426
   3 236.662845  62.394529    -5.903    -6.201  6 54682.83286022  1.224
   4 236.663503  62.395487   114.869   115.346  5 54692.74850252 30.032
   6 236.666625  62.392936   103.015   103.072  4 54712.57979182 54.547
   7 236.657081  62.392958     2.482     1.977  3 54722.49544193  2.189
   8 236.660920  62.389906   103.007   102.746  5 54732.41109105 44.624
   9 236.659120  62.390232   102.899   102.929  5 54742.32673763 47.949
  10 236.658086  62.391029   102.850   102.988  5 54752.24238402 47.883
  11 236.660556  62.390407   150.481   147.837  5 54762.15803057 29.827
  14 236.658482  62.389343   139.303   136.178  4 54791.90495356 17.333
  15 236.657574  62.391468   103.424   103.353  5 54801.82059063 26.384
  16 236.660976  62.392546   108.526   109.615  5 54811.73622818 25.719
  17 236.661110  62.393576   116.169   111.881  6 54821.65186959 25.450
  18 236.660897  62.392700   135.113   135.535  5 54831.56752189 17.683
  19 236.660865  62.391993   135.487   135.543  5 54841.48316071 16.820
  20 236.659342  62.392670   103.950   103.909  5 54851.39880946 37.762
  21 236.661666  62.393147   114.854   110.433  6 54861.31445816 20.292
  22 236.662725  62.393436   117.494   123.361  5 54871.23010677 21.436
  23 236.660846  62.392787   115.898   111.404  6 54881.14575364 21.553
  24 236.657755  62.391148   135.128   134.905  5 54891.06139727 16.582
  25 236.658311  62.388586   135.233   135.183  4 54900.97703840 13.357
  26 236.657701  62.388613   135.224   135.207  4 54910.89267737 17.588
  27 236.659647  62.389822   135.630   135.584  5 54920.80831534 15.533
  28 236.659139  62.391808   135.279   135.470  5 54930.72395249 15.102
  29 236.660598  62.391674   137.250   136.443  5 54940.63958878  5.077
  30 236.658762  62.391268   111.336   116.587  5 54950.55522315 15.409
  32 236.658198  62.390338   158.926   158.518  5 54970.38651186 29.418
  33 236.659428  62.391542   105.153   105.329  5 54980.30215923 34.181
  34 236.660943  62.392537   105.668   105.642  6 54990.21780637 50.185
  35 236.663648  62.391704   105.733   105.708  5 55000.13345367 41.828
  36 236.661526  62.391784   116.389   119.204  5 55010.04909867 23.182
  37 236.660112  62.391909   105.359   105.343  5 55019.96474214 43.079
  38 236.662483  62.392326   105.150   105.189  5 55029.88038475 49.919
  39 236.663149  62.393678   104.223   104.130  5 55039.79602652 50.780
  40 236.662155  62.395297   105.775   103.601  6 55049.71166680 37.195
  41 236.661563  62.394852   122.911   117.224  5 55059.62730523 25.788
  42 236.662181  62.392142   121.567   122.418  5 55069.54294579 34.047
  43 236.659642  62.389594   111.077   111.183  4 55079.45859543 25.777
  44 236.658538  62.388843   110.861   110.375  5 55089.37424293 26.013
  45 236.659174  62.389872   105.256   104.974  5 55099.28988907 37.748
  46 236.661130  62.391090   131.699   148.353  5 55109.20553478 35.328
  47 236.660429  62.391257   126.108   132.200  5 55119.12117906 28.867
  48 236.657428  62.390078   152.019   154.623  5 55129.03682083 29.721
  49 236.658721  62.387746   102.936   103.011  5 55138.95246110 48.574
  50 236.657013  62.388721   118.200   119.349  5 55148.86809946 30.952
  51 236.661990  62.390411   104.010   103.999  5 55158.78373801 34.181
  52 236.660350  62.393880   104.782   104.014  5 55168.69937551 25.155
  53 236.662613  62.394554   106.569   106.872  5 55178.61501280 25.148
  54 236.662973  62.393119   116.776   113.774  5 55188.53065852 22.992
  55 236.661025  62.392180   125.240   128.360  5 55198.44630919 21.372
  56 236.660534  62.392433   135.440   135.185  6 55208.36195886 20.099
  57 236.661050  62.393575   136.393   136.400  5 55218.27760797 15.721
  58 236.661657  62.393543   136.281   136.378  6 55228.19325642 15.959
  59 236.659106  62.392648   136.104   136.570  5 55238.10890170 17.954
  60 236.659229  62.389749   135.045   135.541  5 55248.02454391 18.449
  61 236.657580  62.387980   130.403   134.102  4 55257.94018346 18.576
  62 236.658793  62.387830   136.044   135.729  5 55267.85582236 11.841
  63 236.659063  62.390004   135.999   136.011  5 55277.77146056 13.427
  64 236.659808  62.391966   136.325   136.251  5 55287.68709762 13.273
  65 236.660477  62.392557   116.110   119.449  5 55297.60273246 10.502
  66 236.658918  62.391046   126.962   131.307  5 55307.51837446 17.964
  68 236.659759  62.388424   104.645   104.586  5 55327.34966665 47.436
  69 236.659106  62.390754   104.786   104.764  5 55337.26531073 48.011
  70 236.661990  62.392387   122.428   127.880  5 55347.18095472 36.325
  71 236.662791  62.393119   104.720   104.736  5 55357.09659708 47.673
  72 236.659927  62.393516   106.602   104.572  5 55367.01223714 40.859
  73 236.664889  62.391711   103.787   103.748  3 55376.92787672 55.628
  74 236.660618  62.393578   104.306   104.281  5 55386.84351423 48.875
  75 236.663510  62.394217   104.316   104.315  6 55396.75915167 46.048
  76 236.661464  62.395481   117.762   117.376  6 55406.67479370 29.901
  77 236.662496  62.393306   116.407   115.528  5 55416.59044531 25.106
  78 236.658648  62.391172   103.509   103.661  5 55426.50609308 49.396
  79 236.659128  62.388697   103.966   104.168  5 55436.42173853 48.929
  80 236.658283  62.388652   103.588   103.655  5 55446.33738220 49.234
  81 236.659273  62.389839   103.590   103.677  4 55456.25302529 50.134
  82 236.660800  62.391187   103.492   103.963  5 55466.16866771 48.027
  83 236.660333  62.391727   103.691   103.621  6 55476.08430694 47.883
  84 236.657699  62.391426   125.905   124.131  5 55485.99994292 25.245
  85 236.660771  62.389470   102.629   102.574  5 55495.91557751 48.276
  86 236.661090  62.390302   102.040   102.092  5 55505.83121225 38.170
  87 236.659881  62.391972   150.521   155.122  5 55515.74686257 26.917
  88 236.659898  62.393797   102.464   102.589  5 55525.66251209 39.144
  89 236.662893  62.393467   125.836   127.132  5 55535.57816013 24.514
  90 236.661096  62.393165   135.986   136.210  6 55545.49380562 18.753
  91 236.662227  62.392097   125.824   123.961  5 55555.40944956 23.571
  92 236.661337  62.392504   130.343   133.907  5 55565.32509217 21.990
  93 236.662639  62.392797   135.320   135.440  5 55575.24073435 22.099
  94 236.661560  62.392851   135.183   135.433  6 55585.15637467 20.733
  95 236.661431  62.391881   135.805   135.719  5 55595.07201188 17.104
  96 236.657795  62.391792   135.832   135.792  5 55604.98764544 18.244
  97 236.660491  62.390988   135.471   135.510  5 55614.90327764 17.094
  98 236.662099  62.391230   135.175   135.066  5 55624.81891754 15.033
  99 236.661570  62.391449   135.296   135.076  5 55634.73457001 13.763
 100 236.658784  62.392075   136.004   136.143  5 55644.65022003 12.530
 101 236.659848  62.391067   136.063   136.051  5 55654.56586778 11.602
 102 236.658507  62.390378   134.920   134.943  5 55664.48151073  7.835
 103 236.658596  62.389897   128.125   127.035  5 55674.39715074  8.816
 104 236.661017  62.390085   108.811   107.889  5 55684.31278922 22.776
 105 236.658903  62.392742   124.320   122.364  5 55694.22842576 24.655
 106 236.672949  62.391270   104.614   104.614  2 55704.14406282 54.820
 107 236.662294  62.394650   119.402   117.005  6 55714.05970738 29.117
 108 236.661243  62.394140   117.372   116.080  5 55723.97535639 23.854
 109 236.660048  62.393844   123.575   128.274  5 55733.89100347 39.385
 110 236.661197  62.393393   105.847   105.986  5 55743.80664956 50.878
 111 236.659867  62.393487   103.952   104.013  5 55753.72229394 46.638
 112 236.659361  62.392724   121.304   123.285  5 55763.63793622 22.275
 113 236.660931  62.390944   104.065   104.037  5 55773.55357598 46.385
 114 236.657874  62.390650   103.620   103.682  5 55783.46921173 45.919
 115 236.661997  62.390327   104.931   104.488  5 55793.38484559 31.913
 116 236.659166  62.392897   128.792   125.724  5 55803.30048049 19.308
 117 236.662287  62.392433   113.033   103.888  5 55813.21613048 40.592
 118 236.660529  62.392266   119.309   118.828  5 55823.13177815 36.615
 119 236.658066  62.391847   103.636   103.790  5 55833.04742102 40.063
 120 236.658064  62.391317   112.827   109.365  5 55842.96305990 26.731
 121 236.658393  62.392084   115.674   115.300  5 55852.87869568 26.096
 122 236.660988  62.393495   124.425   124.265  6 55862.79433122 26.973
 123 236.660894  62.393915   131.711   135.406  6 55872.70998546 22.528
 124 236.661202  62.394081   141.678   145.053  5 55882.62563479 21.094
 125 236.662290  62.393721   109.367   109.601  5 55892.54127779 27.919
 126 236.662937  62.393907   124.598   131.047  5 55902.45691501 25.430
 127 236.662084  62.395072   131.438   135.512  6 55912.37255052 23.390
 128 236.662734  62.394258   132.101   136.216  6 55922.28820495 22.141
 129 236.662085  62.393396   126.583   134.161  5 55932.20385645 23.369
 130 236.662078  62.391282   135.365   135.098  5 55942.11950393 19.243
 131 236.659134  62.389669   135.476   135.522  4 55952.03514673 17.789
 132 236.658865  62.388829   136.080   136.001  5 55961.95078622 13.653
 133 236.659053  62.389989   135.941   136.035  4 55971.86642350 13.123
 134 236.660850  62.392090   136.112   136.092  5 55981.78205964 12.576
 135 236.662466  62.393318   136.290   136.211  6 55991.69769446 12.786
 136 236.661933  62.392317   136.333   136.396  5 56001.61334136 12.327
 137 236.659008  62.390524   135.973   135.980  5 56011.52899148 11.865
 138 236.658649  62.389480   136.035   136.100  5 56021.44463797 12.570
 139 236.660187  62.389953   136.427   136.192  5 56031.36028149  8.156
 140 236.661572  62.391974   136.026   136.058  5 56041.27592273 12.300
 141 236.664820  62.393021   124.883   118.572  5 56051.19156192 24.229
 142 236.662406  62.394640   113.778   112.166  6 56061.10719780 29.582
 143 236.662536  62.394263   149.709   155.624  6 56071.02283569 28.511
 144 236.660398  62.393522   119.950   122.579  5 56080.93848622 22.073
 145 236.669550  62.390927   107.547   107.547  2 56090.85413539 55.624
 146 236.661879  62.393823   106.213   106.369  5 56100.76978006 49.142
 147 236.662157  62.393504   105.389   105.413  5 56110.68541165 52.195
 148 236.659180  62.392683   120.293   119.308  5 56120.60105133 22.078
 149 236.657544  62.391185   118.390   119.105  5 56130.51668750 36.424
 150 236.658209  62.390489   103.417   103.448  5 56140.43232126 44.288
 151 236.658041  62.391008   120.402   120.734  5 56150.34797212 22.946
 152 236.662700  62.391657   103.295   103.165  5 56160.26362146 46.090
 153 236.660559  62.393171   150.556   153.518  6 56170.17926852 21.867
 154 236.661300  62.391777   116.591   114.111  5 56180.09491237 24.451
 155 236.661099  62.389921   110.413   103.051  5 56190.01055215 41.213
 156 236.659356  62.389822   113.995   113.127  4 56199.92618867 26.841
 157 236.660703  62.391805   122.331   122.048  6 56209.84182282 24.016
 158 236.663911  62.394600   120.233   120.977  6 56219.75745528 25.706
 159 236.664754  62.395829   142.466   147.348  6 56229.67310411 23.156
 160 236.662021  62.395425   153.217   156.632  6 56239.58875744 23.813
 161 236.661783  62.393586   134.127   135.840  6 56249.50440722 21.880
 162 236.661159  62.392507   123.540   124.065  6 56259.42005200 23.982
 163 236.660306  62.393290   125.620   132.680  5 56269.33569375 23.749
 164 236.662004  62.393775   127.913   127.213  6 56279.25133399 23.150
 165 236.662252  62.393289   135.567   135.602  5 56289.16698438 21.787
 166 236.658649  62.391995   125.057   123.504  5 56299.08263259 23.071
 167 236.658367  62.389365   125.624   123.876  5 56308.99827731 20.706
 168 236.657827  62.388223   131.551   134.033  4 56318.91391946 18.932
 169 236.657804  62.389719   130.796   135.755  5 56328.82956040 17.226
 170 236.659121  62.392177   136.187   136.260  5 56338.74520051 15.824
 171 236.662416  62.393374   136.149   136.247  6 56348.66083893 20.373
 172 236.660176  62.393698   136.103   136.240  5 56358.57647402 20.287
 173 236.660190  62.390563   136.189   136.121  5 56368.49212494 13.841
 175 236.657787  62.390921   136.269   136.344  5 56388.32341805 11.825
 176 236.659564  62.393493   136.600   136.609  5 56398.23906125  9.670
 177 236.663332  62.394715   106.160   103.370  6 56408.15470236  9.809
 178 236.661913  62.395442   116.033   116.507  6 56418.07033891 14.087
 179 236.669881  62.392669   110.371   110.390  3 56427.98597207 48.718
 180 236.665710  62.391505   119.886   115.266  4 56437.90162561 23.493
 181 236.662231  62.391715   106.263   106.268  4 56447.81727668 48.649
 182 236.659300  62.393003   110.989   105.158  5 56457.73292550 42.688
 183 236.661672  62.392007   105.214   105.305  5 56467.64857182 45.065
 184 236.661960  62.390660   112.573   109.832  5 56477.56421391 25.728
 185 236.661075  62.389303   109.545   110.116  5 56487.47985212 29.918
 186 236.658192  62.389973   104.025   104.108  5 56497.39548724 44.831
 187 236.659814  62.391364   120.956   121.591  5 56507.31112137 36.827
 188 236.661074  62.393868   106.194   103.573  6 56517.22675765 47.660
 189 236.662632  62.393677   127.867   126.698  6 56527.14241205 41.530
 190 236.660137  62.393299   124.941   126.870  5 56537.05806187 21.809
 192 236.658325  62.390828   104.376   104.012  5 56556.88935172 39.335
 193 236.658739  62.391951   103.985   103.867  5 56566.80499429 47.522
 194 236.660440  62.394220   103.567   103.811  5 56576.72063554 49.003
 195 236.662631  62.395966   146.727   157.683  6 56586.63627351 24.237
 196 236.663059  62.396170   131.220   136.452  6 56596.55191300 27.110
 197 236.663286  62.393696   130.052   124.170  5 56606.46756538 27.126
 198 236.661918  62.392321   132.183   136.076  5 56616.38321255 20.169
 199 236.660049  62.392576   126.032   127.665  5 56626.29885593 22.477
 200 236.660382  62.393026   124.326   134.137  5 56636.21449672 24.147
 201 236.660841  62.393260   106.540   106.357  5 56646.13013665 28.132
 202 236.661569  62.391224   107.627   108.039  5 56656.04578920 24.638
 203 236.659183  62.389895   111.521   106.469  5 56665.96143709 22.529
 204 236.658091  62.389589   130.871   134.517  5 56675.87708243 17.969
 205 236.659412  62.390178   135.404   135.516  5 56685.79272688 17.302
 206 236.659916  62.391778   135.658   135.551  5 56695.70836918 17.459
 207 236.660609  62.393041   136.023   136.110  5 56705.62400702 16.163
 208 236.661536  62.393280   136.095   136.168  6 56715.53963948 16.429
 209 236.659838  62.391689   123.606   123.798  5 56725.45529280 17.761
 210 236.657932  62.391428   135.390   135.375  5 56735.37094230 16.059
 211 236.662443  62.391446   135.511   135.676  5 56745.28658895 16.671
 212 236.662579  62.393489   135.882   135.942  6 56755.20223068 17.283
 214 236.661554  62.395285   128.339   128.953  5 56775.03350467 18.737
 215 236.661031  62.393187   120.481   119.060  6 56784.94916167 26.361
 216 236.658818  62.392196   124.827   114.159  5 56794.86481481 32.596
 217 236.660561  62.391016   105.291   105.242  5 56804.78046461 49.240
 218 236.657847  62.391707   106.096   106.196  5 56814.69610678 48.031
 219 236.660438  62.390609   105.095   105.078  5 56824.61174616 48.986
 220 236.660489  62.390372   104.880   104.668  5 56834.52738131 51.605
 221 236.662291  62.390645   104.914   105.131  5 56844.44301313 48.482
 222 236.659583  62.391936   116.954   116.914  5 56854.35865703 22.992
 223 236.660200  62.391867   123.926   119.417  6 56864.27431073 41.410
 224 236.662448  62.391081   103.173   103.124  5 56874.18996397 46.362
 225 236.659671  62.391327   113.332   110.300  5 56884.10561348 27.430
 226 236.659791  62.390744   107.025   107.348  4 56894.02126015 30.636
 227 236.660403  62.390446   113.669   110.959  5 56903.93690368 24.083
 228 236.660753  62.391231   147.330   155.965  5 56913.85254510 24.536
 229 236.662360  62.392488   118.479   118.917  5 56923.76818492 22.326
 230 236.662852  62.394172   118.486   118.609  6 56933.68382206 33.196
 231 236.663092  62.395288   117.909   116.718  6 56943.59945396 29.049
 232 236.662092  62.394421   121.481   122.377  6 56953.51510072 23.866
 233 236.660359  62.393147   131.731   135.859  5 56963.43075103 26.866
 234 236.660777  62.392580   123.664   123.995  6 56973.34639660 26.520
 235 236.662734  62.392630   126.762   131.901  5 56983.26203789 23.870
 236 236.661991  62.393297   125.963   127.738  5 56993.17767412 25.307
 237 236.661539  62.392808   130.932   135.579  5 57003.09331024 22.468
 238 236.659627  62.390638   129.371   135.536  4 57013.00896690 22.025
 239 236.658947  62.389764   135.334   135.308  5 57022.92461816 20.162
 240 236.659599  62.390770   134.945   135.518  5 57032.84026677 20.542
 241 236.662210  62.391633   131.291   135.477  5 57042.75591341 20.185
 242 236.661608  62.392390   117.803   115.847  5 57052.67155751 21.715
 243 236.660437  62.392106   115.228   109.682  5 57062.58719727 21.709
 244 236.661024  62.391755   110.755   102.294  5 57072.50283191 21.716
 245 236.662222  62.392922   104.119   102.324  5 57082.41846240 21.948
 246 236.662860  62.394364   131.597   135.393  5 57092.33410863 16.874
 247 236.662242  62.395310   136.569   136.574  5 57102.24976560 13.421
 248 236.661303  62.395293   136.679   136.681  6 57112.16541910  9.624
 249 236.660332  62.394085   136.064   136.011  5 57122.08106682  8.390
 250 236.662487  62.391776   109.956   102.699  5 57131.99670942 21.428
 251 236.659814  62.392419   115.625   110.316  5 57141.91234637 28.467
 252 236.660826  62.393739   106.621   106.601  5 57151.82798053 49.035
 253 236.663656  62.394914   106.384   104.275  6 57161.74361145 47.687
 254 236.661506  62.393881   106.828   104.619  6 57171.65926850 47.558
 255 236.662487  62.390879   110.083   107.090  5 57181.57492365 30.742
 256 236.658790  62.389487   110.815   110.847  4 57191.49057427 26.930
 257 236.659591  62.389022   105.045   103.933  5 57201.40622215 33.608
 258 236.659841  62.390718   102.745   102.744  4 57211.32185602 32.549
 259 236.660492  62.392740   120.301   122.141  6 57221.23749959 22.488
 260 236.661864  62.393004   111.754   107.253  6 57231.15314210 28.961
 261 236.660469  62.392833   123.885   124.824  6 57241.06878197 22.381
 262 236.661004  62.392020   115.155   113.763  6 57250.98441945 24.873
 263 236.660282  62.393365   102.650   102.804  5 57260.90005462 46.426
 264 236.662347  62.395522   106.055   103.206  5 57270.81568876 46.130
 265 236.663995  62.396368   139.078   135.665  5 57280.73134371 23.440
 266 236.662039  62.396415   107.502   108.302  6 57290.64699891 38.010
 267 236.662443  62.393978   155.237   154.563  5 57300.56265158 28.110
 268 236.661521  62.391384   148.379   148.801  5 57310.47830043 30.918
 269 236.661271  62.390036   145.585   153.202  5 57320.39394576 23.623
 270 236.661082  62.390810   142.917   151.867  5 57330.30958810 22.407
 271 236.660093  62.393056   153.116   157.913  5 57340.22522804 20.231
 272 236.660487  62.392537   135.362   132.860  6 57350.14087810 20.609
 273 236.658327  62.391202   109.515   102.881  5 57360.05652322 29.385
 274 236.658116  62.389070   103.395   103.248  4 57369.97216547 29.522
 275 236.659305  62.388836   107.193   105.590  5 57379.88780535 28.277
 276 236.662448  62.390817   132.497   128.407  5 57389.80344407 20.760
 277 236.661977  62.394310   126.576   135.695  6 57399.71908138 23.527
 278 236.662325  62.395570   122.095   123.911  6 57409.63471984 26.299
 279 236.660673  62.393758   104.027   102.270  5 57419.55037262 31.382
 280 236.660242  62.391767   135.374   135.272  5 57429.46602291 20.624
 281 236.661407  62.391405   130.696   135.437  5 57439.38167085 20.329
 282 236.662626  62.393128   135.369   135.485  5 57449.29731738 17.864
 283 236.661401  62.395348   135.819   136.043  6 57459.21296227 18.549
 284 236.662584  62.395447   136.417   136.722  5 57469.12860453 17.534
 285 236.661832  62.394303   137.352   137.010  6 57479.04424272  8.289
 286 236.661048  62.392858   132.695   136.341  6 57488.95987790 13.301
 287 236.660529  62.392868   136.605   136.580  5 57498.87551100  6.261
 288 236.662254  62.393449   119.451   124.073  5 57508.79115343 24.551
 290 236.660356  62.393415   103.976   103.881  5 57528.62246264 52.434
 291 236.660533  62.391391   114.779   111.490  5 57538.53811314 24.214
 292 236.660537  62.389305   105.895   105.893  5 57548.45376094 41.252
 293 236.659413  62.388925   104.179   104.148  5 57558.36940700 45.658
 294 236.657596  62.391079   104.565   104.832  5 57568.28505177 49.803
 295 236.661053  62.392465   109.127   104.190  6 57578.20069648 41.151
 296 236.661201  62.393798   103.897   103.814  5 57588.11633947 34.724
 297 236.661051  62.393460   102.987   102.987  6 57598.03198010 33.726
