-122356.395  1362.315     0.00  131.08
-122069.657  1368.221    20.60  126.47
-121782.905  1368.528     1.07  122.33
-121496.137  1374.710    21.55  118.31
-121209.353  1351.591   -80.61  131.78
-120922.555  1312.430  -136.54  140.27
-120635.741  1254.870  -200.68  134.97
-120348.912  1209.903  -156.76  121.28
-120062.068  1161.959  -167.14   94.62
-119775.209  1134.931   -94.21   80.37
-119488.334  1111.749   -80.80   66.94
-119201.444  1104.096   -26.68   65.53
-118914.539  1109.774    19.79   85.32
-118627.619  1120.727    38.17  107.13
-118340.683  1125.270    15.83  113.79
-118053.733  1110.930   -49.97  117.35
-117766.766  1097.774   -45.85  111.57
-117479.785  1090.656   -24.80  105.22
-117192.789  1101.222    36.81  116.88
-116905.777  1134.964   117.56  153.25
-116618.750  1184.678   173.20  184.81
-116331.707  1245.995   213.61  190.72
-116044.650  1300.726   190.65  154.13
-115757.577  1311.590    37.84  134.09
-115470.488  1297.902   -47.68  140.11
-115183.385  1262.726  -122.51  147.57
-114896.266  1222.858  -138.85  140.25
-114609.132  1190.245  -113.57  118.51
-114321.983  1173.087   -59.75  104.48
-114034.818  1170.072   -10.50   99.26
-113747.638  1172.772     9.40   96.40
-113460.443  1196.251    81.75   85.80
-113173.233  1220.349    83.90   81.88
-112886.007  1252.621   112.35   97.13
-112598.766  1274.899    77.56   95.69
-112311.509  1277.196     8.00   96.43
-112024.238  1289.631    43.28  100.73
-111736.951  1287.384    -7.82  107.84
-111449.648  1258.227  -101.48  131.21
-111162.331  1210.865  -164.84  135.43
-110874.998  1157.331  -186.31  116.64
-110587.649  1116.293  -142.81  104.35
-110300.286  1091.166   -87.44   87.74
-110012.907  1089.891    -4.44   86.58
-109725.512  1088.056    -6.38   90.18
-109438.103  1096.751    30.25   84.61
-109150.678  1075.340   -74.49   93.31
-108863.237  1063.262   -42.02   99.58
-108575.782  1055.450   -27.18  110.54
-108288.311  1045.666   -34.03  113.08
-108000.824  1037.993   -26.69  112.49
-107713.322  1031.285   -23.33  113.25
-107425.805  1019.167   -42.15  124.02
-107138.273  1002.930   -56.47  134.66
-106850.725   965.079  -131.63  135.80
-106563.162   916.726  -168.14  114.10
-106275.583   878.878  -131.60   87.33
-105987.989   846.591  -112.26   55.72
-105700.380   826.338   -70.42   31.40
-105412.755   819.608   -23.40   30.21
-105125.115   818.818    -2.75   32.24
-104837.460   817.171    -5.73   33.69
-104549.789   819.283     7.34   33.15
-104262.103   826.257    24.24   34.86
-103974.401   848.209    76.30   47.32
-103686.684   874.749    92.24   62.46
-103398.951   899.182    84.91   63.74
-103111.203   917.010    61.95   58.57
-102823.440   925.060    27.97   50.17
-102535.662   926.740     5.84   48.08
-102247.867   922.370   -15.18   51.44
-101960.058   922.560     0.66   55.17
-101672.233   917.249   -18.45   53.14
-101384.393   912.482   -16.56   53.43
-101096.537   903.237   -32.11   59.73
-100808.666   894.696   -29.67   67.40
-100520.779   890.662   -14.01   73.90
-100232.877   878.659   -41.69   74.21
 -99944.959   864.707   -48.46   68.02
 -99657.027   845.529   -66.60   75.68
 -99369.078   829.844   -54.47   90.35
 -99081.114   799.211  -106.37  105.19
 -98793.135   767.878  -108.80  103.29
 -98505.140   733.001  -121.10   81.56
 -98217.130   711.132   -75.93   54.31
 -97929.104   691.938   -66.64   46.97
 -97641.063   679.364   -43.65   46.91
 -97353.007   668.836   -36.55   44.04
 -97064.935   662.048   -23.56   39.04
 -96776.847   659.014   -10.53   31.54
 -96488.744   659.009    -0.02   25.48
 -96200.626   662.666    12.69   24.58
 -95912.492   675.795    45.56   25.97
 -95624.342   685.665    34.25   26.41
 -95336.177   695.795    35.15   25.46
 -95048.970   706.022    35.61   22.60
 -94763.986   716.045    35.17   19.41
 -94478.988   727.363    39.71   19.01
 -94193.975   737.560    35.77   22.21
 -93908.947   752.971    54.07   29.30
 -93623.906   767.499    50.97   33.00
 -93338.850   784.154    58.43   35.15
 -93053.780   796.060    41.76   35.84
 -92768.695   802.224    21.62   37.18
 -92483.597   805.266    10.67   40.02
 -92198.483   808.932    12.86   42.45
 -91913.356   813.804    17.09   44.14
 -91628.214   825.908    42.45   63.33
 -91343.058   852.261    92.41   91.42
 -91057.887   876.226    84.04  110.70
 -90772.702   913.287   129.95  129.29
 -90487.503   953.919   142.46  139.44
 -90202.290   980.677    93.82  136.80
 -89917.062   993.075    43.46  137.89
 -89631.819   986.600   -22.70  140.43
 -89346.563   974.247   -43.30  132.59
 -89061.292   956.052   -63.78  116.41
 -88776.006   947.661   -29.41   84.50
 -88490.707   947.868     0.73   70.83
 -88205.392   970.804    80.39   77.22
 -87920.064  1004.718   118.85  100.15
 -87634.721  1046.920   147.89  107.40
 -87349.364  1080.743   118.53  103.23
 -87063.992  1113.723   115.56   94.85
 -86778.606  1138.734    87.64   83.58
 -86493.206  1144.458    20.06   81.92
 -86207.791  1129.198   -53.46   97.33
 -85922.362  1096.211  -115.57  110.73
 -85636.918  1051.904  -155.22  117.74
 -85351.460  1004.266  -166.88  124.02
 -85065.988   941.537  -219.73  104.59
 -84780.501   893.454  -168.42   76.95
 -84495.000   860.769  -114.48   56.16
 -84209.484   851.296   -33.18   53.67
 -83923.954   843.357   -27.80   58.43
 -83638.410   838.964   -15.38   65.83
 -83352.851   836.710    -7.89   68.37
 -83067.278   834.729    -6.94   70.09
 -82781.690   820.316   -50.47   71.71
 -82496.088   794.513   -90.34   72.05
 -82210.472   769.718   -86.81   76.20
 -81924.841   742.826   -94.15   73.19
 -81639.195   716.552   -91.98   59.67
 -81353.536   693.235   -81.62   40.15
 -81067.861   676.221   -59.55   22.57
 -80782.173   666.623   -33.59   20.41
 -80496.469   655.651   -38.40   17.65
 -80210.752   647.299   -29.23   14.55
 -79925.020   639.940   -25.75   12.08
 -79639.273   634.323   -19.66    9.67
 -79353.512   629.287   -17.62    8.20
 -79067.737   624.988   -15.04    7.76
 -78781.947   620.757   -14.80    8.19
 -78496.143   616.287   -15.64    9.43
 -78210.324   612.084   -14.71    9.63
 -77924.491   607.951   -14.46    9.57
 -77638.643   603.844   -14.37    9.74
 -77352.781   600.239   -12.61    9.91
 -77066.904   596.259   -13.92    9.29
 -76781.013   593.560    -9.44    8.64
 -76495.108   592.117    -5.05    8.56
 -76209.188   592.021    -0.34    8.65
 -75923.253   593.921     6.64   10.14
 -75637.304   595.545     5.68   11.44
 -75351.340   598.840    11.52   15.59
 -75065.362   599.201     1.26   15.38
 -74779.370   601.433     7.80   18.37
 -74493.363   600.693    -2.59   18.66
 -74207.341   598.397    -8.03   22.69
 -73921.305   592.482   -20.68   25.83
 -73635.255   590.783    -5.94   25.91
 -73349.190   590.842     0.21   24.61
 -73063.110   587.513   -11.64   22.07
 -72777.016   584.357   -11.03   20.60
 -72490.907   588.107    13.11   22.20
 -72204.784   598.908    37.75   28.00
 -71918.646   609.045    35.42   30.26
 -71632.494   620.264    39.21   36.41
 -71346.327   625.497    18.29   35.51
 -71060.146   628.760    11.40   37.03
 -70773.950   626.927    -6.40   38.13
 -70487.740   623.087   -13.42   36.19
 -70201.515   620.522    -8.96   33.16
 -69915.276   621.382     3.00   29.54
 -69629.022   619.402    -6.92   27.81
 -69342.753   621.435     7.10   25.34
 -69056.470   617.842   -12.55   27.40
 -68770.173   608.157   -33.83   32.30
 -68483.861   590.310   -62.33   35.31
 -68197.534   568.482   -76.23   40.64
 -67911.193   543.331   -87.83   45.02
 -67624.837   525.141   -63.52   44.96
 -67338.466   512.847   -42.93   41.36
 -67052.081   510.567    -7.96   46.44
 -66765.682   517.154    23.00   58.48
 -66479.268   527.923    37.60   70.34
 -66192.839   548.825    72.97   77.37
 -65906.396   571.980    80.83   75.16
 -65619.938   586.881    52.02   66.87
 -65333.465   600.898    48.93   57.84
 -65046.978   612.726    41.28   52.28
 -64760.476   635.911    80.92   61.31
 -64473.960   666.400   106.41   82.29
 -64187.429   709.214   149.42  101.71
 -63900.884   740.743   110.03  102.48
 -63614.324   764.149    81.68   88.77
 -63327.749   759.045   -17.81   89.87
 -63041.160   748.676   -36.18   94.96
 -62754.556   729.018   -68.59   98.99
 -62467.938   705.855   -80.81   92.40
 -62181.305   680.011   -90.16   65.45
 -61894.657   666.188   -48.22   37.50
 -61607.994   677.445    39.27   57.19
 -61321.317   698.191    72.36   73.40
 -61034.626   733.240   122.25   90.54
 -60747.920   768.264   122.16  105.02
 -60461.199   803.631   123.35  103.81
 -60174.463   824.078    71.31   87.71
 -59887.713   831.779    26.85   77.67
 -59600.948   822.621   -31.93   82.67
 -59314.169   794.734   -97.24   95.04
 -59027.375   758.056  -127.89  108.07
 -58740.566   703.102  -191.60  102.02
 -58453.743   654.056  -170.99   94.49
 -58166.905   610.651  -151.32   73.03
 -57880.052   583.005   -96.37   52.06
 -57593.185   565.219   -62.00   36.20
 -57306.303   552.719   -43.57   31.03
 -57019.406   543.226   -33.09   32.79
 -56732.495   539.060   -14.52   35.38
 -56445.569   534.914   -14.45   40.89
 -56158.628   533.860    -3.67   47.72
 -55871.672   524.862   -31.35   49.92
 -55584.702   520.926   -13.72   54.24
 -55297.718   515.190   -19.99   53.43
 -55010.718   511.704   -12.15   54.72
 -54723.704   498.584   -45.71   51.19
 -54436.675   489.117   -32.98   45.50
 -54149.632   474.647   -50.41   36.30
 -53862.574   465.113   -33.21   31.05
 -53575.501   454.157   -38.16   29.10
 -53288.413   446.760   -25.77   27.85
 -53001.311   445.094    -5.80   30.36
 -52714.194   445.318     0.78   36.90
 -52427.062   451.785    22.52   43.93
 -52139.916   460.033    28.72   48.21
 -51852.754   474.259    49.54   50.69
 -51565.579   488.560    49.80   47.56
 -51278.388   499.764    39.01   41.28
 -50991.183   508.182    29.31   34.69
 -50703.963   512.468    14.92   30.06
 -50416.728   514.137     5.81   28.74
 -50129.478   513.045    -3.80   28.06
 -49842.214   510.830    -7.71   28.06
 -49554.935   504.677   -21.42   29.24
 -49267.641   498.082   -22.95   33.39
 -48980.333   487.652   -36.30   38.71
 -48693.010   471.870   -54.93   43.60
 -48405.672   449.638   -77.37   49.26
 -48118.319   424.778   -86.51   47.49
 -47830.951   402.793   -76.50   40.29
 -47543.569   385.285   -60.92   31.01
 -47256.172   374.819   -36.41   22.99
 -46968.760   369.888   -17.16   17.40
 -46681.334   372.142     7.84   20.24
 -46393.893   379.395    25.23   25.31
 -46106.436   389.349    34.63   28.35
 -45818.966   400.201    37.75   28.93
 -45531.480   406.469    21.80   26.31
 -45243.980   411.167    16.34   23.49
 -44956.464   410.529    -2.22   23.14
 -44668.934   408.293    -7.78   21.84
 -44381.390   403.466   -16.79   19.69
 -44093.830   400.529   -10.21   19.95
 -43806.256   396.726   -13.23   19.30
 -43518.667   392.155   -15.89   21.00
 -43231.063   386.316   -20.30   20.72
 -42943.444   379.514   -23.65   22.16
 -42655.810   372.258   -25.23   21.29
 -42368.162   362.975   -32.27   20.41
 -42080.499   355.865   -24.72   17.72
 -41792.821   349.906   -20.71   14.45
 -41505.128   347.928    -6.88   13.40
 -41217.420   346.883    -3.63   13.29
 -40929.698   346.825    -0.20   15.59
 -40641.960   347.847     3.55   18.34
 -40354.208   348.770     3.21   22.30
 -40066.441   348.388    -1.33   24.46
 -39778.660   344.875   -12.21   27.92
 -39490.863   340.599   -14.86   29.01
 -39203.052   331.613   -31.22   30.84
 -38915.225   321.726   -34.35   34.53
 -38627.384   306.466   -53.01   36.98
 -38339.528   293.327   -45.65   37.82
 -38051.657   277.412   -55.28   32.85
 -37763.772   265.522   -41.30   27.04
 -37475.871   253.828   -40.62   14.77
 -37187.956   248.229   -19.45    5.98
 -36900.025   245.746    -8.62    2.64
 -36612.080   245.056    -2.40    1.63
 -36324.120   245.252     0.68    2.31
 -36036.145   246.421     4.06    3.82
 -35748.155   248.739     8.05    6.79
 -35460.151   252.108    11.70   10.10
 -35172.131   258.658    22.74   17.54
 -34884.097   264.474    20.19   19.91
 -34596.048   272.810    28.94   23.68
 -34307.983   279.552    23.41   22.27
 -34019.904   285.140    19.40   21.00
 -33731.810   287.981     9.86   17.73
 -33443.702   287.329    -2.26   16.33
 -33156.827   282.417   -17.12   15.94
 -32871.788   275.229   -25.22   17.11
 -32586.735   266.416   -30.92   16.38
 -32301.668   259.145   -25.51   15.78
 -32016.588   251.014   -28.52   15.19
 -31731.494   242.893   -28.48   17.04
 -31446.386   233.348   -33.48   17.78
 -31161.265   225.622   -27.10   17.07
 -30876.129   219.848   -20.25   14.62
 -30590.980   216.935   -10.21   12.38
 -30305.817   216.492    -1.55   11.04
 -30020.641   217.017     1.84   10.82
 -29735.451   220.169    11.05    9.77
 -29450.246   222.955     9.77    7.04
 -29165.029   225.120     7.59    4.91
 -28879.797   225.729     2.13    5.23
 -28594.551   226.752     3.59    5.61
 -28309.292   227.996     4.36    5.86
 -28024.019   229.474     5.18    5.57
 -27738.732   230.726     4.39    5.32
 -27453.432   232.340     5.66    4.96
 -27168.118   233.908     5.50    5.34
 -26882.789   235.630     6.03    5.41
 -26597.447   237.545     6.71    6.29
 -26312.092   238.940     4.89    7.22
 -26026.722   238.988     0.17   13.37
 -25741.339   236.537    -8.59   18.41
 -25455.942   233.689    -9.98   20.84
 -25170.531   229.025   -16.34   23.21
 -24885.106   223.785   -18.36   24.24
 -24599.667   217.771   -21.07   24.05
 -24314.215   214.875   -10.14   21.88
 -24028.749   212.412    -8.63   20.38
 -23743.269   212.883     1.65   19.88
 -23457.775   211.098    -6.25   22.05
 -23172.267   213.018     6.72   22.80
 -22886.746   214.743     6.04   23.76
 -22601.210   217.017     7.97   24.29
 -22315.661   215.183    -6.42   26.80
 -22030.098   214.352    -2.91   28.08
 -21744.522   212.635    -6.01   28.58
 -21458.931   209.396   -11.34   28.26
 -21173.326   205.711   -12.90   28.47
 -20887.708   200.757   -17.34   28.34
 -20602.076   200.470    -1.01   29.67
 -20316.430   199.412    -3.70   33.63
 -20030.770   202.194     9.74   40.79
 -19745.096   209.427    25.32   50.43
 -19459.409   218.757    32.66   58.43
 -19173.707   229.326    36.99   60.58
 -18887.992   242.370    45.66   60.69
 -18602.263   256.845    50.66   57.71
 -18316.520   271.545    51.44   49.47
 -18030.763   286.079    50.86   38.87
 -17744.992   294.942    31.01   34.57
 -17459.207   305.835    38.12   31.20
 -17173.409   317.575    41.08   28.11
 -16887.596   331.409    48.40   27.70
 -16601.770   342.037    37.18   30.15
 -16315.930   351.199    32.05   31.19
 -16030.076   360.114    31.19   34.79
 -15744.208   368.447    29.15   41.42
 -15458.326   378.522    35.24   49.05
 -15172.430   384.492    20.88   55.78
 -14886.520   393.325    30.90   59.21
 -14600.597   400.711    25.83   60.30
 -14314.659   411.552    37.91   55.44
 -14028.708   421.119    33.46   50.58
 -13742.743   431.375    35.86   42.30
 -13456.764   439.515    28.46   33.29
 -13170.771   444.661    17.99   24.67
 -12884.764   443.951    -2.48   21.97
 -12598.743   440.691   -11.40   25.40
 -12312.708   430.079   -37.10   32.88
 -12026.659   414.926   -52.97   37.73
 -11740.597   396.413   -64.72   35.55
 -11454.520   381.079   -53.60   30.52
 -11168.429   368.122   -45.29   25.40
 -10882.325   362.131   -20.94   22.49
 -10596.207   357.746   -15.33   24.44
 -10310.074   358.813     3.73   31.22
 -10023.928   360.506     5.91   35.14
  -9737.768   363.311     9.81   38.03
  -9451.594   365.162     6.47   35.78
  -9165.406   363.342    -6.36   33.33
  -8879.204   358.388   -17.31   28.72
  -8592.988   349.134   -32.33   25.01
  -8306.758   339.870   -32.37   23.10
  -8020.514   329.093   -37.65   21.93
  -7734.256   319.252   -34.38   19.35
  -7447.984   310.438   -30.79   17.23
  -7161.698   301.483   -31.28   15.19
  -6875.398   293.514   -27.84   13.99
  -6589.085   284.903   -30.07   14.11
  -6302.757   275.375   -33.28   16.76
  -6016.415   265.567   -34.25   19.21
  -5730.060   254.998   -36.91   21.58
  -5443.690   244.499   -36.66   21.55
  -5157.306   233.660   -37.85   20.31
  -4870.909   222.943   -37.42   17.69
  -4584.497   212.802   -35.41   17.48
  -4298.072   202.003   -37.70   20.73
  -4011.632   187.439   -50.85   29.83
  -3725.179   171.327   -56.25   33.62
  -3438.711   154.668   -58.15   34.57
  -3152.229   138.860   -55.18   30.01
  -2865.734   125.429   -46.88   25.31
  -2579.224   112.860   -43.87   17.73
  -2292.701   104.029   -30.82   15.07
  -2006.163    93.247   -37.63   19.98
  -1719.612    79.896   -46.59   27.64
  -1433.046    65.298   -50.94   35.10
  -1146.466    48.338   -59.18   37.86
   -859.873    32.675   -54.65   35.64
   -573.265    18.011   -51.17   26.46
   -286.643     9.762   -28.78   15.43
     -0.008     8.545    -4.25   12.28
    286.642    15.912    25.70   23.66
    573.306    31.382    53.97   36.01
    859.984    48.091    58.29   40.53
   1146.676    67.359    67.21   40.17
   1433.381    83.458    56.15   34.24
   1720.101    98.596    52.80   25.54
   2006.835   110.692    42.18   13.31
   2293.583   116.701    20.96    9.14
   2580.345   120.248    12.37    7.74
   2867.122   123.725    12.13    6.33
   3153.912   126.214     8.68    5.31
   3440.716   128.806     9.04    4.27
   3727.534   130.582     6.19    4.54
   4014.367   132.285     5.94    5.24
   4301.213   134.244     6.83    6.02
   4588.074   136.795     8.89    6.86
   4874.948   139.830    10.58    7.50
   5161.837   143.756    13.68    8.26
   5448.740   148.171    15.39    8.75
   5735.656   153.310    17.91    9.31
   6022.587   158.678    18.71   10.04
   6309.532   164.867    21.57   10.96
   6596.491   171.871    24.40   13.22
   6883.465   180.343    29.52   16.76
   7170.452   192.166    41.20   24.49
   7457.453   206.983    51.63   32.87
   7744.469   225.720    65.28   39.07
   8031.498   246.529    72.50   42.37
   8318.542   268.452    76.38   43.39
   8605.599   291.815    81.39   44.29
   8892.671   318.868    94.24   48.60
   9179.757   350.244   109.29   63.89
   9466.857   392.437   146.96   84.76
   9753.972   434.026   144.85   89.92
  10041.100   465.491   109.58   79.83
  10328.242   485.704    70.39   62.25
  10615.399   493.029    25.51   51.34
  10902.569   492.696    -1.16   53.55
  11189.754   485.781   -24.08   56.93
  11476.953   474.454   -39.44   64.07
  11764.166   470.793   -12.75   75.14
  12051.393   456.845   -48.56   85.62
  12338.635   443.060   -47.99   87.20
  12625.890   432.229   -37.71   83.30
  12913.160   422.201   -34.91   77.12
  13200.444   402.166   -69.74   62.19
  13487.742   386.890   -53.17   52.78
  13775.054   376.112   -37.52   45.96
  14062.380   370.598   -19.19   32.78
  14349.720   373.847    11.31   28.89
  14637.075   384.681    37.70   44.12
  14924.443   400.800    56.09   51.69
  15211.826   421.221    71.06   57.53
  15499.223   445.329    83.88   57.22
  15786.634   470.976    89.24   56.05
  16074.060   491.475    71.32   53.42
  16361.499   501.928    36.37   49.34
  16648.953   511.814    34.39   50.44
  16936.421   522.056    35.63   53.59
  17223.903   540.757    65.05   61.03
  17511.399   556.972    56.40   66.55
  17798.910   571.492    50.50   66.38
  18086.434   587.445    55.48   67.87
  18373.973   605.827    63.93   65.23
  18661.526   624.198    63.89   64.63
  18949.093   642.888    64.99   64.26
  19236.675   656.483    47.27   65.78
  19524.271   678.515    76.61   68.41
  19811.880   696.849    63.75   68.18
  20099.504   713.007    56.18   75.34
  20387.143   728.622    54.29   82.19
  20674.795   744.996    56.92   85.77
  20962.462   755.489    36.48   77.76
  21250.143   764.289    30.59   66.87
  21537.838   772.396    28.18   55.86
  21825.547   786.416    48.73   47.80
  22113.271   797.766    39.45   43.65
  22401.009   800.961    11.10   42.15
  22688.761   788.812   -42.22   50.82
  22976.527   770.148   -64.86   54.85
  23264.307   766.830   -11.53   52.48
  23552.102   754.145   -44.08   54.19
  23839.911   725.694   -98.85   71.47
  24127.734   683.459  -146.74   95.18
  24415.572   639.052  -154.28  111.34
  24703.423   599.420  -137.68  118.78
  24991.289   561.219  -132.71  109.16
  25279.170   530.211  -107.71   90.65
  25567.064   512.063   -63.04   68.46
  25854.973   513.920     6.45   74.65
  26142.896   542.545    99.42  114.19
  26430.833   576.393   117.56  137.01
  26718.785   613.702   129.57  143.09
  27006.751   633.127    67.45  134.72
  27294.731   644.745    40.34  121.86
  27582.725   656.454    40.66  110.36
  27870.734   673.203    58.16   93.67
  28158.757   675.089     6.55   73.47
  28446.794   671.359   -12.95   58.26
  28733.382   663.300   -28.12   47.61
  29018.488   655.459   -27.50   50.84
  29303.606   636.826   -65.35   49.80
  29588.738   618.669   -63.68   40.89
  29873.883   609.302   -32.85   32.68
  30159.040   596.397   -45.25   32.93
  30444.212   576.574   -69.51   42.60
  30729.396   553.396   -81.27   55.08
  31014.593   528.328   -87.90   66.52
  31299.804   501.412   -94.37   72.77
  31585.028   468.259  -116.24   65.39
  31870.265   440.420   -97.60   48.86
  32155.515   417.078   -81.83   33.05
  32440.778   401.689   -53.95   22.70
  32726.055   391.560   -35.51   15.51
  33011.345   384.643   -24.24   11.75
  33296.648   379.166   -19.20    8.92
  33581.964   375.923   -11.36    7.60
  33867.293   373.507    -8.47    7.62
  34152.636   373.181    -1.14    7.43
  34437.991   373.928     2.62    7.67
  34723.360   375.132     4.22    7.80
  35008.742   377.229     7.35    6.88
  35294.138   378.986     6.16    5.81
  35579.546   379.201     0.75    5.80
  35864.968   379.405     0.71    6.19
  36150.403   378.263    -4.00    7.83
  36435.851   377.091    -4.10    8.29
  36721.312   373.352   -13.10   11.84
  37006.787   370.185   -11.09   12.38
  37292.275   365.026   -18.07   15.03
  37577.776   359.459   -19.50   17.47
  37863.290   353.248   -21.75   18.66
  38148.818   346.522   -23.56   18.25
  38434.359   339.149   -25.82   16.86
  38719.913   332.351   -23.81   14.33
  39005.480   325.982   -22.30   10.88
  39291.060   320.847   -17.98    8.31
  39576.654   316.752   -14.34    9.74
  39862.261   312.382   -15.30   10.86
  40147.881   307.166   -18.26   11.70
  40433.515   301.652   -19.30   12.36
  40719.161   295.112   -22.90   12.57
  41004.821   289.252   -20.51   10.78
  41290.495   282.597   -23.30   10.55
  41576.181   277.375   -18.28   10.91
  41861.881   270.545   -23.91   13.09
  42147.594   263.329   -25.25   16.21
  42433.320   252.582   -37.61   22.02
  42719.060   241.498   -38.79   24.95
  43004.812   229.838   -40.81   24.10
  43290.578   220.834   -31.51   20.38
  43576.358   212.403   -29.50   17.66
  43862.150   206.006   -22.38   15.99
  44147.956   198.226   -27.22   18.64
  44433.776   191.983   -21.84   20.67
  44719.608   184.718   -25.42   22.39
  45005.454   176.522   -28.67   21.24
  45291.313   168.041   -29.67   19.52
  45577.185   161.560   -22.67   16.64
  45863.071   154.946   -23.14   16.25
  46148.970   151.483   -12.11   14.56
  46434.882   150.778    -2.47   14.20
  46720.807   152.690     6.69   15.56
  47006.746   157.000    15.07   17.79
  47292.698   161.858    16.99   18.93
  47578.664   167.853    20.97   18.93
  47864.642   173.483    19.69   18.96
  48150.634   176.239     9.64   21.44
  48436.640   176.384     0.51   23.63
  48722.659   173.590    -9.77   25.72
  49008.690   171.125    -8.62   25.75
  49294.736   164.819   -22.04   24.74
  49580.794   159.140   -19.85   21.94
  49866.866   153.711   -18.98   18.71
  50152.952   150.026   -12.88   16.69
  50439.050   146.687   -11.67   15.47
  50725.162   143.026   -12.80   14.26
  51011.288   139.129   -13.62   12.26
  51297.426   136.755    -8.30   10.51
  51583.578   134.056    -9.43    7.48
  51869.743   132.394    -5.81    4.86
  52155.922   131.168    -4.29    2.04
  52442.114   130.936    -0.81    1.26
  52728.319   131.037     0.35    1.32
  53014.538   131.875     2.93    2.78
  53300.770   135.107    11.29    7.75
  53587.015   140.813    19.93   14.22
  53873.274   150.701    34.54   21.76
  54159.546   161.759    38.63   27.52
  54445.832   179.068    60.46   33.81
  54732.131   196.485    60.84   35.89
  55018.443   215.186    65.32   35.19
  55304.768   234.060    65.92   32.88
  55591.107   250.743    58.27   29.50
  55877.460   265.767    52.47   25.56
  56163.825   278.180    43.35   21.61
  56450.204   288.545    36.19   20.85
  56736.597   299.483    38.19   17.87
  57023.003   308.635    31.96   17.50
  57309.422   318.102    33.05   15.54
  57595.854   325.936    27.35   14.80
  57882.300   334.591    30.22   14.37
  58168.760   342.770    28.55   15.14
  58455.233   350.522    27.06   15.13
  58741.719   358.101    26.46   14.83
  59028.218   365.758    26.73   14.66
  59314.731   373.358    26.53   13.80
  59601.258   381.002    26.68   13.23
  59887.798   387.885    24.02   13.09
  60174.351   395.335    26.00   13.17
  60460.917   402.333    24.42   13.04
  60747.497   409.506    25.03   12.38
  61034.091   415.117    19.58   11.55
  61320.698   420.701    19.48   10.09
  61607.318   424.953    14.84    8.33
  61893.952   428.745    13.23    7.62
  62180.599   431.863    10.88    8.19
  62467.259   434.692     9.87    8.79
  62753.933   437.171     8.65    9.89
  63040.621   439.789     9.13   10.35
  63327.322   441.492     5.94   10.74
  63614.036   442.674     4.12   10.91
  63900.764   443.627     3.32   12.06
  64187.505   444.752     3.92   12.50
  64474.259   445.605     2.97   13.78
  64761.027   447.087     5.17   14.36
  65047.809   448.041     3.33   15.44
  65334.604   449.052     3.53   15.12
  65621.412   448.019    -3.60   16.72
  65908.234   446.598    -4.95   16.81
  66195.069   444.130    -8.61   16.86
  66481.918   440.605   -12.29   16.06
  66768.780   436.974   -12.66   16.35
  67055.656   432.400   -15.95   15.71
  67342.545   427.910   -15.65   15.72
  67629.448   425.912    -6.97   14.92
  67916.364   426.485     2.00   15.36
  68203.294   427.670     4.13   15.30
  68490.237   430.304     9.18   14.78
  68777.193   433.260    10.30   14.54
  69064.163   439.642    22.24   15.14
  69351.147   444.969    18.56   16.64
  69638.144   451.665    23.33   17.46
  69925.154   458.285    23.07   18.00
  70212.178   465.726    25.93   17.57
  70499.216   474.627    31.01   14.93
  70786.267   480.665    21.03   11.54
  71073.331   483.408     9.56   10.12
  71360.409   483.658     0.87   11.44
  71647.501   482.407    -4.36   12.61
  71934.606   480.355    -7.15   12.79
  72221.724   477.823    -8.82   11.29
  72508.856   476.622    -4.18    9.14
  72796.002   476.783     0.56    9.02
  73083.161   479.237     8.54    9.97
  73370.333   482.056     9.82   11.21
  73657.519   486.331    14.89   11.14
  73944.719   491.060    16.47   11.13
  74231.932   495.484    15.40    9.97
  74519.159   497.819     8.13    8.32
  74806.399   499.814     6.95    6.41
  75093.652   499.967     0.53    5.44
  75380.920   498.660    -4.55    5.90
  75668.200   496.740    -6.68    6.07
  75955.495   494.722    -7.03    5.36
  76242.803   492.648    -7.22    5.71
  76530.124   490.252    -8.34    7.20
  76817.459   486.709   -12.33    9.15
  77104.807   481.743   -17.28   11.16
  77392.169   477.219   -15.75   11.85
  77679.545   472.242   -17.32   11.47
  77966.934   466.758   -19.08   10.81
  78254.337   462.037   -16.43    8.68
  78541.753   458.465   -12.43    7.78
  78829.183   455.172   -11.45    7.54
  79116.626   451.070   -14.27    8.96
  79404.083   447.045   -14.00    9.04
  79691.554   443.182   -13.44    9.77
  79979.038   438.952   -14.71   10.48
  80266.536   433.740   -18.13   10.40
  80554.047   427.995   -19.98   10.69
  80841.572   422.575   -18.85   11.12
  81129.110   417.010   -19.35   10.91
  81416.662   411.161   -20.34   10.53
  81704.228   405.667   -19.11    9.95
  81991.807   399.108   -22.81   10.43
  82279.399   392.684   -22.34   11.98
  82567.006   385.115   -26.32   14.56
  82854.626   377.120   -27.80   14.94
  83142.259   369.709   -25.77   14.32
  83429.906   361.613   -28.14   14.22
  83717.567   352.589   -31.37   15.08
  84005.242   344.855   -26.89   15.32
  84292.929   336.233   -29.97   16.03
  84580.631   327.793   -29.34   16.52
  84868.346   318.251   -33.16   15.82
  85156.075   309.484   -30.47   15.02
  85443.817   300.774   -30.27   14.91
  85731.573   292.567   -28.52   15.48
  86019.343   283.810   -30.43   15.32
  86307.126   275.045   -30.46   14.32
  86594.923   267.992   -24.50   13.16
  86882.734   260.779   -25.06   11.58
  87170.558   254.635   -21.35    9.83
  87458.396   249.725   -17.06    8.21
  87746.247   245.622   -14.26    7.22
  88034.112   242.216   -11.83    6.11
  88321.991   239.227   -10.38    5.16
  88609.883   237.071    -7.49    4.29
  88897.789   235.109    -6.81    3.80
  89185.709   233.670    -5.00    3.51
  89473.642   232.166    -5.22    3.43
  89761.589   230.574    -5.53    3.58
  90049.550   229.188    -4.81    3.58
  90337.524   227.693    -5.19    3.51
  90623.837   225.629    -7.21    4.08
  90908.997   223.627    -7.02    4.23
  91194.170   222.022    -5.63    4.39
  91479.356   220.868    -4.05    4.52
  91764.554   220.083    -2.75    4.38
  92049.764   219.116    -3.39    4.05
  92334.988   218.620    -1.74    3.82
  92620.223   218.313    -1.07    3.60
  92905.472   217.666    -2.27    3.36
  93190.733   216.742    -3.24    3.27
  93476.006   215.913    -2.90    3.16
  93761.292   214.991    -3.23    2.89
  94046.591   214.134    -3.00    2.37
  94331.902   213.459    -2.37    1.85
  94617.226   212.982    -1.67    1.45
  94902.562   212.691    -1.02    1.21
  95187.911   212.296    -1.38    1.22
  95473.272   211.922    -1.31    1.25
  95758.647   211.604    -1.11    1.33
  96044.033   211.291    -1.10    1.48
  96329.433   210.806    -1.70    1.69
  96614.844   210.338    -1.64    1.84
  96900.269   210.102    -0.83    1.85
  97185.706   209.945    -0.55    1.87
