-155259.778  1216.262     0.00   85.86
-154973.007  1185.875  -105.97   93.48
-154686.251  1171.151   -51.35   96.26
-154399.510  1159.895   -39.26   94.70
-154112.785  1146.051   -48.29   86.99
-153826.075  1127.614   -64.31   82.46
-153539.380  1119.593   -27.98   82.08
-153252.701  1109.549   -35.04   84.20
-152966.037  1106.866    -9.36   89.49
-152679.389  1095.015   -41.34   84.83
-152392.755  1086.102   -31.10   82.98
-152106.138  1087.465     4.76   90.15
-151819.535  1073.629   -48.28   90.94
-151532.948  1062.450   -39.01   89.82
-151246.376  1041.929   -71.62   86.47
-150959.819  1023.995   -62.59   80.86
-150673.278  1012.334   -40.70   77.01
-150386.752   996.986   -53.57   77.21
-150100.242   991.181   -20.26   83.58
-149813.746   984.450   -23.50   87.83
-149527.266   984.311    -0.49   96.52
-149240.802   981.002   -11.55   99.83
-148954.352   987.817    23.79  104.14
-148667.918   987.986     0.59  104.21
-148381.500   984.574   -11.91  107.26
-148095.096   995.868    39.44  119.96
-147808.708   992.843   -10.56  122.14
-147522.335   995.894    10.65  125.63
-147235.978   983.422   -43.56  121.40
-146949.635   975.255   -28.53  117.26
-146663.308   959.916   -53.58  115.00
-146376.997   942.544   -60.68  112.76
-146090.700   932.739   -34.25  111.75
-145804.419   907.765   -87.24   94.92
-145518.153   893.801   -48.78   95.38
-145231.902   872.866   -73.14   80.18
-144945.667   869.488   -11.80   75.86
-144659.447   885.427    55.69   98.90
-144373.242   917.942   113.62  131.07
-144087.052   954.212   126.74  142.03
-143800.878  1008.314   189.07  138.85
-143514.719  1067.747   207.70  120.69
-143228.575  1109.574   146.18  102.37
-142942.446  1136.325    93.50   93.33
-142656.333  1148.220    41.57   90.97
-142370.235  1153.526    18.55   88.97
-142084.152  1145.319   -28.69   99.49
-141798.084  1149.070    13.12  105.51
-141512.032  1170.189    73.83  111.34
-141225.994  1194.464    84.87  107.83
-140939.972  1219.105    86.16   96.31
-140653.965  1230.916    41.30   93.76
-140367.974  1247.356    57.49   97.68
-140081.997  1256.090    30.54  110.31
-139796.036  1234.867   -74.22  125.99
-139510.090  1202.143  -114.45  135.21
-139224.159  1167.817  -120.06  128.16
-138938.244  1132.391  -123.91  111.47
-138652.343  1120.354   -42.10  109.57
-138366.458  1103.267   -59.77   94.23
-138080.588  1129.981    93.45  120.86
-137794.734  1168.962   136.38  150.05
-137508.894  1218.573   173.57  154.86
-137223.069  1259.464   143.07  135.16
-136937.260  1290.208   107.58  113.45
-136651.466  1294.082    13.56  106.12
-136365.687  1296.073     6.97  113.72
-136079.923  1268.654   -95.96  137.17
-135794.175  1231.426  -130.29  152.88
-135508.441  1182.960  -169.63  146.24
-135222.723  1149.142  -118.37  148.78
-134937.020  1114.081  -122.72  149.93
-134651.332  1098.816   -53.44  155.83
-134365.659  1085.466   -46.73  156.25
-134080.002  1085.962     1.73  167.91
-133794.359  1088.779     9.86  164.25
-133508.732  1066.990   -76.29  167.70
-133223.120  1059.255   -27.08  173.07
-132937.523  1034.613   -86.29  187.15
-132651.941  1002.886  -111.10  190.89
-132366.374   975.952   -94.32  178.21
-132080.822   941.791  -119.64  164.72
-131795.286   926.105   -54.94  150.41
-131509.764   900.899   -88.29  143.15
-131224.258   874.984   -90.77  129.56
-130938.767   841.779  -116.31  121.29
-130653.291   807.428  -120.34  106.20
-130367.830   777.422  -105.12   97.40
-130082.384   737.299  -140.57   85.17
-129796.953   697.417  -139.73   65.28
-129511.538   656.125  -144.68   68.82
-129226.137   620.181  -125.95   77.92
-128940.752   584.613  -124.64   75.48
-128655.381   566.090   -64.91   67.43
-128370.026   564.018    -7.26   70.78
-128084.686   585.877    76.61  100.47
-127799.361   632.966   165.05  131.38
-127514.051   704.708   251.46  150.05
-127228.756   771.677   234.75  141.51
-126943.476   822.153   176.94  116.30
-126658.211   844.886    79.70  100.25
-126372.962   845.797     3.19   99.88
-126087.727   848.900    10.88  100.16
-125802.507   861.669    44.77  116.35
-125517.303   841.738   -69.89  127.90
-125232.113   804.349  -131.11  136.98
-124946.939   753.542  -178.17  150.53
-124661.780   722.016  -110.56  157.15
-124376.635   691.122  -108.35  147.48
-124091.506   681.662   -33.18  131.09
-123806.392   684.542    10.10  129.95
-123521.293   725.254   142.81  166.32
-123236.209   797.499   253.43  192.97
-122951.140   887.084   314.27  184.45
-122666.086   963.632   268.55  162.97
-122381.047  1035.165   250.97  140.90
-122096.023  1092.231   200.23  122.18
-121811.014  1122.380   105.79  104.68
-121526.020  1144.605    77.99  103.54
-121241.041  1148.754    14.56  110.34
-120956.077  1133.938   -52.00  127.82
-120671.128  1089.220  -156.94  133.70
-120385.342  1031.103  -203.37  117.52
-120097.043   983.369  -165.58  108.94
-119808.760   935.391  -166.44  101.30
-119520.494   896.052  -136.47   97.74
-119232.244   881.553   -50.30  105.14
-118944.010   870.418   -38.63  121.09
-118655.792   862.189   -28.55  135.62
-118367.591   835.589   -92.30  143.95
-118079.406   824.266   -39.29  148.62
-117791.236   796.200   -97.40  151.12
-117503.084   762.796  -115.93  146.69
-117214.947   721.693  -142.66  126.43
-116926.826   683.462  -132.70   99.35
-116638.722   663.257   -70.13   81.72
-116350.634   648.328   -51.82   62.69
-116062.562   638.946   -32.57   51.97
-115774.506   639.777     2.88   47.38
-115486.466   642.732    10.26   39.10
-115198.443   641.080    -5.74   32.38
-114910.436   634.255   -23.70   31.24
-114622.445   625.346   -30.94   31.60
-114334.470   618.303   -24.46   31.64
-114046.511   617.063    -4.31   40.09
-113758.568   614.181   -10.01   54.41
-113470.642   610.832   -11.63   67.97
-113182.731   604.034   -23.61   83.93
-112894.837   589.738   -49.66   91.32
-112606.959   572.835   -58.72   90.31
-112319.097   554.456   -63.85   73.18
-112031.251   539.509   -51.93   55.99
-111743.422   523.795   -54.60   47.17
-111455.608   510.814   -45.11   52.17
-111167.811   507.430   -11.76   49.76
-110880.029   499.771   -26.62   46.82
-110592.264   490.633   -31.76   43.33
-110304.515   484.232   -22.24   37.03
-110016.782   478.809   -18.85   32.49
-109729.065   475.899   -10.11   29.75
-109441.365   473.091    -9.76   27.89
-109153.680   466.303   -23.59   25.30
-108866.012   462.881   -11.90   25.37
-108578.359   459.785   -10.77   25.45
-108290.723   456.999    -9.69   27.03
-108003.102   459.606     9.06   30.92
-107715.498   466.077    22.50   40.80
-107427.910   473.692    26.48   57.48
-107140.338   484.544    37.74   76.97
-106852.782   507.313    79.19  114.59
-106565.242   522.013    51.12  132.24
-106277.719   536.748    51.25  138.24
-105990.211   550.362    47.35  139.56
-105702.719   579.452   101.19  148.30
-105415.243   609.351   104.01  156.14
-105127.784   632.177    79.41  164.08
-104840.340   673.240   142.86  175.38
-104552.913   735.596   216.96  173.33
-104265.502   778.120   147.96  165.73
-103978.106   803.502    88.32  148.89
-103690.727   810.821    25.47  123.36
-103403.364   814.283    12.05   99.39
-103116.016   812.740    -5.37   86.16
-102828.685   803.112   -33.51   85.99
-102541.370   790.097   -45.30   94.82
-102254.071   768.493   -75.20   95.31
-101966.787   759.956   -29.72   89.41
-101679.520   766.636    23.26   94.65
-101392.269   790.036    81.46  104.71
-101105.034   809.314    67.12  105.42
-100817.815   832.677    81.34   97.02
-100530.612   850.933    63.57   87.21
-100243.425   860.870    34.60   88.47
 -99956.254   837.059   -82.92  109.16
 -99669.098   806.732  -105.62  119.63
 -99381.959   762.756  -153.16  120.75
 -99094.836   732.599  -105.03  108.45
 -98807.729   703.819  -100.25   84.32
 -98520.638   703.026    -2.76   78.31
 -98233.563   698.450   -15.94   71.24
 -97946.503   718.460    69.71   91.02
 -97659.460   740.322    76.17   96.83
 -97372.433   762.486    77.22  100.24
 -97085.421   770.450    27.75   98.16
 -96798.426   778.362    27.57   91.85
 -96511.447   782.380    14.00   81.18
 -96224.483   783.740     4.74   67.90
 -95937.536   793.741    34.86   72.35
 -95650.604   815.506    75.86   86.21
 -95363.688   844.716   101.81   93.63
 -95076.789   874.822   104.94   93.29
 -94789.905   903.829   101.11   84.20
 -94503.037   913.503    33.72   74.64
 -94216.185   900.623   -44.90   84.50
 -93929.349   878.161   -78.32  110.03
 -93642.529   832.403  -159.54  131.87
 -93355.725   787.081  -158.03  138.64
 -93068.937   728.684  -203.63  133.51
 -92782.165   676.016  -183.67  138.45
 -92495.408   631.523  -155.17  139.23
 -92208.668   583.016  -169.17  127.66
 -91921.943   544.974  -132.68  107.83
 -91635.235   509.849  -122.52   66.09
 -91348.542   493.916   -55.58   39.19
 -91061.865   488.252   -19.76   29.56
 -90775.204   490.661     8.40   30.19
 -90488.559   495.966    18.51   33.62
 -90201.930   504.708    30.50   36.05
 -89915.317   514.433    33.93   36.79
 -89628.719   530.305    55.38   34.02
 -89342.138   546.553    56.70   29.64
 -89055.572   561.181    51.05   27.89
 -88769.022   575.905    51.39   32.72
 -88482.489   592.488    57.88   38.63
 -88195.971   608.280    55.12   45.43
 -87909.468   626.437    63.38   49.41
 -87622.982   647.446    73.34   56.49
 -87336.512   671.013    82.27   59.31
 -87050.057   692.062    73.48   61.70
 -86763.618   702.060    34.91   56.70
 -86477.195   716.174    49.28   53.56
 -86190.788   731.299    52.81   54.33
 -85904.397   755.442    84.31   56.74
 -85618.022   779.452    83.84   60.56
 -85331.662   802.620    80.91   70.59
 -85045.318   824.444    76.22   77.27
 -84758.990   848.200    82.97   80.69
 -84472.678   872.645    85.38   77.09
 -84186.382   894.549    76.51   65.96
 -83900.101   907.089    43.80   58.31
 -83613.837   911.153    14.20   53.43
 -83327.588   897.918   -46.24   62.60
 -83041.355   884.786   -45.88   67.39
 -82755.138   866.327   -64.49   63.42
 -82468.936   856.344   -34.88   58.84
 -82182.751   855.192    -4.02   61.69
 -81896.581   872.125    59.17   77.38
 -81610.427   896.945    86.74   87.40
 -81324.289   933.876   129.07   83.89
 -81038.166   960.551    93.23   83.71
 -80752.059   981.677    73.84   83.87
 -80465.968  1009.484    97.20   84.29
 -80179.893  1034.328    86.85   77.09
 -79893.834  1047.862    47.31   64.97
 -79607.790  1034.604   -46.35   82.68
 -79321.763  1002.200  -113.29  111.90
 -79035.751   957.256  -157.15  129.44
 -78749.754   912.770  -155.55  129.41
 -78463.774   864.257  -169.64  115.18
 -78177.809   818.974  -158.36   83.27
 -77891.860   783.161  -125.25   45.63
 -77605.927   763.438   -68.98   34.05
 -77320.009   752.429   -38.51   35.22
 -77034.107   745.208   -25.26   38.99
 -76748.221   741.254   -13.83   39.35
 -76462.351   737.161   -14.32   39.94
 -76176.496   733.057   -14.35   44.62
 -75890.657   728.577   -15.67   47.68
 -75604.834   721.628   -24.31   50.88
 -75319.027   717.509   -14.41   53.53
 -75033.235   711.994   -19.30   51.34
 -74747.459   717.049    17.69   51.79
 -74461.699   722.196    18.01   49.83
 -74175.954   731.137    31.29   38.51
 -73890.225   735.263    14.44   33.18
 -73604.512   733.806    -5.10   29.03
 -73318.815   731.354    -8.58   31.89
 -73033.133   731.018    -1.18   32.76
 -72747.467   731.402     1.34   31.24
 -72461.816   729.406    -6.99   29.53
 -72176.182   729.456     0.18   27.27
 -71890.563   729.435    -0.07   26.41
 -71604.959   727.184    -7.88   25.36
 -71319.372   720.192   -24.48   27.57
 -71033.800   711.854   -29.20   27.31
 -70748.243   701.200   -37.31   26.59
 -70462.703   692.442   -30.67   29.89
 -70177.178   681.489   -38.36   34.77
 -69891.668   669.862   -40.73   40.36
 -69606.175   656.746   -45.94   44.49
 -69320.697   642.700   -49.20   44.95
 -69035.234   624.157   -64.96   42.31
 -68749.788   606.964   -60.23   42.83
 -68464.357   589.551   -61.01   36.72
 -68178.941   575.396   -49.60   27.40
 -67893.541   569.628   -20.21   21.04
 -67608.157   567.506    -7.43   22.97
 -67322.789   570.812    11.58   29.64
 -67037.436   572.220     4.93   39.64
 -66752.099   573.692     5.16   46.86
 -66466.777   568.580   -17.92   53.10
 -66181.471   560.349   -28.85   56.50
 -65896.181   547.308   -45.71   55.33
 -65610.906   533.338   -48.97   48.21
 -65325.647   520.561   -44.79   40.29
 -65040.403   507.684   -45.14   32.69
 -64755.175   502.364   -18.65   32.44
 -64469.963   493.491   -31.11   30.62
 -64184.766   487.327   -21.61   29.41
 -63899.585   480.881   -22.60   28.97
 -63614.419   476.260   -16.21   30.69
 -63329.269   475.519    -2.60   36.30
 -63044.135   470.894   -16.22   41.21
 -62759.016   471.922     3.60   47.33
 -62473.913   467.434   -15.74   50.03
 -62188.825   470.433    10.52   54.90
 -61903.753   469.499    -3.28   58.70
 -61618.697   470.073     2.02   61.62
 -61333.656   472.545     8.67   62.25
 -61048.631   477.843    18.59   61.52
 -60763.621   484.645    23.87   59.87
 -60478.627   488.500    13.53   54.78
 -60193.648   491.079     9.05   45.95
 -59908.685   482.377   -30.54   46.16
 -59623.737   475.128   -25.44   45.49
 -59338.805   457.359   -62.36   52.95
 -59053.889   435.764   -75.80   64.40
 -58768.988   405.684  -105.58   74.58
 -58482.898   384.793   -73.02   74.65
 -58194.538   359.012   -89.41   64.54
 -57906.195   349.405   -33.32   53.80
 -57617.869   344.999   -15.28   45.52
 -57329.560   352.148    24.80   48.88
 -57041.267   366.929    51.27   53.10
 -56752.992   387.556    71.55   48.24
 -56464.733   409.020    74.46   44.26
 -56176.490   427.181    63.01   41.76
 -55888.265   443.539    56.76   42.43
 -55600.056   461.106    60.96   44.69
 -55311.864   475.669    50.53   43.78
 -55023.689   486.964    39.20   41.43
 -54735.530   501.220    49.47   40.81
 -54447.388   515.458    49.42   38.48
 -54159.263   533.764    63.53   36.79
 -53871.155   545.380    40.32   35.22
 -53583.063   553.507    28.21   29.85
 -53294.988   554.778     4.41   25.67
 -53006.930   553.970    -2.80   27.98
 -52718.888   544.913   -31.44   40.76
 -52430.863   528.716   -56.24   53.18
 -52142.855   514.836   -48.19   59.32
 -51854.864   496.443   -63.87   64.77
 -51566.889   481.232   -52.82   66.13
 -51278.931   462.964   -63.44   62.26
 -50990.989   447.647   -53.20   57.90
 -50703.065   432.277   -53.38   51.28
 -50415.157   414.324   -62.36   51.06
 -50127.265   396.569   -61.67   54.67
 -49839.391   380.036   -57.43   56.13
 -49551.533   361.966   -62.78   59.09
 -49263.691   344.192   -61.75   62.33
 -48975.867   322.116   -76.70   63.27
 -48688.059   304.817   -60.11   62.45
 -48400.267   286.394   -64.02   56.61
 -48112.493   271.208   -52.77   46.38
 -47824.735   260.396   -37.58   35.91
 -47536.993   253.926   -22.48   29.74
 -47249.268   257.192    11.35   34.35
 -46961.560   258.321     3.92   37.22
 -46673.869   264.405    21.15   39.30
 -46386.194   265.192     2.74   39.09
 -46098.536   267.716     8.77   34.88
 -45810.894   272.928    18.12   32.86
 -45523.269   279.430    22.61   38.29
 -45235.661   298.362    65.82   61.47
 -44948.069   333.296   121.47   92.88
 -44660.494   381.160   166.44  117.54
 -44372.935   436.327   191.85  129.73
 -44085.393   496.364   208.80  136.84
 -43797.868   561.587   226.85  128.22
 -43510.359   608.754   164.06  108.69
 -43222.867   650.388   144.82   97.56
 -42935.392   692.972   148.13   96.85
 -42647.933   732.629   137.96   99.51
 -42360.490   768.378   124.37   91.38
 -42073.064   786.078    61.58   88.85
 -41785.655   804.137    62.83   85.41
 -41498.263   807.216    10.72   81.51
 -41210.886   798.333   -30.91   85.58
 -40923.527   792.192   -21.37   95.57
 -40636.184   793.997     6.28  109.64
 -40348.858   782.138   -41.28  123.65
 -40061.548   757.883   -84.42  130.72
 -39774.254   717.800  -139.52  132.45
 -39486.978   677.164  -141.45  135.40
 -39199.717   651.160   -90.53  134.21
 -38912.474   623.917   -94.84  127.77
 -38625.247   606.700   -59.94  115.96
 -38338.036   587.788   -65.85  122.42
 -38050.842   559.593   -98.18  128.23
 -37763.665   535.660   -83.34  126.71
 -37476.503   512.021   -82.32  110.72
 -37189.359   513.052     3.59  100.28
 -36902.231   519.314    21.81   98.72
 -36615.120   543.629    84.69  121.10
 -36328.025   615.805   251.41  157.74
 -36040.946   684.349   238.77  151.44
 -35753.884   737.216   184.17  126.83
 -35466.839   774.549   130.06  102.51
 -35179.810   795.297    72.29   94.52
 -34892.797   788.388   -24.07  102.79
 -34605.802   764.322   -83.86  114.28
 -34318.822   724.462  -138.90  111.52
 -34031.859   693.780  -106.92  104.14
 -33744.913   678.692   -52.58  112.45
 -33457.983   651.200   -95.82  111.30
 -33171.069   648.148   -10.64  122.90
 -32884.172   649.010     3.00  127.37
 -32597.291   660.103    38.67  132.18
 -32310.427   666.021    20.63  125.97
 -32023.579   674.910    30.99  114.10
 -31736.748   689.036    49.25   98.03
 -31449.933   682.161   -23.97  101.22
 -31163.135   682.700     1.88  110.57
 -30876.353   662.685   -69.79  129.71
 -30589.588   639.841   -79.66  139.81
 -30302.839   614.276   -89.15  152.12
 -30016.106   586.351   -97.39  161.61
 -29729.390   545.137  -143.75  155.59
 -29442.690   509.645  -123.80  147.29
 -29156.007   494.786   -51.83  138.41
 -28869.340   468.821   -90.58  120.51
 -28582.690   468.454    -1.28  119.93
 -28296.056   456.430   -41.95  113.24
 -28009.438   449.273   -24.97  111.77
 -27722.837   448.411    -3.01  114.08
 -27436.252   430.966   -60.87  111.43
 -27149.683   416.600   -50.13  110.29
 -26863.131   395.454   -73.80  108.52
 -26576.596   367.725   -96.78  109.53
 -26290.077   328.807  -135.83  109.98
 -26003.574   286.055  -149.22   99.98
 -25717.087   248.484  -131.14   83.61
 -25430.617   219.716  -100.43   67.63
 -25144.163   197.853   -76.32   48.96
 -24857.726   182.590   -53.29   31.22
 -24571.305   174.595   -27.91   15.53
 -24284.900   171.916    -9.35    7.81
 -23998.512   171.976     0.21    7.67
 -23712.140   178.466    22.66   20.53
 -23425.785   186.419    27.77   32.49
 -23139.446   200.614    49.57   53.62
 -22853.123   225.249    86.04   82.96
 -22566.816   249.941    86.24  102.32
 -22280.526   277.394    95.89  114.15
 -21994.253   296.677    67.36  118.22
 -21707.995   319.508    79.76  119.89
 -21421.754   332.716    46.14  116.14
 -21135.529   338.396    19.84  112.48
 -20849.321   348.307    34.63  104.49
 -20563.129   348.329     0.08  101.04
 -20276.953   353.078    16.59   99.22
 -19990.793   357.870    16.74   91.08
 -19704.650   356.263    -5.62   95.80
 -19418.523   359.444    11.12   97.66
 -19132.413   360.294     2.97   96.47
 -18846.318   376.771    57.59   96.03
 -18560.240   394.466    61.86  100.73
 -18274.179   422.468    97.89  110.56
 -17988.133   466.910   155.37  126.01
 -17702.104   519.620   184.28  123.53
 -17416.091   560.448   142.75   94.36
 -17130.095   581.530    73.71   71.41
 -16844.115   577.148   -15.32   74.35
 -16558.151   554.850   -77.98   93.91
 -16272.203   527.894   -94.27   93.74
 -15986.272   504.065   -83.34   76.53
 -15700.356   492.204   -41.48   60.00
 -15414.458   500.902    30.42   66.92
 -15128.575   531.615   107.43   85.95
 -14842.709   571.853   140.76  104.97
 -14556.858   623.989   182.39  111.49
 -14271.025   687.536   222.32  122.47
 -13985.207   741.378   188.38  119.19
 -13699.406   773.055   110.84  101.10
 -13413.620   767.991   -17.72  122.75
 -13127.852   728.564  -137.97  188.27
 -12842.099   659.534  -241.58  246.91
 -12556.362   553.442  -371.29  292.84
 -12270.642   437.661  -405.23  289.61
 -11984.938   325.370  -393.04  257.16
 -11699.250   218.685  -373.43  190.63
 -11413.579   138.036  -282.31  110.95
 -11127.923    97.676  -141.29   65.35
 -10842.284    72.638   -87.66   36.08
 -10556.661    60.237   -43.42   17.48
 -10271.055    54.047   -21.67    5.01
  -9985.464    52.514    -5.37    1.74
  -9699.890    52.297    -0.76    1.94
  -9414.332    52.094    -0.71    1.94
  -9128.790    51.797    -1.04    2.02
  -8843.264    51.274    -1.83    2.06
  -8557.754    50.685    -2.06    2.05
  -8272.261    50.308    -1.32    1.97
  -7986.784    49.832    -1.67    1.70
  -7701.323    49.646    -0.65    1.68
  -7415.878    49.878     0.81    2.12
  -7130.449    50.911     3.62    4.78
  -6845.036    54.456    12.42   12.05
  -6559.640    58.200    13.12   17.36
  -6274.260    60.851     9.29   18.86
  -5988.896    61.692     2.95   18.64
  -5703.548    61.460    -0.81   19.10
  -5418.216    58.375   -10.81   16.43
  -5132.900    53.292   -17.81   14.73
  -4847.601    48.755   -15.90   13.54
  -4562.317    44.757   -14.01   10.66
  -4277.050    43.036    -6.03    8.27
  -3991.799    42.918    -0.41    7.77
  -3706.564    43.716     2.80    7.70
  -3421.345    44.810     3.84    7.80
  -3136.142    46.031     4.28    6.72
  -2850.956    46.834     2.82    5.54
  -2565.785    46.256    -2.03    5.55
  -2280.631    44.806    -5.08    4.82
  -1995.492    42.142    -9.34    5.68
  -1710.370    37.628   -15.83   10.40
  -1425.264    31.325   -22.11   14.90
  -1140.174    24.316   -24.59   17.33
   -855.100    17.620   -23.49   17.52
   -570.042    11.375   -21.91   15.41
   -285.001     6.085   -18.56   11.63
      0.025     2.476   -12.66    6.76
    285.035     1.732    -2.61    4.21
    570.028     3.724     6.99    5.55
    855.006     5.960     7.85    6.35
   1139.967     8.797     9.96    6.73
   1424.912    12.004    11.26    6.27
   1709.841    15.731    13.08    5.52
   1994.755    19.474    13.14    7.72
   2279.652    23.873    15.44    9.78
   2564.533    28.466    16.12   10.68
   2849.398    34.236    20.25   10.58
   3134.247    38.810    16.06    9.46
   3420.666    42.821    14.00    6.81
   3709.084    45.739    10.12    5.97
   3997.485    47.192     5.04    6.46
   4285.869    48.315     3.89    6.82
   4574.236    49.362     3.63    6.82
   4862.585    50.412     3.64    6.93
   5150.917    51.481     3.71    6.99
   5439.231    53.026     5.36    7.60
   5727.529    55.079     7.12    7.86
   6015.809    59.136    14.07    9.64
   6304.072    63.275    14.36   12.47
   6592.317    67.910    16.08   14.73
   6880.546    76.272    29.01   19.97
   7168.757    85.391    31.64   24.38
   7456.951    96.208    37.54   26.82
   7745.127   108.263    41.83   29.77
   8033.287   121.116    44.61   30.65
   8321.429   134.448    46.27   28.51
   8609.554   144.088    33.46   27.68
   8897.661   153.830    33.82   24.02
   9185.752   161.855    27.85   21.00
   9473.825   165.016    10.97   18.43
   9761.881   167.348     8.10   16.18
  10049.919   166.311    -3.60   14.96
  10337.941   163.286   -10.50   15.09
  10625.945   157.870   -18.81   17.15
  10913.932   148.388   -32.92   19.96
  11201.902   139.764   -29.95   22.09
  11489.855   129.321   -36.26   22.62
  11777.790   118.897   -36.20   20.04
  12065.708   109.952   -31.07   15.35
  12353.610   102.331   -26.47   12.95
  12641.493    97.200   -17.82   11.87
  12929.360    92.112   -17.68   10.87
  13217.210    88.375   -12.98    9.94
  13505.042    85.106   -11.35    8.97
  13792.857    82.241    -9.96    7.50
  14080.655    79.964    -7.91    5.76
  14368.436    78.291    -5.81    4.45
  14656.200    77.290    -3.48    3.71
  14943.946    77.013    -0.96    3.36
  15231.676    77.131     0.41    3.47
  15519.388    77.430     1.04    3.91
  15807.083    77.526     0.33    4.64
  16094.761    77.329    -0.68    5.49
  16382.422    77.062    -0.93    6.77
  16670.065    76.177    -3.08    7.65
  16957.692    74.321    -6.45    8.01
  17245.301    72.966    -4.71    8.07
  17532.893    71.118    -6.43    7.64
  17820.469    69.440    -5.83    6.82
  18108.027    68.031    -4.90    5.73
  18395.567    66.586    -5.02    4.49
  18683.091    65.499    -3.78    3.33
  18970.598    64.427    -3.73    2.25
  19258.088    63.667    -2.64    1.83
  19545.560    63.094    -1.99    1.83
  19833.015    62.346    -2.60    1.91
  20120.454    61.676    -2.33    1.91
  20407.875    61.177    -1.74    1.81
  20695.279    60.557    -2.16    1.52
  20982.666    60.184    -1.30    1.25
  21270.036    59.828    -1.24    0.89
  21557.389    59.643    -0.65    0.45
  21844.725    59.651     0.03    0.38
  22132.044    59.653     0.01    0.40
  22419.345    59.635    -0.06    0.58
  22706.630    59.629    -0.02    0.77
  22993.897    59.588    -0.14    1.00
  23281.148    59.692     0.36    1.08
  23568.381    59.824     0.46    1.11
  23855.598    60.084     0.91    0.97
  24142.797    60.305     0.77    0.77
  24429.980    60.552     0.86    0.56
  24717.145    60.823     0.95    0.85
  25004.293    61.428     2.11    1.89
  25291.425    62.401     3.39    3.14
  25578.539    64.362     6.83    5.02
  25865.636    66.582     7.73    6.49
  26152.716    69.297     9.46    7.62
  26439.779    73.077    13.17    9.02
  26726.826    77.275    14.62   10.08
  27013.855    81.652    15.25   10.45
  27300.867    85.847    14.61   11.05
  27587.862    90.227    15.26   11.38
  27874.840    94.708    15.61   11.45
  28161.802    99.548    16.87   11.49
  28448.746   104.380    16.84   11.06
  28735.673   109.136    16.57   10.58
  29022.583   113.383    14.80    9.55
  29309.477   116.878    12.18    8.78
  29596.353   120.587    12.93    7.78
  29883.212   123.354     9.64    7.38
  30170.055   125.644     7.98    7.28
  30456.880   127.131     5.19    7.70
  30743.688   129.165     7.09    8.07
  31030.480   131.841     9.33    8.27
  31317.254   134.378     8.85    8.14
  31604.012   136.583     7.69    7.82
  31890.753   138.539     6.82    7.02
  32177.476   140.118     5.51    5.88
  32464.183   141.073     3.33    4.90
  32750.873   141.391     1.11    3.95
  33037.546   141.367    -0.09    3.74
  33324.202   140.822    -1.90    3.52
  33610.841   139.999    -2.87    3.41
  33897.463   139.409    -2.06    3.49
  34184.068   138.998    -1.43    3.31
  34470.657   138.603    -1.38    3.37
  34757.228   138.313    -1.01    3.42
  35043.783   138.160    -0.53    3.23
  35330.320   138.047    -0.40    3.40
  35616.841   137.652    -1.38    3.44
  35903.345   136.897    -2.64    3.63
  36189.832   136.313    -2.04    4.13
  36476.302   135.668    -2.25    4.08
  36762.755   134.636    -3.60    4.75
  37049.191   133.454    -4.13    5.31
  37335.611   132.356    -3.83    5.46
  37622.013   130.991    -4.77    6.30
  37908.399   129.811    -4.12    6.88
  38194.768   128.482    -4.64    7.11
  38481.120   127.470    -3.54    8.22
  38767.455   126.538    -3.26    8.01
  39053.773   123.971    -8.97    8.96
  39340.075   121.338    -9.20   10.28
  39626.359   118.987    -8.21   10.52
  39912.627   115.332   -12.77   11.64
  40198.878   110.958   -15.28   12.60
  40485.112   106.118   -16.91   12.08
  40771.329   101.422   -16.41   11.60
  41057.529    97.974   -12.05   11.20
  41343.713    94.184   -13.25   10.89
  41629.880    91.105   -10.76   10.86
  41916.029    88.491    -9.14    9.83
  42202.163    85.986    -8.75    9.69
  42488.279    83.899    -7.30    9.50
  42774.378    81.766    -7.45    9.00
  43060.461    79.644    -7.42    9.05
  43346.527    77.596    -7.16    8.80
  43632.576    74.684   -10.18    8.45
  43918.608    72.375    -8.07    9.13
  44204.624    70.115    -7.90    8.75
  44490.622    66.781   -11.66    8.86
  44776.604    64.338    -8.54    9.11
  45062.569    61.716    -9.17    8.36
  45348.518    59.476    -7.83    8.03
  45634.449    57.370    -7.37    7.43
  45920.364    55.270    -7.34    6.53
  46206.262    53.065    -7.71    6.92
  46492.144    51.424    -5.74    7.48
  46778.008    48.397   -10.59   10.21
  47063.856    45.772    -9.18   12.38
  47349.687    43.229    -8.90   12.59
  47635.501    40.676    -8.93   12.96
  47921.299    38.669    -7.02   12.98
  48207.080    36.471    -7.69   12.13
  48492.844    35.042    -5.00   11.14
  48778.591    34.555    -1.70    9.43
  49064.322    34.504    -0.18    7.95
  49350.035    36.272     6.19    8.43
  49635.733    37.668     4.89    9.34
  49921.413    40.526    10.00   10.79
  50207.077    42.927     8.41   11.96
  50492.724    45.504     9.02   12.99
  50778.354    48.590    10.81   14.35
  51063.968    49.881     4.52   15.27
  51349.565    49.899     0.06   15.62
  51635.145    46.497   -11.91   16.08
  51920.708    43.097   -11.91   16.25
  52206.255    38.749   -15.23   16.17
  52491.785    34.055   -16.44   13.04
  52777.299    30.806   -11.38   10.70
  53062.795    28.263    -8.91    8.60
  53348.276    26.055    -7.73    6.43
  53633.739    24.200    -6.50    3.63
  53919.186    23.433    -2.69    2.18
  54204.616    22.831    -2.11    0.51
  54490.029    22.700    -0.46    0.00
  54775.426    22.708     0.03    0.09
  55060.806    22.741     0.12    0.20
  55346.170    22.771     0.10    0.42
  55631.516    22.825     0.19    0.83
  55916.846    22.807    -0.06    0.86
  56202.160    23.425     2.17    3.01
  56487.457    23.628     0.71    3.78
  56772.737    24.299     2.35    4.73
  57058.001    24.827     1.85    5.46
  57343.248    24.659    -0.59    5.02
  57628.478    25.020     1.27    5.37
  57913.692    24.622    -1.40    4.62
  58198.889    24.282    -1.19    3.92
  58484.069    23.834    -1.57    2.84
  58769.233    23.272    -1.97    1.82
  59054.381    22.956    -1.11    1.49
  59339.511    22.764    -0.68    1.24
  59624.625    22.520    -0.86    0.99
  59909.723    22.407    -0.40    0.86
  60194.804    22.283    -0.43    0.57
  60479.868    22.217    -0.23    0.53
  60764.916    22.196    -0.07    0.52
  61049.947    22.228     0.11    0.52
  61334.962    22.270     0.15    0.51
  61619.960    22.288     0.06    0.51
  61904.941    22.266    -0.08    0.50
  62189.906    22.252    -0.05    0.50
  62474.854    22.364     0.39    0.47
  62759.786    22.446     0.29    0.44
  63044.701    22.527     0.28    0.40
  63329.600    22.606     0.28    0.32
  63614.482    22.659     0.19    0.24
  63899.347    22.669     0.04    0.25
  64184.196    22.659    -0.04    0.24
  64469.028    22.660     0.00    0.20
  64753.844    22.771     0.39    0.52
  65038.644    22.807     0.13    0.56
  65325.423    23.260     1.58    1.70
  65613.894    23.842     2.02    2.85
  65902.349    24.585     2.58    3.98
  66190.785    25.628     3.61    5.19
  66479.203    26.168     1.88    5.49
  66767.604    26.418     0.87    5.40
  67055.987    26.946     1.83    5.54
  67344.352    27.345     1.38    5.67
  67632.699    26.700    -2.24    5.34
  67921.029    25.668    -3.58    4.71
  68209.341    25.020    -2.25    4.41
  68497.635    24.571    -1.56    4.27
  68785.911    23.852    -2.49    3.85
  69074.170    23.066    -2.73    2.66
  69362.410    22.634    -1.50    0.96
  69650.634    22.692     0.20    1.04
  69938.839    22.708     0.06    1.01
  70227.026    22.692    -0.06    0.79
  70515.196    22.629    -0.22    0.51
  70803.348    22.618    -0.04    0.42
  71091.482    22.889     0.94    1.12
  71379.599    23.543     2.27    2.78
  71667.698    23.775     0.80    2.96
  71955.779    25.055     4.44    4.94
  72243.842    26.582     5.30    7.78
  72531.888    27.491     3.15    8.73
  72819.916    30.252     9.59   11.93
  73107.926    32.073     6.32   13.35
  73395.919    32.808     2.55   13.04
  73683.894    34.668     6.46   13.61
  73971.851    35.251     2.02   13.28
  74259.790    36.544     4.49   13.18
  74547.712    38.499     6.79   14.04
  74835.616    39.456     3.33   14.33
  75123.503    40.930     5.12   14.22
  75411.372    42.388     5.07   14.45
  75699.223    43.549     4.03   14.57
  75987.056    44.481     3.24   13.71
  76274.872    45.102     2.16   13.34
  76562.670    46.580     5.14   12.89
  76850.451    48.452     6.50   12.52
  77138.213    50.165     5.95   13.18
  77425.959    52.042     6.52   13.20
  77713.686    55.611    12.40   12.98
  78001.396    58.161     8.86   12.93
  78289.088    59.342     4.11   11.82
  78576.763    61.039     5.90   10.64
  78864.420    60.644    -1.37   10.51
  79152.059    61.814     4.07    9.65
  79439.681    62.841     3.57    9.41
  79727.285    63.511     2.33    9.92
  80014.872    64.097     2.04    9.45
  80302.440    66.023     6.70    8.86
  80589.992    68.022     6.95    7.93
  80877.525    69.389     4.76    6.36
  81165.041    70.659     4.42    5.98
