-194337.311   387.392     0.00    0.77
-194051.149   387.830     1.53    1.37
-193764.967   388.583     2.63    2.20
-193478.766   389.623     3.63    3.10
-193192.546   390.992     4.78    3.92
-192906.307   392.782     6.25    4.50
-192620.048   394.735     6.82    4.75
-192333.770   396.716     6.92    4.32
-192047.473   398.588     6.54    3.45
-191761.157   399.992     4.90    2.94
-191474.821   401.000     3.52    2.87
-191188.465   402.139     3.98    3.10
-190902.091   403.090     3.32    3.18
-190615.697   403.892     2.80    3.26
-190329.284   404.728     2.92    3.14
-190042.851   405.647     3.21    3.10
-189756.399   406.620     3.40    3.51
-189469.928   408.060     5.03    4.02
-189183.437   409.345     4.48    4.56
-188896.927   411.217     6.53    4.24
-188610.398   413.059     6.43    3.10
-188323.849   414.414     4.73    2.34
-188037.281   415.353     3.28    1.62
-187750.693   415.933     2.02    1.21
-187464.086   416.237     1.06    1.01
-187177.460   416.373     0.47    0.94
-186890.814   416.483     0.38    0.83
-186604.149   416.587     0.36    0.68
-186317.465   416.672     0.30    0.62
-186030.761   416.822     0.52    0.59
-185744.037   417.017     0.68    0.63
-185457.295   417.319     1.05    0.80
-185170.533   417.586     0.93    0.83
-184883.751   417.974     1.35    0.84
-184596.950   418.303     1.15    0.72
-184310.129   418.661     1.25    0.72
-184023.290   418.992     1.15    0.75
-183736.430   419.316     1.13    0.78
-183449.551   419.669     1.23    0.87
-183162.653   420.034     1.27    0.87
-182875.735   420.465     1.50    0.74
-182588.798   420.681     0.75    0.55
-182301.841   420.727     0.16    0.52
-182014.865   420.716    -0.04    0.56
-181727.870   420.552    -0.57    0.65
-181440.855   420.364    -0.66    0.76
-181153.820   420.108    -0.89    0.91
-180866.766   419.862    -0.86    1.01
-180579.692   419.712    -0.52    1.15
-180292.599   419.792     0.28    1.14
-180005.487   419.805     0.05    1.16
-179718.355   419.802    -0.01    1.23
-179431.203   419.727    -0.26    1.44
-179144.032   419.455    -0.95    1.86
-178856.841   418.802    -2.27    2.40
-178569.631   417.810    -3.45    2.93
-178282.401   416.355    -5.07    3.33
-177995.152   414.769    -5.52    3.48
-177707.883   413.138    -5.68    3.36
-177420.595   411.359    -6.19    3.02
-177133.287   410.017    -4.67    2.68
-176845.960   408.773    -4.33    2.61
-176558.613   407.513    -4.38    2.59
-176271.246   406.390    -3.91    2.17
-175983.860   405.669    -2.51    1.84
-175696.454   405.393    -0.96    1.81
-175409.029   405.508     0.40    2.12
-175121.584   406.068     1.95    2.58
-174834.119   407.101     3.59    2.73
-174546.635   408.276     4.09    2.54
-174259.132   409.388     3.87    2.29
-173971.608   410.458     3.72    2.22
-173684.066   411.692     4.29    2.27
-173396.503   412.873     4.11    2.50
-173108.921   414.138     4.40    2.41
-172821.319   415.350     4.21    2.36
-172533.698   416.627     4.44    2.43
-172246.057   418.158     5.32    2.35
-171958.396   419.403     4.33    2.38
-171670.716   420.631     4.27    2.21
-171383.016   421.632     3.48    1.94
-171095.296   423.000     4.75    2.03
-170807.557   424.058     3.68    2.20
-170519.798   425.306     4.34    2.46
-170232.020   426.603     4.51    2.70
-169944.222   428.129     5.30    2.96
-169656.404   429.602     5.11    3.28
-169368.566   431.397     6.24    3.81
-169080.709   433.310     6.65    4.30
-168792.832   435.733     8.42    4.78
-168504.935   438.165     8.45    4.87
-168217.019   440.608     8.48    4.80
-167929.083   443.044     8.46    4.47
-167641.127   445.669     9.12    4.39
-167353.152   448.067     8.32    4.12
-167065.157   450.397     8.09    4.11
-166777.142   452.771     8.24    4.20
-166489.107   455.017     7.80    4.45
-166201.053   457.613     9.01    4.65
-165912.979   460.095     8.61    4.61
-165624.885   462.621     8.77    4.27
-165336.772   464.697     7.21    4.07
-165048.638   467.000     7.99    3.54
-164760.485   468.822     6.32    2.98
-164472.312   470.267     5.01    2.64
-164184.120   471.425     4.02    2.41
-163895.907   472.605     4.09    2.23
-163607.675   473.737     3.93    1.93
-163319.424   474.425     2.39    1.75
-163031.152   474.943     1.80    1.44
-162742.860   475.378     1.51    1.28
-162454.549   475.621     0.84    1.10
-162166.218   475.664     0.15    1.13
-161877.867   475.754     0.31    1.11
-161589.497   476.000     0.85    1.06
-161301.106   476.214     0.74    1.20
-161012.696   476.650     1.51    1.25
-160724.266   477.183     1.85    1.29
-160435.816   477.658     1.65    1.35
-160147.346   478.256     2.07    1.62
-159858.857   478.793     1.86    1.90
-159570.347   479.381     2.04    2.23
-159281.818   479.932     1.91    2.45
-158993.269   480.314     1.32    2.66
-158704.700   480.488     0.60    2.81
-158416.111   480.555     0.23    2.81
-158127.503   480.101    -1.57    2.89
-157838.874   479.398    -2.43    2.97
-157550.226   478.496    -3.13    3.12
-157261.557   477.379    -3.87    2.99
-156972.869   476.197    -4.10    2.88
-156684.161   475.142    -3.65    2.73
-156395.433   474.058    -3.75    2.48
-156108.184   473.085    -3.38    2.28
-155823.568   471.992    -3.84    2.43
-155538.933   471.050    -3.31    2.47
-155254.279   469.983    -3.75    2.61
-154969.607   468.681    -4.57    2.73
-154684.916   467.254    -5.01    3.18
-154400.207   465.691    -5.49    3.65
-154115.479   463.931    -6.18    4.28
-153830.732   461.430    -8.78    5.32
-153545.967   458.549   -10.11    6.10
-153261.183   455.350   -11.23    6.41
-152976.381   452.009   -11.73    6.01
-152691.560   449.000   -10.56    5.79
-152406.720   446.220    -9.76    5.85
-152121.862   443.336   -10.12    5.76
-151836.986   440.328   -10.56    5.82
-151552.090   437.420   -10.20    6.11
-151267.176   434.889    -8.88    6.14
-150982.244   432.052    -9.95    6.05
-150697.292   429.883    -7.61    6.03
-150412.323   427.889    -7.00    6.16
-150127.334   425.641    -7.89    7.41
-149842.327   423.628    -7.06    9.08
-149557.301   421.331    -8.06   10.60
-149272.257   419.164    -7.60   11.65
-148987.194   416.118   -10.69   12.32
-148702.112   413.754    -8.29   12.41
-148417.012   412.178    -5.53   11.77
-148131.892   408.371   -13.35   10.91
-147846.755   406.163    -7.74   11.16
-147561.598   403.248   -10.22   10.70
-147276.423   400.414    -9.94   10.31
-146991.229   397.303   -10.91   10.19
-146706.017   393.933   -11.81    9.66
-146420.786   390.767   -11.10    8.76
-146135.536   388.077    -9.43    9.60
-145850.268   386.183    -6.64   10.44
-145564.980   384.143    -7.15   10.90
-145279.674   381.134   -10.54   10.37
-144994.350   378.875    -7.92   10.35
-144709.006   376.168    -9.49    9.23
-144423.644   373.667    -8.77    7.97
-144138.263   371.102    -8.99    6.68
-143852.864   369.653    -5.08    6.86
-143567.445   367.802    -6.49    7.15
-143282.008   365.362    -8.55    7.47
-142996.553   363.650    -6.00    7.89
-142711.078   362.008    -5.75    7.90
-142425.585   359.810    -7.70    7.67
-142140.073   357.325    -8.70    7.59
-141854.542   354.689    -9.23    7.80
-141568.992   351.615   -10.76    8.01
-141283.424   347.615   -14.01    9.01
-140997.837   344.034   -12.54    9.93
-140712.231   340.193   -13.45    9.90
-140426.606   336.479   -13.00    9.47
-140140.963   332.305   -14.61    9.13
-139855.301   329.008   -11.54    8.56
-139569.620   325.761   -11.37    8.25
-139283.920   321.741   -14.07    8.04
-138998.201   318.092   -12.77    9.06
-138712.464   313.487   -16.11    9.20
-138426.708   308.578   -17.18    8.69
-138140.932   304.934   -12.75    8.36
-137855.139   301.266   -12.83    7.26
-137569.326   298.043   -11.28    5.28
-137283.494   295.263    -9.73    3.72
-136997.644   293.686    -5.52    3.04
-136711.775   292.175    -5.29    2.94
-136425.887   290.621    -5.44    2.82
-136139.980   289.175    -5.06    2.97
-135854.054   287.868    -4.57    3.01
-135568.109   286.551    -4.61    2.90
-135282.146   285.078    -5.15    3.15
-134996.163   283.769    -4.58    3.49
-134710.162   282.573    -4.18    3.41
-134424.142   280.992    -5.53    3.62
-134138.103   279.342    -5.77    4.32
-133852.045   277.711    -5.70    4.72
-133565.969   276.051    -5.80    4.67
-133279.873   274.000    -7.17    5.22
-132993.758   271.708    -8.01    5.41
-132707.625   269.475    -7.81    5.58
-132421.473   266.250   -11.27    6.08
-132135.302   262.992   -11.38    6.83
-131849.111   259.407   -12.53    7.50
-131562.902   256.060   -11.69    7.71
-131276.674   252.207   -13.46    7.87
-130990.427   248.975   -11.29    7.43
-130704.162   246.259    -9.49    6.43
-130417.877   243.803    -8.58    5.15
-130131.573   242.403    -4.89    4.90
-129845.250   241.042    -4.76    4.89
-129558.909   239.664    -4.81    4.58
-129272.548   237.924    -6.08    5.20
-128986.169   235.787    -7.46    5.85
-128699.770   233.179    -9.10    6.57
-128413.353   229.286   -13.59    8.01
-128126.917   225.097   -14.62    9.36
-127840.461   219.553   -19.35   11.65
-127553.987   214.491   -17.67   11.93
-127267.493   211.082   -11.90   10.63
-126980.981   209.025    -7.18    9.24
-126694.450   207.686    -4.67    8.41
-126407.900   207.350    -1.17    7.66
-126121.330   207.000    -1.22    6.83
-125834.742   206.814    -0.65    5.28
-125548.135   204.342    -8.62    4.33
-125261.508   202.168    -7.58    3.15
-124974.863   200.639    -5.34    2.79
-124688.199   198.761    -6.55    3.02
-124401.515   196.726    -7.10    3.87
-124114.813   194.426    -8.02    5.01
-123828.091   191.189   -11.29    7.39
-123541.351   188.017   -11.06    7.65
-123254.591   184.325   -12.87    8.72
-122967.813   180.784   -12.35    8.88
-122681.015   177.821   -10.33    8.73
-122394.198   175.585    -7.79    7.95
-122107.362   175.607     0.08    7.97
-121820.508   175.700     0.33    8.06
-121533.634   176.613     3.18    8.67
-121246.741   178.815     7.67    9.46
-120959.829   181.605     9.72    9.76
-120672.897   185.085    12.13    8.17
-120385.947   187.855     9.65    4.65
-120098.978   188.148     1.02    4.12
-119811.989   188.200     0.18    4.21
-119524.982   187.560    -2.23    4.60
-119237.955   186.377    -4.12    4.60
-118950.909   184.888    -5.19    4.00
-118663.845   183.650    -4.31    2.97
-118376.761   182.373    -4.45    1.50
-118089.658   181.934    -1.53    1.33
-117802.535   181.533    -1.40    1.27
-117515.394   181.171    -1.26    1.31
-117228.233   180.650    -1.81    1.46
-116941.054   179.899    -2.61    1.75
-116653.855   179.060    -2.92    2.02
-116366.637   177.752    -4.55    2.54
-116079.400   176.372    -4.80    3.21
-115792.144   174.717    -5.76    3.52
-115504.868   172.922    -6.25    3.45
-115217.574   171.525    -4.87    3.20
-114930.260   170.379    -3.99    2.72
-114642.927   169.653    -2.53    2.18
-114355.575   169.068    -2.03    1.93
-114068.203   169.000    -0.24    1.84
-113780.813   168.868    -0.46    1.72
-113493.403   168.681    -0.65    1.57
-113205.974   168.168    -1.78    1.82
-112918.526   167.546    -2.16    1.92
-112631.059   166.810    -2.56    1.87
-112343.572   165.932    -3.06    1.80
-112056.067   165.275    -2.28    1.72
-111768.542   164.625    -2.26    1.57
-111480.997   164.026    -2.08    1.48
-111193.434   163.281    -2.59    1.74
-110905.851   162.407    -3.04    2.04
-110618.249   161.585    -2.86    2.17
-110330.628   160.530    -3.67    2.22
-110042.988   160.171    -1.25    2.02
-109755.328   159.783    -1.35    1.87
-109467.649   159.441    -1.19    1.87
-109179.951   159.119    -1.12    1.84
-108892.234   159.025    -0.33    1.89
-108604.497   159.353     1.14    1.96
-108316.741   159.692     1.18    2.16
-108028.966   159.917     0.78    2.26
-107741.171   160.358     1.53    2.26
-107453.357   160.974     2.14    2.06
-107165.524   161.500     1.83    1.47
-106877.672   161.877     1.31    0.73
-106589.800   161.983     0.37    0.43
-106301.909   161.932    -0.18    0.50
-106013.998   161.744    -0.65    0.84
-105726.069   161.488    -0.89    1.16
-105438.120   161.068    -1.46    1.52
-105150.151   160.556    -1.78    1.89
-104862.164   159.851    -2.45    2.34
-104574.157   159.128    -2.51    2.66
-104286.130   158.395    -2.55    2.77
-103998.085   157.767    -2.18    2.95
-103710.020   157.089    -2.35    2.83
-103421.935   156.353    -2.55    2.75
-103133.832   156.000    -1.23    3.16
-102845.708   156.106     0.37    3.27
-102557.566   155.975    -0.45    3.17
-102269.404   155.864    -0.38    2.81
-101981.223   156.058     0.67    2.37
-101693.022   156.242     0.64    2.13
-101404.802   156.291     0.17    1.89
-101116.563   156.017    -0.95    1.50
-100828.304   155.779    -0.83    1.37
-100540.026   155.233    -1.89    1.49
-100251.728   154.698    -1.86    1.46
 -99963.411   154.254    -1.54    1.27
 -99675.075   153.968    -0.99    1.01
 -99386.719   153.924    -0.15    0.88
 -99098.344   154.025     0.35    1.07
 -98809.949   154.393     1.28    1.22
 -98521.535   154.875     1.67    1.36
 -98233.102   155.387     1.77    1.48
 -97944.649   155.714     1.14    1.47
 -97656.176   155.843     0.45    1.49
 -97367.684   155.797    -0.16    1.46
 -97079.173   155.533    -0.91    1.37
 -96790.642   155.198    -1.16    1.42
 -96502.092   154.758    -1.53    1.32
 -96213.522   154.310    -1.55    0.99
 -95924.933   153.983    -1.13    0.84
 -95636.324   154.057     0.26    0.95
 -95347.696   154.270     0.74    1.14
 -95059.049   154.655     1.33    1.38
 -94770.382   155.084     1.48    1.36
 -94481.695   155.479     1.37    1.24
 -94194.934   155.701     0.77    1.12
 -93910.281   155.803     0.36    1.04
 -93625.610   155.805     0.01    1.05
 -93340.920   155.534    -0.95    1.25
 -93056.212   154.991    -1.91    1.47
 -92771.487   154.427    -1.98    1.56
 -92486.742   153.717    -2.50    1.48
 -92201.980   153.077    -2.25    1.43
 -91917.200   152.537    -1.90    1.47
 -91632.401   152.033    -1.77    1.46
 -91347.584   151.617    -1.46    1.33
 -91062.749   151.193    -1.49    1.26
 -90777.896   150.875    -1.12    1.19
 -90493.025   150.412    -1.63    1.23
 -90208.135   149.818    -2.08    1.35
 -89923.227   149.203    -2.16    1.58
 -89638.301   148.441    -2.68    1.66
 -89353.357   147.661    -2.74    1.69
 -89068.394   146.886    -2.72    1.60
 -88783.413   146.198    -2.41    1.51
 -88498.414   145.496    -2.46    1.29
 -88213.397   144.850    -2.27    1.10
 -87928.361   144.311    -1.89    0.95
 -87643.308   143.825    -1.70    0.90
 -87358.236   143.325    -1.75    0.84
 -87073.145   143.107    -0.76    0.96
 -86788.037   142.924    -0.64    1.18
 -86502.910   142.909    -0.05    1.43
 -86217.765   142.992     0.29    1.62
 -85932.601   143.017     0.09    1.73
 -85647.420   143.144     0.45    1.76
 -85362.220   143.114    -0.11    1.67
 -85077.001   142.949    -0.58    1.63
 -84791.765   142.771    -0.62    1.56
 -84506.510   142.375    -1.39    1.51
 -84221.237   141.901    -1.66    1.47
 -83935.945   141.390    -1.79    1.44
 -83650.635   140.667    -2.53    1.38
 -83365.307   139.936    -2.56    1.37
 -83079.961   139.224    -2.49    1.36
 -82794.596   138.388    -2.93    1.50
 -82509.213   137.650    -2.59    1.59
 -82223.811   136.983    -2.34    1.65
 -81938.392   136.205    -2.73    1.66
 -81652.953   135.504    -2.46    1.74
 -81367.497   134.805    -2.45    1.69
 -81082.022   133.925    -3.08    1.68
 -80796.529   133.213    -2.49    1.72
 -80511.017   132.553    -2.31    1.56
 -80225.488   132.069    -1.69    1.32
 -79939.939   131.813    -0.90    1.13
 -79654.373   131.650    -0.57    1.00
 -79368.788   131.575    -0.26    0.98
 -79083.184   131.538    -0.13    1.00
 -78797.563   131.504    -0.12    0.99
 -78511.922   131.385    -0.42    0.95
 -78226.264   131.076    -1.08    0.90
 -77940.587   130.846    -0.81    0.82
 -77654.892   130.603    -0.85    0.78
 -77369.178   130.302    -1.06    0.71
 -77083.446   130.104    -0.69    0.72
 -76797.695   129.902    -0.71    0.67
 -76511.926   129.731    -0.60    0.61
 -76226.139   129.595    -0.48    0.56
 -75940.333   129.458    -0.48    0.55
 -75654.509   129.347    -0.39    0.56
 -75368.666   129.143    -0.72    0.61
 -75082.805   129.000    -0.50    0.64
 -74796.925   128.856    -0.50    0.63
 -74511.027   128.556    -1.05    0.76
 -74225.111   128.360    -0.68    0.82
 -73939.176   128.165    -0.68    0.84
 -73653.222   127.908    -0.90    0.90
 -73367.250   127.678    -0.81    0.87
 -73081.260   127.408    -0.94    0.84
 -72795.251   127.167    -0.84    0.70
 -72509.224   126.917    -0.87    0.68
 -72223.178   126.656    -0.91    0.67
 -71937.114   126.420    -0.82    0.64
 -71651.031   126.075    -1.21    0.75
 -71364.930   125.795    -0.98    0.81
 -71078.810   125.595    -0.70    0.82
 -70792.672   125.417    -0.62    0.82
 -70506.516   125.413    -0.01    0.78
 -70220.340   125.513     0.35    0.81
 -69934.147   125.625     0.39    0.83
 -69647.934   125.775     0.52    0.78
 -69361.704   125.967     0.67    0.50
 -69075.454   126.051     0.29    0.26
 -68789.186   126.017    -0.12    0.13
 -68502.900   126.016    -0.00    0.13
 -68216.595   126.059     0.15    0.27
 -67930.272   126.076     0.06    0.39
 -67643.930   126.049    -0.09    0.50
 -67357.569   125.950    -0.35    0.59
 -67071.190   125.832    -0.41    0.67
 -66784.792   125.686    -0.51    0.70
 -66498.376   125.467    -0.76    0.62
 -66211.941   125.241    -0.79    0.50
 -65925.488   125.024    -0.76    0.50
 -65639.016   124.816    -0.73    0.51
 -65352.526   124.622    -0.68    0.49
 -65066.016   124.407    -0.75    0.54
 -64779.489   124.149    -0.90    0.69
 -64492.942   123.735    -1.44    0.93
 -64206.378   123.050    -2.39    1.38
 -63919.794   122.311    -2.58    1.68
 -63633.192   121.488    -2.87    1.85
 -63346.571   120.638    -2.97    1.75
 -63059.932   119.854    -2.74    1.52
 -62773.274   119.097    -2.64    1.30
 -62486.597   118.233    -3.01    1.80
 -62199.902   117.042    -4.15    2.51
 -61913.188   115.744    -4.53    3.51
 -61626.456   114.812    -3.25    3.44
 -61339.705   113.550    -4.40    3.70
 -61052.935   112.919    -2.20    3.40
 -60766.147   112.593    -1.14    3.21
 -60479.340   112.905     1.09    2.96
 -60192.514   113.309     1.41    2.83
 -59905.670   111.959    -4.71    5.21
 -59618.807   109.244    -9.46    7.96
 -59331.925   105.345   -13.59   10.84
 -59045.024   100.732   -16.08   12.20
 -58758.105    96.210   -15.76   11.73
 -58471.168    90.824   -18.77   10.21
 -58184.211    86.304   -15.75    7.54
 -57897.236    82.395   -13.62    5.80
 -57610.242    79.556    -9.89    5.35
 -57323.230    76.942    -9.11    5.70
 -57036.199    74.397    -8.87    5.65
 -56749.149    72.075    -8.09    5.12
 -56462.080    69.613    -8.57    4.79
 -56174.993    67.512    -7.32    4.77
 -55887.886    65.714    -6.26    4.49
 -55600.762    63.383    -8.12    4.90
 -55313.618    61.476    -6.64    5.26
 -55026.456    59.443    -7.08    5.38
 -54739.275    57.175    -7.90    5.10
 -54452.075    54.983    -7.63    5.12
 -54164.857    52.748    -7.78    4.81
 -53877.619    50.689    -7.17    4.00
 -53590.363    48.754    -6.74    3.87
 -53303.088    47.146    -5.60    3.78
 -53015.795    45.700    -5.03    3.46
 -52728.483    44.117    -5.51    3.30
 -52441.152    42.943    -4.08    3.19
 -52153.802    41.835    -3.86    2.94
 -51866.433    40.756    -3.75    2.54
 -51579.046    39.967    -2.75    2.43
 -51291.639    39.157    -2.82    2.33
 -51004.214    38.533    -2.17    2.19
 -50716.771    37.926    -2.11    2.24
 -50429.308    37.389    -1.87    2.38
 -50141.826    36.798    -2.05    2.33
 -49854.326    36.042    -2.63    2.38
 -49566.807    35.455    -2.04    2.59
 -49279.269    34.782    -2.34    2.61
 -48991.713    33.966    -2.83    2.53
 -48704.137    33.314    -2.27    2.63
 -48416.543    32.715    -2.08    2.54
 -48128.929    32.147    -1.98    2.33
 -47841.297    31.577    -1.98    2.25
 -47553.647    31.106    -1.64    2.10
 -47265.977    30.672    -1.51    1.76
 -46978.288    30.119    -1.92    1.50
 -46690.581    29.868    -0.87    1.43
 -46402.854    29.636    -0.80    1.31
 -46115.109    29.475    -0.56    1.34
 -45827.345    29.218    -0.89    1.50
 -45539.562    28.855    -1.26    1.75
 -45251.760    28.427    -1.49    1.96
 -44963.940    27.910    -1.80    2.57
 -44676.100    27.496    -1.44    2.91
 -44388.241    27.492    -0.02    2.99
 -44100.364    27.504     0.04    2.98
 -43812.468    27.797     1.02    2.89
 -43524.553    28.041     0.85    2.56
 -43236.618    28.190     0.52    1.88
 -42948.665    28.379     0.66    1.64
 -42660.693    28.447     0.24    1.62
 -42372.703    28.525     0.27    1.58
 -42084.693    28.765     0.83    1.58
 -41796.664    29.114     1.21    1.68
 -41508.616    29.462     1.21    1.62
 -41220.550    29.555     0.32    1.47
 -40932.464    29.571     0.06    1.49
 -40644.360    29.661     0.31    1.52
 -40356.236    29.856     0.68    1.58
 -40068.094    30.050     0.67    1.78
 -39779.932    30.248     0.69    1.93
 -39491.752    30.542     1.02    1.99
 -39203.552    30.655     0.39    1.86
 -38915.334    30.871     0.75    1.77
 -38627.097    30.832    -0.14    1.69
 -38338.840    30.661    -0.59    1.66
 -38050.565    30.516    -0.50    1.62
 -37762.271    30.333    -0.63    1.63
 -37473.958    30.025    -1.07    1.74
 -37185.625    29.529    -1.72    2.02
 -36897.274    28.951    -2.01    2.30
 -36608.904    28.286    -2.31    2.38
 -36320.514    27.275    -3.50    2.70
 -36032.106    26.629    -2.24    2.65
 -35743.679    25.992    -2.21    2.60
 -35455.232    25.592    -1.39    2.60
 -35166.767    25.228    -1.26    3.00
 -34878.282    24.894    -1.16    3.23
 -34589.779    24.942     0.17    2.84
 -34301.256    25.131     0.66    2.24
 -34012.714    24.750    -1.32    2.30
 -33724.154    24.575    -0.61    2.03
 -33435.574    24.303    -0.94    2.02
 -33146.975    24.187    -0.40    2.05
 -32858.357    23.731    -1.58    2.50
 -32569.720    23.092    -2.22    3.19
 -32283.408    22.488    -2.11    3.89
 -31998.717    21.854    -2.23    4.57
 -31714.008    21.000    -3.00    4.99
 -31429.281    19.653    -4.73    5.57
 -31144.537    17.870    -6.26    6.32
 -30859.775    16.281    -5.58    6.31
 -30574.995    14.319    -6.89    6.43
 -30290.198    12.754    -5.50    5.84
 -30005.382    11.383    -4.81    4.85
 -29720.549    10.374    -3.54    3.80
 -29435.698     9.595    -2.73    3.02
 -29150.829     9.168    -1.50    2.37
 -28865.943     9.008    -0.56    2.24
 -28581.039     9.116     0.38    2.11
 -28296.116     8.983    -0.47    1.99
 -28011.176     8.851    -0.46    1.91
 -27726.219     8.839    -0.04    1.94
 -27441.243     8.941     0.36    1.95
 -27156.250     8.975     0.12    2.07
 -26871.238     9.121     0.51    2.14
 -26586.209     9.630     1.79    2.32
 -26301.162    10.427     2.80    2.63
 -26016.098    11.508     3.79    2.73
 -25731.015    12.067     1.96    2.68
 -25445.914    12.183     0.41    2.58
 -25160.796    11.844    -1.19    2.91
 -24875.660    11.286    -1.96    3.27
 -24590.506    10.242    -3.66    3.42
 -24305.334     9.025    -4.27    3.01
 -24020.144     7.983    -3.65    2.50
 -23734.937     6.717    -4.44    2.29
 -23449.711     6.032    -2.40    2.18
 -23164.468     5.697    -1.18    2.01
 -22879.207     5.492    -0.72    1.98
 -22593.927     5.512     0.07    2.07
 -22308.630     5.967     1.59    2.34
 -22023.315     6.700     2.57    2.68
 -21737.983     7.730     3.61    3.15
 -21452.632     9.066     4.68    3.78
 -21167.263    10.556     5.22    4.17
 -20881.877    11.952     4.89    4.27
 -20596.472    13.309     4.76    3.84
 -20311.050    14.508     4.20    3.12
 -20025.609    15.545     3.63    2.03
 -19740.151    16.180     2.23    0.99
 -19454.675    16.132    -0.17    0.95
 -19169.181    15.829    -1.06    1.05
 -18883.669    15.746    -0.29    1.44
 -18598.139    16.225     1.68    2.63
 -18312.591    16.574     1.22    2.80
 -18027.025    16.719     0.51    2.80
 -17741.441    17.218     1.75    2.89
 -17455.839    18.402     4.14    3.39
 -17170.220    20.032     5.71    3.91
 -16884.582    21.175     4.00    3.81
 -16598.926    21.899     2.54    3.36
 -16313.252    22.024     0.44    3.13
 -16027.561    21.966    -0.20    3.09
 -15741.851    21.008    -3.35    3.70
 -15456.124    19.806    -4.21    3.80
 -15170.378    18.739    -3.73    3.27
 -14884.614    17.592    -4.02    2.82
 -14598.833    16.669    -3.23    2.46
 -14313.033    16.091    -2.02    2.54
 -14027.215    15.192    -3.15    2.76
 -13741.380    14.049    -4.00    3.23
 -13455.526    12.618    -5.01    3.53
 -13169.654    11.025    -5.57    3.62
 -12883.765     9.619    -4.92    3.25
 -12597.857     8.492    -3.94    2.59
 -12311.931     7.529    -3.37    1.66
 -12025.988     7.049    -1.68    0.82
 -11740.026     6.887    -0.57    0.37
 -11454.046     6.951     0.22    0.28
 -11168.048     7.065     0.40    0.25
 -10882.032     7.136     0.25    0.34
 -10595.998     7.178     0.15    0.38
 -10309.946     7.171    -0.03    0.38
 -10023.876     7.215     0.15    0.47
  -9737.787     7.538     1.13    1.09
  -9451.681     8.154     2.16    1.79
  -9165.557     8.573     1.46    1.89
  -8879.414     8.874     1.05    1.90
  -8593.254     8.876     0.01    1.76
  -8307.075     8.805    -0.25    1.71
  -8020.879     8.563    -0.85    1.59
  -7734.664     8.280    -0.99    1.48
  -7448.431     7.629    -2.27    1.50
  -7162.180     7.168    -1.61    1.39
  -6875.911     6.719    -1.57    1.24
  -6589.624     6.424    -1.03    1.18
  -6303.318     6.197    -0.79    1.10
  -6016.995     6.025    -0.60    1.07
  -5730.653     6.000    -0.09    1.02
  -5444.293     6.123     0.43    1.01
  -5157.916     6.008    -0.40    1.01
  -4871.520     5.913    -0.33    1.09
  -4585.105     6.000     0.30    1.10
  -4298.673     6.238     0.83    1.19
  -4012.223     6.537     1.04    1.17
  -3725.754     7.025     1.70    1.17
  -3439.267     7.442     1.46    1.21
  -3152.763     7.935     1.72    1.03
  -2866.240     8.198     0.92    0.86
  -2579.698     8.200     0.01    0.92
  -2293.139     8.057    -0.50    1.14
  -2006.561     7.689    -1.29    1.43
  -1719.966     6.633    -3.68    2.43
  -1433.352     5.033    -5.58    3.19
  -1146.720     3.728    -4.55    3.27
   -860.069     2.597    -3.95    3.09
   -573.401     1.605    -3.46    2.69
   -286.714     0.815    -2.76    1.91
     -0.009     0.686    -0.45    1.48
    286.714     1.175     1.70    2.05
    573.455     1.669     1.72    2.26
    860.215     2.154     1.69    2.24
   1146.993     2.267     0.39    2.19
   1433.789     2.189    -0.27    2.21
   1720.603     1.992    -0.69    2.29
   2007.436     1.421    -1.99    2.22
   2294.286     0.784    -2.22    1.61
   2581.155     0.476    -1.07    1.15
   2868.042     0.653     0.62    1.35
   3154.948     1.008     1.24    1.54
   3441.872     1.528     1.81    1.68
   3728.814     2.041     1.79    1.67
   4015.774     2.705     2.31    1.65
   4302.752     3.143     1.53    1.52
   4589.749     3.630     1.70    1.81
   4876.764     4.074     1.55    2.21
   5163.797     4.480     1.41    2.37
   5450.849     4.932     1.58    2.30
   5737.919     5.454     1.82    1.91
   6025.007     5.694     0.84    1.67
   6312.114     6.033     1.18    0.97
   6599.238     5.882    -0.52    0.85
   6886.382     5.797    -0.30    0.84
   7173.543     5.727    -0.24    0.86
   7460.723     5.579    -0.52    0.99
   7747.921     5.435    -0.50    1.06
   8035.137     4.992    -1.54    1.35
   8322.372     4.390    -2.10    1.76
   8609.625     3.675    -2.49    1.93
   8896.896     3.016    -2.29    2.13
   9184.186     2.410    -2.11    2.39
   9471.494     1.828    -2.03    2.48
   9758.820     1.160    -2.32    2.36
  10046.165     0.632    -1.84    2.43
  10333.528     0.320    -1.09    2.36
  10620.909     0.106    -0.74    2.22
  10908.309     0.347     0.84    2.61
  11195.727     0.925     2.01    3.11
  11483.164     1.376     1.57    3.34
  11770.619     1.705     1.14    3.39
  12058.092     1.392    -1.09    3.54
  12345.584     0.847    -1.90    3.76
  12633.094     0.345    -1.75    3.54
  12920.622     0.347     0.01    3.29
  13208.169     0.746     1.39    3.36
  13495.734     1.419     2.34    3.56
  13783.318     2.467     3.64    3.49
  14070.920     3.447     3.41    2.93
  14358.540     4.331     3.07    1.95
  14646.179     4.467     0.47    1.74
  14933.837     4.049    -1.45    1.77
  15221.512     3.520    -1.84    1.58
  15509.206     3.034    -1.69    1.22
  15796.919     2.820    -0.74    1.00
  16084.650     2.631    -0.66    0.93
  16372.399     2.521    -0.38    0.93
  16660.167     2.426    -0.33    0.86
  16947.954     2.363    -0.22    0.75
  17235.759     2.250    -0.39    0.54
  17523.582     2.183    -0.23    0.39
  17811.424     2.194     0.04    0.40
  18099.284     2.143    -0.18    0.35
  18387.162     2.117    -0.09    0.32
  18675.060     2.151     0.12    0.36
  18962.975     2.194     0.15    0.40
  19250.909     2.281     0.30    0.45
  19538.862     2.423     0.49    0.53
  19826.833     2.677     0.88    0.68
  20114.823     3.050     1.29    0.90
  20402.831     3.460     1.42    0.98
  20690.857     3.905     1.55    0.98
  20978.902     4.367     1.60    0.96
  21266.966     4.844     1.66    0.92
  21555.048     5.287     1.54    0.92
  21843.149     5.683     1.38    1.00
  22131.268     6.246     1.95    1.22
  22419.406     6.702     1.58    1.34
  22707.562     7.092     1.35    1.40
  22995.737     7.625     1.85    1.55
  23283.930     7.992     1.27    1.84
  23572.142     8.577     2.03    2.12
  23860.372     9.538     3.33    2.73
  24148.621    10.778     4.30    3.57
  24436.889    12.153     4.77    4.00
  24725.175    13.820     5.78    3.98
  25013.480    15.347     5.30    3.74
  25301.803    16.968     5.62    2.77
  25590.145    18.093     3.90    1.67
  25878.505    18.758     2.31    1.56
  26166.884    19.411     2.27    1.74
  26455.281    20.092     2.36    2.05
  26743.698    21.225     3.93    2.52
  27032.132    22.408     4.10    2.98
  27320.586    23.787     4.78    2.99
  27609.058    25.358     5.45    2.55
  27897.548    26.435     3.73    2.05
  28186.057    27.281     2.93    1.70
  28474.585    28.041     2.64    1.45
  28763.132    28.730     2.39    1.19
  29051.697    29.250     1.80    1.07
  29340.280    29.658     1.41    0.99
  29626.198    30.048     1.36    1.04
  29910.936    30.439     1.37    0.97
  30195.691    30.851     1.45    1.00
  30480.463    31.325     1.67    1.16
  30765.253    31.847     1.83    1.26
  31050.060    32.425     2.03    1.35
  31334.884    33.057     2.22    1.44
  31619.725    33.835     2.73    1.49
  31904.584    34.550     2.51    1.39
  32189.461    35.063     1.80    1.28
  32474.354    35.415     1.23    1.19
  32759.265    35.600     0.65    1.29
  33044.194    35.492    -0.38    1.50
  33329.139    35.303    -0.66    1.52
  33614.103    35.350     0.17    1.38
  33899.083    35.403     0.19    1.37
  34184.081    35.633     0.81    1.32
  34469.096    36.059     1.49    1.35
  34754.129    36.576     1.81    1.43
  35039.179    37.233     2.31    1.24
  35324.247    37.877     2.26    1.20
  35609.332    38.373     1.74    1.17
  35894.434    38.842     1.64    1.13
  36179.554    39.285     1.55    1.13
  36464.691    39.705     1.47    1.16
  36749.845    40.074     1.30    1.22
  37035.017    40.573     1.75    1.36
  37320.207    41.000     1.50    1.48
  37605.414    41.463     1.62    1.40
  37890.638    41.992     1.85    1.45
  38175.880    42.460     1.64    1.36
  38461.139    42.736     0.97    1.26
  38746.416    42.750     0.05    1.32
  39031.710    42.696    -0.19    1.36
  39317.021    42.541    -0.54    1.37
  39602.350    42.528    -0.05    1.27
  39887.697    42.597     0.24    1.18
  40173.060    42.866     0.94    1.28
  40458.442    43.363     1.74    1.60
  40743.841    43.967     2.12    1.81
  41029.257    44.762     2.78    1.93
  41314.691    45.496     2.57    1.82
  41600.142    46.210     2.50    1.65
  41885.611    46.856     2.26    1.54
  42171.097    47.357     1.76    1.44
  42456.601    47.862     1.77    1.41
  42742.122    48.303     1.55    1.48
  43027.661    48.798     1.73    1.52
  43313.217    49.203     1.42    1.50
  43598.791    49.580     1.32    1.48
  43884.382    49.824     0.85    1.41
  44169.991    50.100     0.97    1.32
  44455.618    50.298     0.69    1.15
  44741.261    50.568     0.95    1.05
  45026.923    50.766     0.69    0.96
  45312.602    51.000     0.82    0.85
  45598.298    51.339     1.19    0.83
  45884.012    51.697     1.26    0.89
  46169.744    52.175     1.67    0.98
  46455.493    52.734     1.96    1.20
  46741.260    53.328     2.08    1.38
  47027.044    54.059     2.56    1.62
  47312.846    54.746     2.40    1.73
  47598.665    55.420     2.36    1.79
  47884.502    56.042     2.17    1.79
  48170.356    56.624     2.04    1.55
  48456.229    57.150     1.84    1.26
  48742.118    57.700     1.92    0.95
  49028.025    58.250     1.92    1.22
  49313.950    58.833     2.04    1.60
  49599.893    59.605     2.70    2.20
  49885.853    60.524     3.21    2.62
  50171.830    61.661     3.98    2.76
  50457.826    63.057     4.88    2.57
  50743.838    64.194     3.97    2.02
  51029.869    64.850     2.30    1.47
  51315.917    65.081     0.81    1.39
  51601.983    65.000    -0.28    1.52
  51888.066    64.590    -1.43    1.79
  52174.167    64.081    -1.78    2.03
  52460.285    63.627    -1.59    2.05
  52746.422    63.492    -0.47    2.04
  53032.575    63.653     0.57    2.15
  53318.747    63.951     1.04    2.38
  53604.936    64.459     1.77    2.38
  53891.143    64.887     1.50    2.18
  54177.367    65.288     1.40    1.74
  54463.609    65.463     0.61    1.50
  54749.869    65.161    -1.05    1.60
  55036.146    64.712    -1.57    1.66
  55322.442    64.164    -1.91    1.52
  55608.754    63.581    -2.04    1.34
  55895.085    63.274    -1.07    1.20
  56181.433    63.385     0.39    1.26
  56467.799    63.776     1.36    1.47
  56754.182    64.266     1.71    1.68
  57040.583    64.798     1.86    1.75
  57327.002    65.376     2.02    1.66
  57613.439    65.911     1.87    1.51
  57899.893    66.390     1.67    1.35
  58186.365    66.648     0.90    1.28
  58472.855    66.742     0.33    1.22
  58759.362    66.773     0.11    1.20
  59045.887    66.640    -0.46    1.27
  59332.430    66.593    -0.16    1.25
  59618.991    66.557    -0.13    1.25
  59905.569    66.528    -0.10    1.22
  60192.165    66.621     0.32    1.26
  60478.779    66.876     0.89    1.32
  60765.410    67.659     2.73    2.09
  61052.060    68.593     3.26    2.85
  61338.727    69.050     1.59    3.20
  61625.412    69.254     0.71    3.68
  61912.114    69.154    -0.35    4.09
  62198.834    68.223    -3.25    3.82
  62485.572    67.276    -3.30    3.68
  62772.328    66.137    -3.97    2.55
  63059.102    65.377    -2.65    1.39
  63345.893    64.937    -1.54    0.97
  63632.703    64.593    -1.20    0.86
  63919.530    64.355    -0.83    0.88
  64206.374    64.492     0.48    1.25
  64493.237    64.553     0.21    1.40
  64780.117    64.675     0.43    1.55
  65067.015    64.968     1.02    1.67
  65353.931    65.459     1.71    1.67
  65640.865    65.860     1.40    1.56
  65927.817    66.238     1.32    1.29
  66214.786    66.570     1.16    0.95
  66501.773    66.833     0.92    0.54
