# NaN NaN NaN ;Mean Elev.(m), Avg Gradient(m/km), RMS Gradient(m/km) - SRTM1     
#  100.180 -20.329  26.248 ;Mean Elev.(m), Avg Gradient(m/km), RMS Gradient(m/km) - ASTER GDEM
#  103.042 -20.348  26.166 ;Mean Elev.(m), Avg Gradient(m/km), RMS Gradient(m/km) - GMTED2010 
   1   281.253 54665.80639411  1.85 236.693762  63.101526  4.767 -100.00 -100.00 -100.00
   1   285.669 54665.80639470  1.77 236.698904  63.102742  4.831 -100.00 -100.00 -100.00
   1   289.997 54665.80639529  1.23 236.704046  63.103957  5.108 -100.00 -100.00 -100.00
   1   296.239 54665.80639588  0.59 236.709189  63.105173  3.568 -100.00 -100.00 -100.00
   2   221.348 54675.72203898  4.92 236.694495  63.103232  4.237 -100.00 -100.00 -100.00
   2   221.943 54675.72203957  6.00 236.699637  63.104447  6.121 -100.00 -100.00 -100.00
   2   223.161 54675.72204016  7.66 236.704779  63.105663  8.704 -100.00 -100.00 -100.00
   6   222.205 54715.38461505  9.63 236.696344  63.102385  4.549 -100.00 -100.00 -100.00
   6   223.046 54715.38461564  8.11 236.701485  63.103601  3.797 -100.00 -100.00 -100.00
   6   223.830 54715.38461623  8.69 236.706627  63.104816  3.996 -100.00 -100.00 -100.00
   8   222.452 54735.21591313  9.22 236.696661  63.100776  3.698 -100.00 -100.00 -100.00
   8   223.203 54735.21591372  8.97 236.701803  63.101992  4.032 -100.00 -100.00 -100.00
   8   224.112 54735.21591431  9.56 236.706944  63.103207  4.750 -100.00 -100.00 -100.00
  10   222.352 54755.04720817 12.09 236.701747  63.106483  8.691 -100.00 -100.00 -100.00
  10   222.669 54755.04720876 13.87 236.706890  63.107698  8.877 -100.00 -100.00 -100.00
  15   220.252 54804.62541158 12.72 236.693547  63.100841  4.731 -100.00 -100.00 -100.00
  15   221.486 54804.62541217 14.61 236.698688  63.102057  7.016 -100.00 -100.00 -100.00
  15   222.080 54804.62541276 15.70 236.703831  63.103272  7.819 -100.00 -100.00 -100.00
  15   222.918 54804.62541335 15.49 236.708974  63.104488  6.957 -100.00 -100.00 -100.00
  20   220.269 54854.20363343 12.96 236.698147  63.105813  6.232 -100.00 -100.00 -100.00
  20   222.206 54854.20363402 13.20 236.703290  63.107029  7.153 -100.00 -100.00 -100.00
  20   222.945 54854.20363461 13.00 236.708433  63.108244  6.413 -100.00 -100.00 -100.00
  21   219.952 54864.11928233 14.00 236.696816  63.107693  7.401 -100.00 -100.00 -100.00
  21   221.600 54864.11928292 12.37 236.701959  63.108909  5.191 -100.00 -100.00 -100.00
  21   222.046 54864.11928351 13.49 236.707103  63.110124  6.888 -100.00 -100.00 -100.00
  22   220.937 54874.03493109 12.47 236.697319  63.108609  5.554 -100.00 -100.00 -100.00
  22   221.812 54874.03493168 12.81 236.702463  63.109824  6.411 -100.00 -100.00 -100.00
  22   222.168 54874.03493227 14.56 236.707607  63.111039  8.946 -100.00 -100.00 -100.00
  23   221.113 54883.95057698 10.29 236.696478  63.107097  4.805 -100.00 -100.00 -100.00
  23   221.722 54883.95057757 12.14 236.701621  63.108313  5.938 -100.00 -100.00 -100.00
  23   222.580 54883.95057816 13.19 236.706765  63.109528  7.868 -100.00 -100.00 -100.00
  24   220.131 54893.86621935 12.68 236.696092  63.104121  7.912 -100.00 -100.00 -100.00
  24   220.906 54893.86621994 12.81 236.701235  63.105337  6.785 -100.00 -100.00 -100.00
  24   222.840 54893.86622053 13.04 236.706378  63.106552  7.359 -100.00 -100.00 -100.00
  25   284.019 54903.78185892  1.89 236.694651  63.101487  4.190 -100.00 -100.00 -100.00
  25   285.643 54903.78185951  1.98 236.699793  63.102703  3.914 -100.00 -100.00 -100.00
  25   287.245 54903.78186010  2.13 236.704936  63.103918  4.045 -100.00 -100.00 -100.00
  25   292.504 54903.78186070  2.36 236.710080  63.105133  4.063 -100.00 -100.00 -100.00
  26   282.478 54913.69749792  2.07 236.697381  63.101923  5.255 -100.00 -100.00 -100.00
  26   285.451 54913.69749851  2.51 236.702524  63.103138  5.560 -100.00 -100.00 -100.00
  26   288.319 54913.69749910  2.06 236.707667  63.104353  4.554 -100.00 -100.00 -100.00
  27   220.215 54923.61313569  9.88 236.694312  63.102551  5.368 -100.00 -100.00 -100.00
  27   220.858 54923.61313628 11.32 236.699455  63.103766  7.502 -100.00 -100.00 -100.00
  27   222.672 54923.61313687  9.89 236.704598  63.104981  5.278 -100.00 -100.00 -100.00
  30   223.085 54953.36004223 13.68 236.704558  63.101661  5.414 -100.00 -100.00 -100.00
  30   224.006 54953.36004282 14.55 236.709700  63.102876  5.900 -100.00 -100.00 -100.00
  32   223.285 54973.19133377 10.38 236.695422  63.098507  3.359 -100.00 -100.00 -100.00
  32   225.084 54973.19133436  9.41 236.700563  63.099722  3.088 -100.00 -100.00 -100.00
  32   225.267 54973.19133495  9.91 236.705704  63.100937  3.354 -100.00 -100.00 -100.00
  32   226.180 54973.19133554 10.09 236.710846  63.102153  3.841 -100.00 -100.00 -100.00
  35   222.453 55002.93827620 10.72 236.696505  63.104336  3.258 -100.00 -100.00 -100.00
  35   223.628 55002.93827679 11.13 236.701647  63.105551  5.182 -100.00 -100.00 -100.00
  35   224.298 55002.93827738 10.97 236.706790  63.106766  4.564 -100.00 -100.00 -100.00
  36   219.145 55012.85392056  8.29 236.694484  63.103832  2.955 -100.00 -100.00 -100.00
  36   219.113 55012.85392115  7.69 236.699626  63.105047  3.338 -100.00 -100.00 -100.00
  36   219.105 55012.85392174  7.50 236.704769  63.106262  2.675 -100.00 -100.00 -100.00
  37   222.229 55022.76956380 10.16 236.695530  63.103716  4.210 -100.00 -100.00 -100.00
  37   226.020 55022.76956439  9.96 236.700672  63.104931  3.765 -100.00 -100.00 -100.00
  37   223.918 55022.76956498 11.08 236.705815  63.106147  5.175 -100.00 -100.00 -100.00
  38   275.654 55032.68520601  1.13 236.693865  63.104055  2.857 -100.00 -100.00 -100.00
  38   278.443 55032.68520660  2.15 236.699007  63.105271  4.578 -100.00 -100.00 -100.00
  38   281.281 55032.68520719  3.97 236.704150  63.106486  7.627 -100.00 -100.00 -100.00
  39   215.457 55042.60084780  4.75 236.694673  63.105252  3.311 -100.00 -100.00 -100.00
  39   215.669 55042.60084839  4.97 236.699815  63.106467  3.073 -100.00 -100.00 -100.00
  39   216.030 55042.60084898  5.11 236.704958  63.107683  3.347 -100.00 -100.00 -100.00
  40   237.954 55052.51648783  6.46 236.695033  63.105156  6.507 -100.00 -100.00 -100.00
  40   242.632 55052.51648842  5.88 236.700175  63.106371  4.841 -100.00 -100.00 -100.00
  40   244.722 55052.51648901  6.42 236.705318  63.107587  4.322 -100.00 -100.00 -100.00
  41   225.669 55062.43212568  4.66 236.696977  63.103652  2.415 -100.00 -100.00 -100.00
  41   223.548 55062.43212627  5.02 236.702118  63.104868  3.025 -100.00 -100.00 -100.00
  41   224.469 55062.43212686  5.80 236.707261  63.106083  3.583 -100.00 -100.00 -100.00
  42   222.769 55072.34776896  7.16 236.694404  63.100868  4.076 -100.00 -100.00 -100.00
  42   225.996 55072.34776955  6.80 236.699544  63.102083  3.280 -100.00 -100.00 -100.00
  42   227.722 55072.34777014  5.38 236.704686  63.103299  2.792 -100.00 -100.00 -100.00
  42   229.445 55072.34777073  7.55 236.709828  63.104514  3.891 -100.00 -100.00 -100.00
  43   221.957 55082.26341754  7.23 236.696712  63.100256  3.288 -100.00 -100.00 -100.00
  43   226.685 55082.26341813  7.21 236.701853  63.101471  3.617 -100.00 -100.00 -100.00
  43   223.885 55082.26341872  8.34 236.706995  63.102687  4.710 -100.00 -100.00 -100.00
  44   221.887 55092.17906435  5.91 236.695415  63.100565  2.793 -100.00 -100.00 -100.00
  44   223.040 55092.17906494  4.77 236.700557  63.101780  2.808 -100.00 -100.00 -100.00
  44   225.770 55092.17906553  4.88 236.705698  63.102995  3.530 -100.00 -100.00 -100.00
  44   225.114 55092.17906612  7.11 236.710841  63.104210  3.945 -100.00 -100.00 -100.00
  45   225.979 55102.09471126  6.43 236.696767  63.102579  3.174 -100.00 -100.00 -100.00
  45   225.186 55102.09471185  6.25 236.701909  63.103794  2.710 -100.00 -100.00 -100.00
  45   225.335 55102.09471244  6.93 236.707051  63.105009  3.271 -100.00 -100.00 -100.00
  46   221.224 55112.01035748 10.49 236.695286  63.103704  5.506 -100.00 -100.00 -100.00
  46   222.144 55112.01035807 10.52 236.700428  63.104919  5.137 -100.00 -100.00 -100.00
  46   222.835 55112.01035866 10.87 236.705571  63.106134  4.996 -100.00 -100.00 -100.00
  47   220.059 55121.92600144 13.30 236.695247  63.103245  8.347 -100.00 -100.00 -100.00
  47   221.894 55121.92600204 14.45 236.700390  63.104461  7.760 -100.00 -100.00 -100.00
  47   223.029 55121.92600263 14.87 236.705532  63.105676  7.908 -100.00 -100.00 -100.00
  48   222.199 55131.84164262  8.83 236.697339  63.101862  4.916 -100.00 -100.00 -100.00
  48   222.071 55131.84164321 11.55 236.702482  63.103078  7.772 -100.00 -100.00 -100.00
  48   223.208 55131.84164380 10.16 236.707625  63.104293  5.994 -100.00 -100.00 -100.00
  49   221.409 55141.75728155 10.82 236.697651  63.100227  5.826 -100.00 -100.00 -100.00
  49   222.099 55141.75728214 11.40 236.702793  63.101442  5.435 -100.00 -100.00 -100.00
  49   223.190 55141.75728273 12.06 236.707935  63.102657  7.097 -100.00 -100.00 -100.00
  50   220.215 55151.67292000 12.45 236.698324  63.100562  7.430 -100.00 -100.00 -100.00
  50   221.627 55151.67292059 12.67 236.703466  63.101777  7.695 -100.00 -100.00 -100.00
  50   222.901 55151.67292118 11.20 236.708609  63.102992  5.379 -100.00 -100.00 -100.00
  51   219.579 55161.58855832 11.97 236.695624  63.101339  7.175 -100.00 -100.00 -100.00
  51   221.156 55161.58855891 12.11 236.700766  63.102554  6.642 -100.00 -100.00 -100.00
  51   221.787 55161.58855951 13.08 236.705909  63.103770  8.570 -100.00 -100.00 -100.00
  61   218.806 55260.74500472 13.77 236.698782  63.102462 10.810 -100.00 -100.00 -100.00
  61   220.057 55260.74500531 14.19 236.703925  63.103677 13.639 -100.00 -100.00 -100.00
  61   217.633 55260.74500590 14.61 236.709069  63.104892 12.393 -100.00 -100.00 -100.00
  62   219.174 55270.66064234 11.82 236.695068  63.101811  6.984 -100.00 -100.00 -100.00
  62   220.316 55270.66064293 12.51 236.700210  63.103026  7.705 -100.00 -100.00 -100.00
  62   219.991 55270.66064352 12.97 236.705353  63.104241  9.687 -100.00 -100.00 -100.00
  63   219.363 55280.57628028 11.36 236.694899  63.102095  7.619 -100.00 -100.00 -100.00
  63   220.433 55280.57628087 11.91 236.700041  63.103310  8.805 -100.00 -100.00 -100.00
  63   221.251 55280.57628146 12.93 236.705184  63.104525  8.774 -100.00 -100.00 -100.00
  64   220.192 55290.49191708 10.57 236.696235  63.101996  7.606 -100.00 -100.00 -100.00
  64   221.415 55290.49191767 10.42 236.701377  63.103211  7.032 -100.00 -100.00 -100.00
  64   222.025 55290.49191827 11.90 236.706519  63.104427  9.944 -100.00 -100.00 -100.00
  66   223.035 55310.32319725 16.41 236.698289  63.100239  4.944 -100.00 -100.00 -100.00
  66   222.421 55310.32319784 20.35 236.703430  63.101454  8.821 -100.00 -100.00 -100.00
  66   197.641 55310.32319843 22.67 236.708571  63.102670 13.191 -100.00 -100.00 -100.00
  67   222.496 55320.23884280 12.63 236.697855  63.100025  4.090 -100.00 -100.00 -100.00
  67   223.965 55320.23884339 12.80 236.702996  63.101240  4.074 -100.00 -100.00 -100.00
  67   224.831 55320.23884398 14.06 236.708137  63.102455  5.354 -100.00 -100.00 -100.00
  68   222.057 55330.15448708  8.88 236.694120  63.100130  3.309 -100.00 -100.00 -100.00
  68   222.720 55330.15448767  9.73 236.699261  63.101346  4.881 -100.00 -100.00 -100.00
  68   223.377 55330.15448826 11.27 236.704402  63.102561  6.429 -100.00 -100.00 -100.00
  68   224.108 55330.15448885 12.14 236.709544  63.103776  7.605 -100.00 -100.00 -100.00
  69   222.540 55340.07013208  9.63 236.697338  63.102548  3.447 -100.00 -100.00 -100.00
  69   223.438 55340.07013268 10.36 236.702479  63.103764  3.848 -100.00 -100.00 -100.00
  69   224.228 55340.07013327 11.39 236.707622  63.104979  4.442 -100.00 -100.00 -100.00
  70   221.649 55349.98577620  7.51 236.695453  63.103170  3.788 -100.00 -100.00 -100.00
  70   222.501 55349.98577679  7.74 236.700595  63.104385  3.929 -100.00 -100.00 -100.00
  70   223.282 55349.98577738  9.73 236.705737  63.105600  6.124 -100.00 -100.00 -100.00
  71   221.591 55359.90141842  7.21 236.695690  63.103565  4.710 -100.00 -100.00 -100.00
  71   222.236 55359.90141901  7.73 236.700832  63.104781  5.556 -100.00 -100.00 -100.00
  71   223.386 55359.90141960  8.44 236.705974  63.105996  4.987 -100.00 -100.00 -100.00
  72   221.800 55369.81705838  6.26 236.695592  63.103675  4.526 -100.00 -100.00 -100.00
  72   222.732 55369.81705897  6.49 236.700735  63.104890  6.059 -100.00 -100.00 -100.00
  72   223.328 55369.81705956  6.50 236.705877  63.106106  5.142 -100.00 -100.00 -100.00
  73   229.347 55379.73269670  6.03 236.694259  63.103648  3.135 -100.00 -100.00 -100.00
  73   227.280 55379.73269729  6.22 236.699401  63.104864  3.787 -100.00 -100.00 -100.00
  73   224.557 55379.73269788  6.89 236.704544  63.106079  4.137 -100.00 -100.00 -100.00
  75   228.859 55399.56397090  5.94 236.693519  63.103238  4.637 -100.00 -100.00 -100.00
  75   224.047 55399.56397149  5.91 236.698660  63.104453  4.402 -100.00 -100.00 -100.00
  75   226.354 55399.56397208  5.29 236.703802  63.105669  3.652 -100.00 -100.00 -100.00
  75   224.509 55399.56397267  6.65 236.708945  63.106884  4.328 -100.00 -100.00 -100.00
  76   221.724 55409.47961762  6.48 236.694233  63.102054  4.258 -100.00 -100.00 -100.00
  76   222.556 55409.47961821  7.12 236.699374  63.103270  5.199 -100.00 -100.00 -100.00
  76   223.664 55409.47961880  7.65 236.704516  63.104486  4.897 -100.00 -100.00 -100.00
  76   224.374 55409.47961939  8.81 236.709658  63.105701  5.650 -100.00 -100.00 -100.00
  77   222.809 55419.39526825  8.94 236.697111  63.101121  6.618 -100.00 -100.00 -100.00
  77   225.299 55419.39526884  8.75 236.702252  63.102336  5.639 -100.00 -100.00 -100.00
  77   224.620 55419.39526943  9.88 236.707393  63.103551  7.114 -100.00 -100.00 -100.00
  78   222.563 55429.31091529  9.07 236.696963  63.100252  4.381 -100.00 -100.00 -100.00
  78   223.820 55429.31091589  9.32 236.702104  63.101467  4.548 -100.00 -100.00 -100.00
  78   224.741 55429.31091648 10.04 236.707245  63.102682  4.657 -100.00 -100.00 -100.00
  79   221.682 55439.22655976 11.29 236.694745  63.100545  5.119 -100.00 -100.00 -100.00
  79   222.872 55439.22656035 10.91 236.699886  63.101760  5.605 -100.00 -100.00 -100.00
  79   223.975 55439.22656094 11.04 236.705028  63.102975  5.245 -100.00 -100.00 -100.00
  79   224.800 55439.22656153 12.79 236.710170  63.104190  6.830 -100.00 -100.00 -100.00
  80   222.583 55449.14220348  8.91 236.697313  63.102635  4.605 -100.00 -100.00 -100.00
  80   223.658 55449.14220407  8.77 236.702455  63.103850  4.456 -100.00 -100.00 -100.00
  80   224.537 55449.14220466  9.42 236.707597  63.105065  5.983 -100.00 -100.00 -100.00
  81   229.683 55459.05784616  4.50 236.694427  63.102485  9.761 -100.00 -100.00 -100.00
  81   228.226 55459.05784675  7.28 236.699568  63.103700 15.620 -100.00 -100.00 -100.00
  81   228.866 55459.05784734  5.37 236.704711  63.104915 11.354 -100.00 -100.00 -100.00
  82   222.785 55468.97348852  9.53 236.696834  63.102260  3.772 -100.00 -100.00 -100.00
  82   224.850 55468.97348911  8.70 236.701976  63.103476  3.583 -100.00 -100.00 -100.00
  82   224.954 55468.97348970  9.24 236.707118  63.104691  3.445 -100.00 -100.00 -100.00
  83   222.960 55478.88912736  6.99 236.697470  63.100720  3.026 -100.00 -100.00 -100.00
  83   224.344 55478.88912795  6.48 236.702612  63.101935  3.573 -100.00 -100.00 -100.00
  83   224.950 55478.88912854  6.94 236.707754  63.103151  3.183 -100.00 -100.00 -100.00
  84   221.385 55488.80476300  9.97 236.695380  63.099007  6.099 -100.00 -100.00 -100.00
  84   222.349 55488.80476359  9.76 236.700522  63.100222  6.112 -100.00 -100.00 -100.00
  84   223.106 55488.80476418 10.85 236.705664  63.101438  7.651 -100.00 -100.00 -100.00
  84   224.261 55488.80476477 11.15 236.710806  63.102653  6.864 -100.00 -100.00 -100.00
  85   220.790 55498.72039690 12.80 236.697335  63.099345  6.416 -100.00 -100.00 -100.00
  85   222.158 55498.72039749 12.35 236.702476  63.100561  7.221 -100.00 -100.00 -100.00
  85   223.150 55498.72039808 13.75 236.707618  63.101776  8.221 -100.00 -100.00 -100.00
  86   219.104 55508.63603597 14.22 236.695046  63.100279  7.440 -100.00 -100.00 -100.00
  86   221.053 55508.63603656 16.15 236.700188  63.101494 10.424 -100.00 -100.00 -100.00
  86   220.477 55508.63603715 16.92 236.705330  63.102710 10.994 -100.00 -100.00 -100.00
  86   223.069 55508.63603774 16.94 236.710473  63.103925 11.338 -100.00 -100.00 -100.00
  87   220.474 55518.55168638 15.03 236.696094  63.102394  6.212 -100.00 -100.00 -100.00
  87   221.093 55518.55168697 16.51 236.701236  63.103610  8.081 -100.00 -100.00 -100.00
  87   222.477 55518.55168756 17.65 236.706379  63.104825 11.690 -100.00 -100.00 -100.00
  88   346.650 55528.46733530  0.52 236.693088  63.102680  8.988 -100.00 -100.00 -100.00
  88   342.421 55528.46733589  2.69 236.698230  63.103896 10.439 -100.00 -100.00 -100.00
  92   212.682 55568.12991477 19.04 236.701055  63.107379 19.181 -100.00 -100.00 -100.00
  92   213.869 55568.12991536 19.21 236.706198  63.108594 16.100 -100.00 -100.00 -100.00
  97   221.201 55617.70809683  8.88 236.698653  63.099179  5.532 -100.00 -100.00 -100.00
  97   222.371 55617.70809742  9.21 236.703795  63.100395  5.524 -100.00 -100.00 -100.00
  97   223.325 55617.70809802  8.64 236.708937  63.101611  4.907 -100.00 -100.00 -100.00
  98   220.832 55627.62374244  9.47 236.697931  63.101388  5.193 -100.00 -100.00 -100.00
  98   222.359 55627.62374303  9.13 236.703073  63.102604  5.066 -100.00 -100.00 -100.00
  98   223.462 55627.62374362  9.68 236.708216  63.103819  5.037 -100.00 -100.00 -100.00
  99   220.552 55637.53939385 10.45 236.697584  63.102470  6.868 -100.00 -100.00 -100.00
  99   221.624 55637.53939444 10.34 236.702726  63.103686  6.217 -100.00 -100.00 -100.00
  99   222.342 55637.53939503 10.84 236.707869  63.104901  6.757 -100.00 -100.00 -100.00
 100   219.197 55647.45504289  7.71 236.696246  63.101376  3.511 -100.00 -100.00 -100.00
 100   220.378 55647.45504348  9.22 236.701387  63.102591  4.897 -100.00 -100.00 -100.00
 100   222.199 55647.45504407  8.75 236.706529  63.103807  4.103 -100.00 -100.00 -100.00
 101   220.116 55657.37068889  7.70 236.694159  63.099147  5.429 -100.00 -100.00 -100.00
 101   221.271 55657.37068948  8.76 236.699300  63.100363  6.595 -100.00 -100.00 -100.00
 101   222.798 55657.37069007  7.85 236.704441  63.101578  4.925 -100.00 -100.00 -100.00
 101   222.518 55657.37069066  9.04 236.709583  63.102793  6.374 -100.00 -100.00 -100.00
 105   321.227 55697.03324507  0.78 236.693772  63.102553  4.085 -100.00 -100.00 -100.00
 105   316.771 55697.03324566  0.85 236.698913  63.103768  4.982 -100.00 -100.00 -100.00
 106   222.651 55706.94888052 12.54 236.696936  63.102592  4.835 -100.00 -100.00 -100.00
 106   223.887 55706.94888111 11.24 236.702078  63.103808  4.283 -100.00 -100.00 -100.00
 106   224.336 55706.94888170 14.67 236.707220  63.105023  7.965 -100.00 -100.00 -100.00
 107   221.797 55716.86453083  9.28 236.693459  63.101504  3.684 -100.00 -100.00 -100.00
 107   222.710 55716.86453142  9.06 236.698601  63.102720  4.794 -100.00 -100.00 -100.00
 107   224.320 55716.86453202  8.21 236.703743  63.103935  4.244 -100.00 -100.00 -100.00
 107   224.423 55716.86453261 10.32 236.708885  63.105151  4.900 -100.00 -100.00 -100.00
 108   222.344 55726.78017984  7.28 236.696211  63.102678  3.459 -100.00 -100.00 -100.00
 108   223.428 55726.78018043  7.28 236.701353  63.103894  3.958 -100.00 -100.00 -100.00
 108   224.174 55726.78018102  7.52 236.706495  63.105109  3.742 -100.00 -100.00 -100.00
 109   222.190 55736.69582686  7.67 236.696317  63.104162  4.918 -100.00 -100.00 -100.00
 109   223.807 55736.69582746  7.38 236.701460  63.105377  4.306 -100.00 -100.00 -100.00
 109   223.785 55736.69582805  8.84 236.706602  63.106593  5.567 -100.00 -100.00 -100.00
 110   280.120 55746.61147238  2.94 236.694567  63.105156  5.736 -100.00 -100.00 -100.00
 110   282.240 55746.61147297  2.35 236.699709  63.106372  5.257 -100.00 -100.00 -100.00
 110   284.771 55746.61147356  2.33 236.704852  63.107587  5.937 -100.00 -100.00 -100.00
 111   279.923 55756.52711622  4.93 236.697120  63.105473  8.766 -100.00 -100.00 -100.00
 111   282.524 55756.52711681  4.28 236.702262  63.106688  9.225 -100.00 -100.00 -100.00
 111   284.855 55756.52711740  3.79 236.707405  63.107903  7.692 -100.00 -100.00 -100.00
 112   223.460 55766.44275674  5.91 236.694835  63.102426  3.437 -100.00 -100.00 -100.00
 112   226.572 55766.44275733  5.27 236.699976  63.103641  3.012 -100.00 -100.00 -100.00
 112   224.811 55766.44275792  6.34 236.705118  63.104857  4.234 -100.00 -100.00 -100.00
 113   221.922 55776.35839447  8.54 236.694239  63.099099  4.124 -100.00 -100.00 -100.00
 113   222.972 55776.35839506  7.65 236.699379  63.100314  3.744 -100.00 -100.00 -100.00
 113   224.109 55776.35839565  8.32 236.704520  63.101530  4.570 -100.00 -100.00 -100.00
 113   224.776 55776.35839624  8.93 236.709662  63.102745  5.712 -100.00 -100.00 -100.00
 114   282.026 55786.27402968  2.52 236.694477  63.097453  5.442 -100.00 -100.00 -100.00
 114   284.830 55786.27403027  4.19 236.699617  63.098669  7.357 -100.00 -100.00 -100.00
 114   287.242 55786.27403086  2.73 236.704758  63.099884  4.772 -100.00 -100.00 -100.00
 114   289.188 55786.27403145  3.60 236.709899  63.101100  6.921 -100.00 -100.00 -100.00
 116   222.243 55806.10530454 10.18 236.696352  63.100930  4.435 -100.00 -100.00 -100.00
 116   225.749 55806.10530513  9.94 236.701493  63.102146  3.658 -100.00 -100.00 -100.00
 116   224.678 55806.10530572 10.78 236.706635  63.103361  4.907 -100.00 -100.00 -100.00
 117   222.110 55816.02095389  8.62 236.696165  63.102233  3.708 -100.00 -100.00 -100.00
 117   223.233 55816.02095448  9.09 236.701306  63.103449  4.205 -100.00 -100.00 -100.00
 117   224.229 55816.02095507  9.48 236.706448  63.104664  4.591 -100.00 -100.00 -100.00
 118   222.986 55825.93660034  7.43 236.698434  63.101426  2.891 -100.00 -100.00 -100.00
 118   223.673 55825.93660093  7.42 236.703575  63.102641  3.080 -100.00 -100.00 -100.00
 118   224.539 55825.93660152  9.19 236.708717  63.103857  3.954 -100.00 -100.00 -100.00
 119   223.297 55835.85224186  8.26 236.697259  63.099054  3.422 -100.00 -100.00 -100.00
 119   225.195 55835.85224245  7.71 236.702400  63.100270  3.155 -100.00 -100.00 -100.00
 119   224.833 55835.85224304  8.44 236.707542  63.101485  3.886 -100.00 -100.00 -100.00
 120   222.558 55845.76788012  8.09 236.696947  63.097858  3.437 -100.00 -100.00 -100.00
 120   224.341 55845.76788071  7.92 236.702088  63.099074  3.889 -100.00 -100.00 -100.00
 120   225.254 55845.76788131  8.10 236.707230  63.100289  3.715 -100.00 -100.00 -100.00
 120   225.613 55845.76788190  9.25 236.712372  63.101505  4.527 -100.00 -100.00 -100.00
 121   221.740 55855.68351611  9.58 236.698675  63.099480  5.361 -100.00 -100.00 -100.00
 121   222.413 55855.68351670 11.61 236.703817  63.100696 10.903 -100.00 -100.00 -100.00
 121   223.693 55855.68351730 11.29 236.708959  63.101911  8.136 -100.00 -100.00 -100.00
 122   218.669 55865.59915704 17.28 236.693459  63.100852  9.445 -100.00 -100.00 -100.00
 122   221.128 55865.59915763 17.47 236.698600  63.102068  9.407 -100.00 -100.00 -100.00
 122   221.596 55865.59915822 16.36 236.703742  63.103283  8.291 -100.00 -100.00 -100.00
 122   222.690 55865.59915881 17.43 236.708885  63.104499 10.085 -100.00 -100.00 -100.00
 124   220.197 55885.43045702 14.90 236.693860  63.103618  5.279 -100.00 -100.00 -100.00
 124   220.946 55885.43045761 15.74 236.699002  63.104834  7.004 -100.00 -100.00 -100.00
 124   222.146 55885.43045821 16.46 236.704144  63.106050  6.690 -100.00 -100.00 -100.00
 125   219.628 55895.34609831 16.15 236.696599  63.103244  7.395 -100.00 -100.00 -100.00
 125   221.099 55895.34609890 16.45 236.701741  63.104460  6.757 -100.00 -100.00 -100.00
 125   221.602 55895.34609949 18.39 236.706884  63.105675 10.232 -100.00 -100.00 -100.00
 132   282.573 55964.75560602  2.71 236.694651  63.098477  4.919 -100.00 -100.00 -100.00
 132   284.714 55964.75560661  2.68 236.699793  63.099692  4.840 -100.00 -100.00 -100.00
 132   285.084 55964.75560720  3.44 236.704935  63.100908  5.102 -100.00 -100.00 -100.00
 132   289.322 55964.75560780  3.75 236.710078  63.102123  5.973 -100.00 -100.00 -100.00
 134   221.796 55984.58688057 10.97 236.702485  63.103276  6.313 -100.00 -100.00 -100.00
 134   222.962 55984.58688116 10.56 236.707627  63.104491  6.018 -100.00 -100.00 -100.00
 136   220.186 56004.41816498  8.36 236.695422  63.100975  5.126 -100.00 -100.00 -100.00
 136   220.905 56004.41816557  9.41 236.700563  63.102191  5.751 -100.00 -100.00 -100.00
 136   221.796 56004.41816616 11.05 236.705705  63.103406  7.493 -100.00 -100.00 -100.00
 136   223.924 56004.41816675  9.46 236.710847  63.104621  5.813 -100.00 -100.00 -100.00
 137   217.519 56014.33381334 10.90 236.696038  63.099327 10.184 -100.00 -100.00 -100.00
 137   220.175 56014.33381393 10.29 236.701179  63.100542  9.304 -100.00 -100.00 -100.00
 137   222.094 56014.33381452  8.38 236.706320  63.101757  5.551 -100.00 -100.00 -100.00
 137   223.641 56014.33381511  9.58 236.711462  63.102973  7.871 -100.00 -100.00 -100.00
 138   221.493 56024.24945878  6.95 236.696819  63.099245  3.775 -100.00 -100.00 -100.00
 138   222.139 56024.24945937  7.31 236.701960  63.100460  3.987 -100.00 -100.00 -100.00
 138   221.763 56024.24945996  9.70 236.707101  63.101675  7.455 -100.00 -100.00 -100.00
 138   216.755 56024.24946055 13.15 236.712243  63.102890 12.600 -100.00 -100.00 -100.00
 140   221.448 56044.08074328  7.10 236.693674  63.103036  4.472 -100.00 -100.00 -100.00
 140   222.313 56044.08074387  7.13 236.698816  63.104251  4.247 -100.00 -100.00 -100.00
 140   223.571 56044.08074446  6.74 236.703958  63.105467  3.341 -100.00 -100.00 -100.00
 140   224.131 56044.08074505  7.88 236.709101  63.106682  4.348 -100.00 -100.00 -100.00
 142   223.300 56063.91201726 12.99 236.698045  63.104469  4.410 -100.00 -100.00 -100.00
 142   223.955 56063.91201785 13.80 236.703187  63.105684  5.430 -100.00 -100.00 -100.00
 142   225.201 56063.91201844 14.89 236.708330  63.106900  5.676 -100.00 -100.00 -100.00
 143   222.089 56073.82766001 10.52 236.698053  63.103167  6.848 -100.00 -100.00 -100.00
 143   223.230 56073.82766060  9.96 236.703195  63.104382  6.112 -100.00 -100.00 -100.00
 143   224.220 56073.82766119 11.80 236.708338  63.105598  7.155 -100.00 -100.00 -100.00
 144   221.821 56083.74330945  6.82 236.694430  63.102496  3.752 -100.00 -100.00 -100.00
 144   222.532 56083.74331004  7.32 236.699572  63.103711  4.022 -100.00 -100.00 -100.00
 144   223.756 56083.74331063  7.43 236.704715  63.104927  5.016 -100.00 -100.00 -100.00
 146   221.969 56103.57460231  8.47 236.695388  63.104226  5.550 -100.00 -100.00 -100.00
 146   222.433 56103.57460290  9.36 236.700530  63.105441  6.389 -100.00 -100.00 -100.00
 146   223.356 56103.57460349 10.98 236.705672  63.106657  8.471 -100.00 -100.00 -100.00
 147   223.133 56113.49023278  6.79 236.693919  63.103260  3.044 -100.00 -100.00 -100.00
 147   224.383 56113.49023337  6.99 236.699060  63.104475  3.600 -100.00 -100.00 -100.00
 147   224.929 56113.49023396  6.67 236.704202  63.105691  3.693 -100.00 -100.00 -100.00
 149   229.124 56133.32150590  4.77 236.697399  63.099546  2.976 -100.00 -100.00 -100.00
 149   224.940 56133.32150649  5.88 236.702540  63.100762  3.905 -100.00 -100.00 -100.00
 149   224.209 56133.32150708  6.96 236.707681  63.101977  4.092 -100.00 -100.00 -100.00
 150   222.055 56143.23714414  6.00 236.697405  63.098465  4.187 -100.00 -100.00 -100.00
 150   224.487 56143.23714473  6.12 236.702545  63.099680  4.456 -100.00 -100.00 -100.00
 150   227.924 56143.23714532  6.87 236.707686  63.100896  5.154 -100.00 -100.00 -100.00
 150   224.834 56143.23714591  7.63 236.712827  63.102111  5.378 -100.00 -100.00 -100.00
 151   223.829 56153.15279451  7.72 236.693739  63.099128  3.061 -100.00 -100.00 -100.00
 151   229.526 56153.15279510  8.01 236.698880  63.100343  3.033 -100.00 -100.00 -100.00
 151   227.762 56153.15279569  8.61 236.704021  63.101558  3.380 -100.00 -100.00 -100.00
 151   225.388 56153.15279628  9.61 236.709163  63.102774  3.579 -100.00 -100.00 -100.00
 153   222.838 56172.98409178 10.21 236.697879  63.103377  3.940 -100.00 -100.00 -100.00
 153   223.892 56172.98409237 10.72 236.703021  63.104593  5.348 -100.00 -100.00 -100.00
 153   224.192 56172.98409296 13.26 236.708164  63.105808  7.501 -100.00 -100.00 -100.00
 154   222.203 56182.89973387 10.76 236.697057  63.102327  5.688 -100.00 -100.00 -100.00
 154   223.573 56182.89973446 10.50 236.702199  63.103543  5.578 -100.00 -100.00 -100.00
 154   224.268 56182.89973505 11.23 236.707341  63.104758  6.240 -100.00 -100.00 -100.00
 155   222.130 56192.81537199  9.21 236.695204  63.100160  3.185 -100.00 -100.00 -100.00
 155   222.805 56192.81537258  9.50 236.700345  63.101375  4.385 -100.00 -100.00 -100.00
 155   223.964 56192.81537317 10.35 236.705487  63.102591  4.599 -100.00 -100.00 -100.00
 155   224.806 56192.81537376 10.46 236.710630  63.103806  5.642 -100.00 -100.00 -100.00
 156   229.994 56202.73100761  8.48 236.694947  63.099204  3.342 -100.00 -100.00 -100.00
 156   222.908 56202.73100820 10.06 236.700088  63.100420  4.362 -100.00 -100.00 -100.00
 156   223.915 56202.73100879 10.46 236.705230  63.101635  5.163 -100.00 -100.00 -100.00
 156   224.547 56202.73100938 11.68 236.710372  63.102851  6.497 -100.00 -100.00 -100.00
 157   221.726 56212.64664176  9.84 236.696472  63.100328  4.741 -100.00 -100.00 -100.00
 157   222.197 56212.64664235 10.56 236.701614  63.101544  6.836 -100.00 -100.00 -100.00
 157   223.624 56212.64664294 10.53 236.706756  63.102759  6.152 -100.00 -100.00 -100.00
 169   220.362 56331.63438097  8.08 236.693582  63.100994  5.211 -100.00 -100.00 -100.00
 169   221.038 56331.63438156  8.66 236.698724  63.102210  4.808 -100.00 -100.00 -100.00
 169   221.569 56331.63438215 10.68 236.703867  63.103425  7.444 -100.00 -100.00 -100.00
 169   221.777 56331.63438274 12.18 236.709010  63.104640  7.873 -100.00 -100.00 -100.00
 170   220.831 56341.55002190 10.16 236.700985  63.103446  7.799 -100.00 -100.00 -100.00
 170   221.567 56341.55002249 11.47 236.706127  63.104662  8.502 -100.00 -100.00 -100.00
 171   220.696 56351.46565944  9.96 236.699727  63.102801  7.352 -100.00 -100.00 -100.00
 171   221.134 56351.46566003 10.60 236.704869  63.104016  7.260 -100.00 -100.00 -100.00
 171   223.105 56351.46566063  9.12 236.710012  63.105232  5.874 -100.00 -100.00 -100.00
 172   222.289 56361.38129898  8.86 236.702200  63.102191  5.905 -100.00 -100.00 -100.00
 172   222.193 56361.38129957 10.44 236.707342  63.103407  6.672 -100.00 -100.00 -100.00
 174   220.802 56381.21259435  6.38 236.693408  63.101117  3.660 -100.00 -100.00 -100.00
 174   221.659 56381.21259494  7.37 236.698549  63.102332  4.293 -100.00 -100.00 -100.00
 174   222.637 56381.21259553  7.48 236.703691  63.103547  3.504 -100.00 -100.00 -100.00
 174   223.544 56381.21259612  7.65 236.708834  63.104763  4.153 -100.00 -100.00 -100.00
 178   190.359 56420.87515886  2.24 236.697781  63.104428  4.199 -100.00 -100.00 -100.00
 178   193.870 56420.87515945  2.05 236.702923  63.105644  3.885 -100.00 -100.00 -100.00
 178   197.974 56420.87516004  1.43 236.708066  63.106859  3.700 -100.00 -100.00 -100.00
 180   297.361 56440.70644998  0.60 236.698252  63.104696  4.021 -100.00 -100.00 -100.00
 180   292.457 56440.70645057  0.80 236.703394  63.105911  4.855 -100.00 -100.00 -100.00
 180   302.385 56440.70645116  0.08 236.708537  63.107126  4.308 -100.00 -100.00 -100.00
 181   222.420 56450.62210028 10.85 236.696382  63.104873  4.227 -100.00 -100.00 -100.00
 181   223.199 56450.62210087 11.32 236.701525  63.106088  6.089 -100.00 -100.00 -100.00
 181   224.024 56450.62210146 12.24 236.706668  63.107304  6.046 -100.00 -100.00 -100.00
 183    95.122 56470.45339318 34.68 236.697139  63.103214 17.548 -100.00 -100.00 -100.00
 183    94.678 56470.45339377 37.76 236.702281  63.104430 26.786 -100.00 -100.00 -100.00
 183    94.792 56470.45339437 39.52 236.707423  63.105645   -100 -100.00 -100.00 -100.00
 184    94.993 56480.36903420 41.76 236.697297  63.101877 27.077 -100.00 -100.00 -100.00
 184    94.887 56480.36903480 46.22 236.702439  63.103092   -100 -100.00 -100.00 -100.00
 184    94.734 56480.36903539 47.91 236.707581  63.104307   -100 -100.00 -100.00 -100.00
 186   221.323 56500.20030580  4.11 236.694262  63.100334  3.548 -100.00 -100.00 -100.00
 186   222.084 56500.20030639  5.88 236.699403  63.101550  5.290 -100.00 -100.00 -100.00
 186   223.044 56500.20030698  6.90 236.704545  63.102765  7.342 -100.00 -100.00 -100.00
 186   224.022 56500.20030757  6.73 236.709686  63.103980  5.314 -100.00 -100.00 -100.00
 187   221.467 56510.11593939  5.35 236.695338  63.100509  4.568 -100.00 -100.00 -100.00
 187   222.490 56510.11593998  4.43 236.700479  63.101725  3.420 -100.00 -100.00 -100.00
 187   223.143 56510.11594057  6.03 236.705620  63.102940  5.385 -100.00 -100.00 -100.00
 187   224.146 56510.11594116  7.67 236.710762  63.104156  5.650 -100.00 -100.00 -100.00
 188   222.264 56520.03158235  5.04 236.696135  63.100830  3.685 -100.00 -100.00 -100.00
 188   223.979 56520.03158295  4.62 236.701276  63.102045  4.059 -100.00 -100.00 -100.00
 188   226.987 56520.03158354  6.10 236.706418  63.103261  4.673 -100.00 -100.00 -100.00
 189   286.894 56529.94723598  0.58 236.695637  63.101091  4.556 -100.00 -100.00 -100.00
 189   291.610 56529.94723657  1.04 236.700778  63.102307  4.126 -100.00 -100.00 -100.00
 190   228.957 56539.86288579  6.92 236.697045  63.101382  7.148 -100.00 -100.00 -100.00
 190   227.076 56539.86288638  7.52 236.702187  63.102597  6.953 -100.00 -100.00 -100.00
 190   227.964 56539.86288697  7.37 236.707330  63.103813  4.660 -100.00 -100.00 -100.00
 191   221.836 56549.77853096  6.20 236.695390  63.101323  6.475 -100.00 -100.00 -100.00
 191   222.761 56549.77853155  6.59 236.700532  63.102538  7.024 -100.00 -100.00 -100.00
 191   224.495 56549.77853214  6.33 236.705674  63.103754  5.783 -100.00 -100.00 -100.00
 192   229.767 56559.69417397  7.81 236.694988  63.102618  3.300 -100.00 -100.00 -100.00
 192   222.559 56559.69417456  9.01 236.700130  63.103834  4.563 -100.00 -100.00 -100.00
 192   224.620 56559.69417515  9.00 236.705273  63.105049  3.917 -100.00 -100.00 -100.00
 193   270.932 56569.60981599  1.17 236.694750  63.104099  3.629 -100.00 -100.00 -100.00
 193   273.172 56569.60981658  1.99 236.699893  63.105315  4.828 -100.00 -100.00 -100.00
 193   273.270 56569.60981717  5.86 236.705036  63.106530  9.266 -100.00 -100.00 -100.00
 194   220.988 56579.52545677 13.86 236.695954  63.105267  7.246 -100.00 -100.00 -100.00
 194   221.023 56579.52545736 13.05 236.701097  63.106483  8.813 -100.00 -100.00 -100.00
 194   222.553 56579.52545795 14.54 236.706239  63.107698  9.189 -100.00 -100.00 -100.00
 196   220.202 56599.35673798 13.52 236.694018  63.102847  8.137 -100.00 -100.00 -100.00
 196   221.603 56599.35673857 12.29 236.699160  63.104063  7.419 -100.00 -100.00 -100.00
 196   222.383 56599.35673916 13.04 236.704302  63.105279  7.658 -100.00 -100.00 -100.00
 197   220.837 56609.27238878 12.23 236.694595  63.103096  5.341 -100.00 -100.00 -100.00
 197   221.466 56609.27238937 13.30 236.699737  63.104312  5.876 -100.00 -100.00 -100.00
 197   222.352 56609.27238996 14.20 236.704879  63.105527  7.762 -100.00 -100.00 -100.00
 205   220.740 56688.59754893 11.89 236.694758  63.103576  5.623 -100.00 -100.00 -100.00
 205   222.049 56688.59754953 11.24 236.699901  63.104792  5.463 -100.00 -100.00 -100.00
 205   222.894 56688.59755012 12.58 236.705044  63.106007  6.457 -100.00 -100.00 -100.00
 207   222.231 56708.42882706 12.11 236.705265  63.103569  6.766 -100.00 -100.00 -100.00
 207   223.475 56708.42882765 12.01 236.710408  63.104784  5.279 -100.00 -100.00 -100.00
 208   220.086 56718.34446388 10.87 236.695394  63.099816  4.890 -100.00 -100.00 -100.00
 208   220.933 56718.34446447 11.24 236.700535  63.101031  4.653 -100.00 -100.00 -100.00
 208   222.163 56718.34446506 11.79 236.705677  63.102247  6.114 -100.00 -100.00 -100.00
 208   223.089 56718.34446565 13.46 236.710819  63.103462  7.191 -100.00 -100.00 -100.00
 210   220.315 56738.17576568 11.39 236.696831  63.104512  5.561 -100.00 -100.00 -100.00
 210   221.207 56738.17576627 12.09 236.701973  63.105728  7.331 -100.00 -100.00 -100.00
 210   221.951 56738.17576686 13.02 236.707116  63.106943  8.415 -100.00 -100.00 -100.00
 211   220.563 56748.09141112 11.33 236.698676  63.107268  4.731 -100.00 -100.00 -100.00
 211   221.652 56748.09141171 12.30 236.703819  63.108483  5.844 -100.00 -100.00 -100.00
 212   220.341 56758.00705122 10.02 236.695661  63.106467  5.565 -100.00 -100.00 -100.00
 212   220.947 56758.00705181 11.79 236.700804  63.107683  6.433 -100.00 -100.00 -100.00
 212   221.597 56758.00705240 12.68 236.705947  63.108898  8.237 -100.00 -100.00 -100.00
 213   227.883 56767.92268552  3.06 236.696277  63.104477  3.059 -100.00 -100.00 -100.00
 213   224.150 56767.92268611  3.13 236.701420  63.105693  2.893 -100.00 -100.00 -100.00
 213   224.573 56767.92268670  4.60 236.706563  63.106908  3.989 -100.00 -100.00 -100.00
 215   222.000 56787.75398692  9.41 236.693287  63.103251  4.851 -100.00 -100.00 -100.00
 215   222.576 56787.75398751  9.66 236.698429  63.104467  5.112 -100.00 -100.00 -100.00
 215   224.900 56787.75398810  9.64 236.703572  63.105682  4.157 -100.00 -100.00 -100.00
 215   224.888 56787.75398869 10.80 236.708715  63.106898  4.738 -100.00 -100.00 -100.00
 217   222.539 56807.58528716 12.55 236.697681  63.107110  5.263 -100.00 -100.00 -100.00
 217   223.138 56807.58528775 13.33 236.702824  63.108325  7.070 -100.00 -100.00 -100.00
 217   224.125 56807.58528834 14.72 236.707967  63.109540  6.171 -100.00 -100.00 -100.00
 218   274.733 56817.50092809  2.62 236.698349  63.106073  6.571 -100.00 -100.00 -100.00
 218   232.993 56817.50092868  7.71 236.703492  63.107288 15.764 -100.00 -100.00 -100.00
 219   227.635 56827.41656470  5.79 236.693601  63.102204  3.882 -100.00 -100.00 -100.00
 219   229.304 56827.41656529  6.07 236.698743  63.103420  5.121 -100.00 -100.00 -100.00
 219   233.511 56827.41656588  6.32 236.703884  63.104635  5.820 -100.00 -100.00 -100.00
 219   224.049 56827.41656647  8.07 236.709027  63.105850  6.419 -100.00 -100.00 -100.00
 221   277.365 56847.24783018  1.89 236.696953  63.099161  5.643 -100.00 -100.00 -100.00
 221   280.006 56847.24783077  2.33 236.702093  63.100377  7.023 -100.00 -100.00 -100.00
 222   275.169 56857.16348178  4.70 236.696815  63.101444  9.275 -100.00 -100.00 -100.00
 222   278.275 56857.16348237  5.16 236.701956  63.102659  9.999 -100.00 -100.00 -100.00
 222   282.910 56857.16348296  3.39 236.707098  63.103875  7.922 -100.00 -100.00 -100.00
 223   221.674 56867.07913516  5.94 236.693634  63.103254  3.329 -100.00 -100.00 -100.00
 223   222.333 56867.07913575  7.20 236.698775  63.104470  5.170 -100.00 -100.00 -100.00
 223   223.374 56867.07913634  6.59 236.703917  63.105685  3.850 -100.00 -100.00 -100.00
 225   221.988 56886.91043652  7.24 236.698006  63.104143  3.945 -100.00 -100.00 -100.00
 225   222.869 56886.91043711  9.37 236.703149  63.105358  6.692 -100.00 -100.00 -100.00
 225   223.648 56886.91043770  8.95 236.708292  63.106573  5.358 -100.00 -100.00 -100.00
 226   230.218 56896.82608223  9.57 236.695439  63.102434  3.152 -100.00 -100.00 -100.00
 226   225.747 56896.82608282  9.59 236.700582  63.103649  3.196 -100.00 -100.00 -100.00
 226   225.196 56896.82608341 10.18 236.705724  63.104865  3.822 -100.00 -100.00 -100.00
 227   221.769 56906.74172564  8.64 236.696363  63.103331  3.346 -100.00 -100.00 -100.00
 227   223.250 56906.74172623  8.89 236.701505  63.104547  3.635 -100.00 -100.00 -100.00
 227   223.883 56906.74172682  9.66 236.706648  63.105762  4.893 -100.00 -100.00 -100.00
 229   276.866 56926.57300616  1.39 236.696663  63.107506  4.722 -100.00 -100.00 -100.00
 229   275.735 56926.57300675  3.94 236.701807  63.108722  7.692 -100.00 -100.00 -100.00
 229   279.597 56926.57300734  3.28 236.706950  63.109937  6.986 -100.00 -100.00 -100.00
 230   223.092 56936.48864153  6.97 236.695303  63.106941  2.872 -100.00 -100.00 -100.00
 230   224.061 56936.48864212  7.36 236.700445  63.108156  3.450 -100.00 -100.00 -100.00
 230   225.052 56936.48864271  8.01 236.705588  63.109372  4.306 -100.00 -100.00 -100.00
 231   221.132 56946.40427153  8.76 236.695730  63.104233  6.255 -100.00 -100.00 -100.00
 231   222.363 56946.40427212  9.06 236.700872  63.105448  5.940 -100.00 -100.00 -100.00
 231   222.147 56946.40427271 11.72 236.706014  63.106664  8.271 -100.00 -100.00 -100.00
 241   278.766 57045.56073672  5.44 236.697671  63.105011  5.643 -100.00 -100.00 -100.00
 241   282.060 57045.56073731  5.28 236.702814  63.106227  5.257 -100.00 -100.00 -100.00
 241   283.666 57045.56073790  5.62 236.707957  63.107442  5.073 -100.00 -100.00 -100.00
 242   219.922 57055.47637912 14.20 236.695584  63.104565  8.070 -100.00 -100.00 -100.00
 242   220.898 57055.47637971 14.70 236.700727  63.105780  8.161 -100.00 -100.00 -100.00
 242   221.664 57055.47638030 16.60 236.705870  63.106996 10.831 -100.00 -100.00 -100.00
 243   219.572 57065.39201640 13.07 236.694643  63.102266  6.300 -100.00 -100.00 -100.00
 243   220.726 57065.39201699 14.09 236.699785  63.103482  9.098 -100.00 -100.00 -100.00
 243   221.837 57065.39201758 14.39 236.704927  63.104697  8.271 -100.00 -100.00 -100.00
 244   220.065 57075.30764940 11.80 236.696015  63.100939  5.913 -100.00 -100.00 -100.00
 244   221.254 57075.30764999 12.72 236.701157  63.102155  7.430 -100.00 -100.00 -100.00
 244   222.075 57075.30765058 12.59 236.706299  63.103371  7.524 -100.00 -100.00 -100.00
 245   220.993 57085.22327950 10.17 236.698139  63.101088  5.331 -100.00 -100.00 -100.00
 245   222.003 57085.22328009 10.62 236.703280  63.102303  5.428 -100.00 -100.00 -100.00
 245   222.818 57085.22328068 11.17 236.708422  63.103519  5.644 -100.00 -100.00 -100.00
 246   218.749 57095.13893440 10.25 236.693314  63.103192  5.011 -100.00 -100.00 -100.00
 246   220.605 57095.13893499 10.86 236.698456  63.104408  5.705 -100.00 -100.00 -100.00
 246   221.614 57095.13893558 11.33 236.703598  63.105624  5.623 -100.00 -100.00 -100.00
 246   222.522 57095.13893617 11.92 236.708741  63.106839  7.433 -100.00 -100.00 -100.00
 247   220.952 57105.05459188 10.79 236.699174  63.107480  6.820 -100.00 -100.00 -100.00
 247   221.609 57105.05459247 11.29 236.704317  63.108695  7.127 -100.00 -100.00 -100.00
 250   230.249 57134.80152975  5.21 236.695489  63.103557  4.262 -100.00 -100.00 -100.00
 250   223.314 57134.80153034  6.81 236.700632  63.104772  7.091 -100.00 -100.00 -100.00
 250   225.300 57134.80153093  6.28 236.705775  63.105988  5.267 -100.00 -100.00 -100.00
 252   222.658 57154.63279907 13.40 236.693274  63.101606  8.149 -100.00 -100.00 -100.00
 252   223.160 57154.63279966 13.16 236.698415  63.102822  7.010 -100.00 -100.00 -100.00
 252   225.520 57154.63280025 13.31 236.703557  63.104037  5.651 -100.00 -100.00 -100.00
 252   225.864 57154.63280085 13.97 236.708700  63.105253  5.103 -100.00 -100.00 -100.00
 253   221.917 57164.54843734  9.40 236.695780  63.102610  9.701 -100.00 -100.00 -100.00
 253   222.820 57164.54843793 10.60 236.700922  63.103826 11.811 -100.00 -100.00 -100.00
 253   224.012 57164.54843852  9.81 236.706064  63.105042  7.692 -100.00 -100.00 -100.00
 254   223.365 57174.46409389  8.51 236.694127  63.103074  4.884 -100.00 -100.00 -100.00
 254   224.388 57174.46409448  8.28 236.699269  63.104290  4.843 -100.00 -100.00 -100.00
 254   225.692 57174.46409507  8.72 236.704411  63.105505  5.151 -100.00 -100.00 -100.00
 255   229.827 57184.37974691  5.77 236.693573  63.101892  3.102 -100.00 -100.00 -100.00
 255   231.154 57184.37974750  5.85 236.698714  63.103108  3.159 -100.00 -100.00 -100.00
 255   227.563 57184.37974809  7.18 236.703856  63.104323  4.849 -100.00 -100.00 -100.00
 255   224.662 57184.37974868  7.41 236.708998  63.105538  4.095 -100.00 -100.00 -100.00
 256   223.315 57194.29539625  6.88 236.695755  63.100833  3.711 -100.00 -100.00 -100.00
 256   223.765 57194.29539684  7.45 236.700896  63.102048  3.825 -100.00 -100.00 -100.00
 256   224.586 57194.29539743  8.05 236.706037  63.103263  5.344 -100.00 -100.00 -100.00
 257   243.434 57204.21103178  5.97 236.695999  63.100712  4.442 -100.00 -100.00 -100.00
 257   246.786 57204.21103237  7.23 236.701140  63.101927  6.191 -100.00 -100.00 -100.00
 257   249.533 57204.21103296  7.26 236.706282  63.103142  5.302 -100.00 -100.00 -100.00
 259   229.463 57224.04232176  9.21 236.697357  63.104425  4.160 -100.00 -100.00 -100.00
 259   223.491 57224.04232235 10.58 236.702500  63.105641  5.574 -100.00 -100.00 -100.00
 259   224.106 57224.04232294 11.45 236.707642  63.106856  6.100 -100.00 -100.00 -100.00
 260   223.562 57233.95796389  9.80 236.696867  63.104726  3.763 -100.00 -100.00 -100.00
 260   223.370 57233.95796448 10.11 236.702010  63.105941  4.493 -100.00 -100.00 -100.00
 260   223.931 57233.95796507 10.70 236.707152  63.107156  4.702 -100.00 -100.00 -100.00
 261   222.456 57243.87360292  6.88 236.697880  63.103859  3.742 -100.00 -100.00 -100.00
 261   223.122 57243.87360351  7.04 236.703022  63.105075  3.856 -100.00 -100.00 -100.00
 261   224.185 57243.87360410  9.29 236.708165  63.106290  5.274 -100.00 -100.00 -100.00
 262   219.779 57253.78923875  7.86 236.693635  63.101418  2.959 -100.00 -100.00 -100.00
 262   220.228 57253.78923935  7.16 236.698776  63.102633  2.718 -100.00 -100.00 -100.00
 262   220.900 57253.78923994  7.60 236.703918  63.103849  3.208 -100.00 -100.00 -100.00
 262   221.479 57253.78924053  8.20 236.709061  63.105064  3.921 -100.00 -100.00 -100.00
 263   228.321 57263.70487392  6.66 236.695386  63.101754  2.850 -100.00 -100.00 -100.00
 263   222.553 57263.70487451  7.46 236.700528  63.102969  3.898 -100.00 -100.00 -100.00
 263   223.503 57263.70487510  8.10 236.705670  63.104185  4.780 -100.00 -100.00 -100.00
 264   222.180 57273.62051237  8.57 236.695202  63.103105  2.842 -100.00 -100.00 -100.00
 264   222.425 57273.62051296  8.76 236.700344  63.104321  3.256 -100.00 -100.00 -100.00
 264   223.123 57273.62051355 10.45 236.705486  63.105536  4.956 -100.00 -100.00 -100.00
 265   222.199 57283.53617000  9.05 236.696094  63.105730  5.853 -100.00 -100.00 -100.00
 265   222.653 57283.53617059 10.45 236.701236  63.106946  7.011 -100.00 -100.00 -100.00
 265   223.844 57283.53617118 10.32 236.706378  63.108162  8.333 -100.00 -100.00 -100.00
 266   221.998 57293.45182478 12.54 236.697495  63.106654  4.900 -100.00 -100.00 -100.00
 266   222.652 57293.45182537 13.79 236.702637  63.107869  6.399 -100.00 -100.00 -100.00
 266   223.626 57293.45182596 13.42 236.707780  63.109084  6.856 -100.00 -100.00 -100.00
 267   220.346 57303.36747584  6.77 236.698246  63.105791  3.220 -100.00 -100.00 -100.00
 267   221.125 57303.36747643  7.43 236.703388  63.107006  4.529 -100.00 -100.00 -100.00
 267   221.879 57303.36747702  7.48 236.708531  63.108221  4.398 -100.00 -100.00 -100.00
 268   221.950 57313.28312290  8.20 236.697787  63.104253  4.906 -100.00 -100.00 -100.00
 268   222.062 57313.28312349  9.21 236.702929  63.105468  7.294 -100.00 -100.00 -100.00
 268   223.236 57313.28312408 10.61 236.708071  63.106683  7.346 -100.00 -100.00 -100.00
 269   220.468 57323.19876673  9.83 236.696006  63.103449  7.426 -100.00 -100.00 -100.00
 269   221.531 57323.19876732  8.52 236.701148  63.104664  7.235 -100.00 -100.00 -100.00
 269   222.270 57323.19876791 10.59 236.706291  63.105879  8.093 -100.00 -100.00 -100.00
 273   221.674 57362.86134686 13.18 236.703255  63.104793  8.476 -100.00 -100.00 -100.00
 273   222.990 57362.86134746 12.85 236.708398  63.106008  8.621 -100.00 -100.00 -100.00
 278   221.262 57412.43954596 14.32 236.702192  63.104054  7.884 -100.00 -100.00 -100.00
 278   222.264 57412.43954656 14.76 236.707335  63.105269  8.629 -100.00 -100.00 -100.00
 281   220.848 57442.18649357 10.34 236.698133  63.105427  6.161 -100.00 -100.00 -100.00
 281   221.565 57442.18649416 12.26 236.703276  63.106643  6.758 -100.00 -100.00 -100.00
 281   222.243 57442.18649475 13.61 236.708419  63.107858 10.012 -100.00 -100.00 -100.00
 282   221.252 57452.10214070 11.66 236.702651  63.107694  8.692 -100.00 -100.00 -100.00
 282   222.454 57452.10214129 11.53 236.707794  63.108909  7.845 -100.00 -100.00 -100.00
 283   220.602 57462.01778517 10.52 236.698659  63.107139  9.447 -100.00 -100.00 -100.00
 283   222.064 57462.01778576  9.41 236.703802  63.108354  7.495 -100.00 -100.00 -100.00
 284   220.283 57471.93342615  9.79 236.696178  63.105345  8.970 -100.00 -100.00 -100.00
 284   222.199 57471.93342674  8.63 236.701321  63.106561  6.333 -100.00 -100.00 -100.00
 284   221.570 57471.93342734  9.91 236.706464  63.107776  8.384 -100.00 -100.00 -100.00
 285   221.134 57481.84906327  5.66 236.694901  63.103226  4.896 -100.00 -100.00 -100.00
 285   221.758 57481.84906386  7.61 236.700043  63.104442  6.098 -100.00 -100.00 -100.00
 285   222.219 57481.84906445  8.89 236.705186  63.105657  8.111 -100.00 -100.00 -100.00
 286   221.871 57491.76469768  7.08 236.696606  63.102049  5.530 -100.00 -100.00 -100.00
 286   222.691 57491.76469827  7.78 236.701748  63.103265  6.167 -100.00 -100.00 -100.00
 286   222.768 57491.76469886  9.38 236.706891  63.104481  8.716 -100.00 -100.00 -100.00
 287   222.182 57501.68032950  5.27 236.693512  63.100488  5.288 -100.00 -100.00 -100.00
 287   224.090 57501.68033009  5.91 236.698653  63.101704  5.903 -100.00 -100.00 -100.00
 287   222.491 57501.68033068  7.97 236.703795  63.102920  8.364 -100.00 -100.00 -100.00
 287   223.568 57501.68033127  7.81 236.708938  63.104136  8.622 -100.00 -100.00 -100.00
 288   224.318 57511.59597846 17.52 236.693985  63.101202  4.341 -100.00 -100.00 -100.00
 288   223.455 57511.59597905 17.74 236.699126  63.102418  4.729 -100.00 -100.00 -100.00
 288   223.690 57511.59597964 19.85 236.704268  63.103633  6.585 -100.00 -100.00 -100.00
 288   224.383 57511.59598023 21.59 236.709411  63.104849  9.310 -100.00 -100.00 -100.00
 289   223.186 57521.51163422 10.26 236.697726  63.102832  4.014 -100.00 -100.00 -100.00
 289   224.671 57521.51163481  9.68 236.702867  63.104047  3.799 -100.00 -100.00 -100.00
 289   224.916 57521.51163540 12.09 236.708010  63.105263  5.333 -100.00 -100.00 -100.00
 290   222.510 57531.42728708  9.90 236.698282  63.102839  6.666 -100.00 -100.00 -100.00
 290   223.211 57531.42728767 11.02 236.703424  63.104055  7.812 -100.00 -100.00 -100.00
 290   224.392 57531.42728826 11.23 236.708567  63.105270  6.801 -100.00 -100.00 -100.00
 291   223.358 57541.34293631  9.31 236.696368  63.101824  6.677 -100.00 -100.00 -100.00
 291   226.920 57541.34293690  7.15 236.701510  63.103039  4.580 -100.00 -100.00 -100.00
 291   225.289 57541.34293749  9.69 236.706652  63.104255  6.760 -100.00 -100.00 -100.00
 292   221.807 57551.25858266  7.71 236.693588  63.100896  4.573 -100.00 -100.00 -100.00
 292   222.464 57551.25858325  8.32 236.698729  63.102111  4.536 -100.00 -100.00 -100.00
 292   223.725 57551.25858384  8.63 236.703870  63.103326  4.258 -100.00 -100.00 -100.00
 292   224.729 57551.25858443  9.32 236.709012  63.104541  4.985 -100.00 -100.00 -100.00
 294   222.254 57571.08987355  6.60 236.697661  63.103500  3.911 -100.00 -100.00 -100.00
 294   225.527 57571.08987414  6.69 236.702803  63.104715  4.299 -100.00 -100.00 -100.00
 294   224.326 57571.08987473  8.07 236.707945  63.105930  4.853 -100.00 -100.00 -100.00
 295   229.955 57581.00551816  5.52 236.695306  63.103573  3.777 -100.00 -100.00 -100.00
 295   222.751 57581.00551875  6.69 236.700448  63.104788  4.406 -100.00 -100.00 -100.00
 295   224.103 57581.00551934  7.28 236.705591  63.106004  5.015 -100.00 -100.00 -100.00
 296    93.748 57590.92116127 40.14 236.695780  63.103612 23.895 -100.00 -100.00 -100.00
 296    93.837 57590.92116186 42.52 236.700922  63.104828 24.461 -100.00 -100.00 -100.00
 296    93.619 57590.92116245 42.53 236.706065  63.106043   -100 -100.00 -100.00 -100.00
 297   222.957 57600.83680172  7.15 236.697175  63.103719  3.862 -100.00 -100.00 -100.00
 297   225.710 57600.83680231  6.71 236.702317  63.104935  4.186 -100.00 -100.00 -100.00
 297   224.219 57600.83680290  8.71 236.707460  63.106150  5.078 -100.00 -100.00 -100.00
