# NaN NaN NaN ;Mean Elev.(m), Avg Gradient(m/km), RMS Gradient(m/km) - SRTM1     
#   17.003  -1.164   9.693 ;Mean Elev.(m), Avg Gradient(m/km), RMS Gradient(m/km) - ASTER GDEM
#   40.011  -1.626   8.986 ;Mean Elev.(m), Avg Gradient(m/km), RMS Gradient(m/km) - GMTED2010 
   1 231.257733  65.718277    30.530    30.530  2 54661.90436488 20.837
   2 231.228700  65.716539    32.832    33.074 12 54671.82000740 23.978
   3 231.230114  65.717786     3.063     3.209 11 54681.73565130  8.981
   4 231.232835  65.718602    28.632    28.883 12 54691.65129410 31.567
   5 231.229858  65.717833     3.567     3.589 12 54701.56693395 15.713
   6 231.229980  65.716303    29.350    29.414 12 54711.48258118 29.213
   7 231.226209  65.714707     9.472     9.567 13 54721.39823187 12.296
   8 231.224446  65.713908    28.854    28.749 12 54731.31388021 33.897
   9 231.226447  65.714604    77.146    77.824 12 54741.22952735  7.881
  10 231.224819  65.715056    67.011    66.852 12 54751.14517410 17.757
  11 231.226350  65.715271    28.776    28.821 12 54761.06082096 37.683
  12 231.227038  65.714490    28.857    28.809 12 54770.97646531 47.186
  13 231.223069  65.713271    31.793    31.830 13 54780.89210602 35.548
  14 231.224122  65.712814    31.849    31.607 12 54790.80774462 28.057
  15 231.224793  65.713456    32.183    32.256 12 54800.72338210 21.640
  16 231.225180  65.714353    36.565    36.463 12 54810.63901960 19.446
  17 231.228678  65.715384    44.357    41.231 12 54820.55465973 17.309
  18 231.228759  65.715658    53.168    54.691 12 54830.47031195 16.257
  19 231.228939  65.716142    59.516    59.539 12 54840.38595071 14.715
  20 231.229192  65.717292    65.436    65.522 11 54850.30159977 12.945
  21 231.231853  65.718934    65.071    65.047 12 54860.21724866 13.108
  22 231.233289  65.719794    65.256    65.316 11 54870.13289752 12.017
  23 231.232035  65.718618    64.655    64.640 12 54880.04854483 12.169
  24 231.227679  65.715909    64.059    63.764 12 54889.96418861 11.866
  25 231.225477  65.713743    63.320    63.396 13 54899.87982950 11.642
  26 231.223946  65.713674    63.247    63.331 13 54909.79546834 11.358
  27 231.226569  65.715170    62.880    62.749 13 54919.71110636 11.449
  28 231.226600  65.715848    62.194    62.012 12 54929.62674374 10.839
  29 231.227306  65.714780    62.907    62.911 12 54939.54238013 10.925
  30 231.223408  65.712525    29.153    29.454 12 54949.45801440 23.570
  31 231.220968  65.711133    31.156    31.198 13 54959.37365219 39.964
  32 231.223123  65.712136    34.664    34.651 12 54969.28930098 46.661
  33 231.225578  65.714001    30.370    30.397 13 54979.20494870 29.958
  34 231.226320  65.715343    31.513    30.948 13 54989.12059613 24.847
  35 231.228850  65.715710    28.627    28.727 12 54999.03624376 31.008
  36 231.227254  65.715541    28.588    28.662 13 55008.95188921 32.668
  37 231.224570  65.715519    30.327    30.300 12 55018.86753275 26.154
  38 231.227994  65.716943    58.755    55.107 12 55028.78317554 19.330
  39 231.231191  65.718521    30.185    29.424 11 55038.69881776 25.832
  40 231.230484  65.718831    46.271    46.790 11 55048.61445834 20.510
  41 231.228839  65.717081    29.267    29.133 12 55058.53009670 29.640
  42 231.226331  65.714199    53.491    50.891 13 55068.44573506 18.845
  43 231.224132  65.712291    28.736    28.626 13 55078.36138472 34.626
  44 231.221785  65.712496    29.660    29.565 13 55088.27703222 29.281
  45 231.225734  65.714628    29.262    29.343 12 55098.19267889 31.088
  46 231.228227  65.716259    28.975    28.992 12 55108.10832493 34.246
  47 231.228107  65.715654    30.051    28.998 12 55118.02396975 33.729
  48 231.225364  65.713327    29.442    29.498 13 55127.93961193 39.065
  49 231.223711  65.711570    29.552    29.581 13 55137.85525204 44.499
  50 231.221193  65.711779    30.579    30.557 13 55147.77089045 35.313
  51 231.225128  65.714171    31.031    31.117 12 55157.68652890 44.939
  52 231.228912  65.716168    31.385    31.424 12 55167.60216717 38.144
  53 231.230439  65.716583    31.310    31.304 12 55177.51780460 34.297
  54 231.227334  65.715456    31.839    32.076 13 55187.43344819 35.053
  55 231.226580  65.715367    31.363    31.318 13 55197.34909898 29.889
  56 231.225444  65.716545    31.596    31.571 12 55207.26474870 27.758
  57 231.231049  65.718720    33.356    34.356 11 55217.18039853 24.015
  58 231.231775  65.719228    32.938    33.583 11 55227.09604720 21.632
  59 231.229052  65.717378    31.049    31.037 11 55237.01169276 21.986
  60 231.225250  65.714213    31.269    31.252 12 55246.92733472 26.848
  61 231.220809  65.711918    31.691    31.576 13 55256.84297408 26.076
  62 231.221210  65.712403    31.317    31.358 13 55266.75861295 20.075
  63 231.224986  65.714712    31.589    31.011 13 55276.67425155 21.592
  64 231.224853  65.715760    31.169    30.645 12 55286.58988867 20.732
  65 231.225106  65.714734    30.546    30.557 13 55296.50552355 22.774
  66 231.224253  65.712346    30.600    30.639 13 55306.42116382 35.204
  67 231.220593  65.710785    31.938    31.962 12 55316.33681021 38.657
  68 231.219746  65.711575    35.085    35.070 13 55326.25245563 45.963
  69 231.224081  65.714193    28.241    28.375 12 55336.16810054 34.476
  70 231.226235  65.716255    39.037    42.465 12 55346.08374478 20.491
  71 231.225988  65.716584    27.594    27.636 12 55355.99938751 34.113
  72 231.228163  65.716253    31.347    28.605 12 55365.91502841 27.700
  73 231.225940  65.715604    29.115    29.150 12 55375.83066739 29.760
  74 231.227286  65.716130    35.241    34.482 12 55385.74630573 24.435
  75 231.227682  65.716876    27.799    27.643 12 55395.66194310 33.073
  76 231.228561  65.717114    30.572    30.003 12 55405.57758356 24.103
  77 231.225615  65.715833    28.429    28.140 12 55415.49323460 35.400
  78 231.223715  65.713518    33.707    34.495 13 55425.40888248 23.210
  79 231.223889  65.711906    29.245    29.234 13 55435.32452794 28.976
  80 231.220617  65.711965    79.563    79.419 13 55445.24017181  9.558
  81 231.224081  65.713928    29.405    29.368 12 55455.15581548 25.485
  82 231.229351  65.715856    28.856    28.953 12 55465.07145859 26.161
  83 231.224194  65.714977    28.865    28.922 12 55474.98709781 28.409
  84 231.224789  65.712997    28.966    29.048 13 55484.90273447 36.873
  85 231.219249  65.710780    29.167    29.102 13 55494.81836844 36.356
  86 231.223922  65.711599    29.148    29.093 13 55504.73400250 39.822
  87 231.224825  65.714057    29.256    29.222 13 55514.64965261 43.934
  88 231.227747  65.716487    30.497    30.376 12 55524.56530257 27.915
  89 231.229258  65.717352    32.455    30.347 11 55534.48095048 21.300
  90 231.226064  65.716610    30.938    30.021 12 55544.39659597 25.015
  91 231.225308  65.716217    34.790    35.085 12 55554.31223980 23.423
  92 231.229066  65.716985    33.782    34.056 12 55564.22788310 19.862
  93 231.227681  65.717327    32.734    33.369 12 55574.14352532 18.332
  94 231.228690  65.716791    38.488    38.385 12 55584.05916626 17.179
  95 231.226718  65.714954    50.151    54.881 12 55593.97480346 14.265
  96 231.223775  65.712831    49.411    49.218 13 55603.89043723 14.905
  97 231.221657  65.711706    54.373    48.924 13 55613.80606900 13.803
  98 231.221985  65.712135    64.984    64.666 12 55623.72170655 11.699
  99 231.223529  65.713592    64.410    64.246 13 55633.63735942 11.780
 100 231.225102  65.714337    64.145    64.751 13 55643.55301001 10.956
 101 231.224841  65.713996    64.347    64.699 13 55653.46865753 10.555
 102 231.224090  65.712787    58.484    60.098 13 55663.38430059 11.550
 103 231.220891  65.712063    57.671    62.059 13 55673.29994048 10.811
 104 231.223090  65.712854    57.837    61.978 13 55683.21557944 10.523
 105 231.224048  65.714360    30.308    30.265 12 55693.13121695 30.190
 106 231.226210  65.715719    34.391    34.410 12 55703.04685304 44.113
 107 231.227723  65.716365    37.981    36.715 12 55712.96249732 22.081
 108 231.230540  65.716684    36.073    34.376 12 55722.87814695 24.291
 109 231.227964  65.716633    33.842    30.362 12 55732.79379406 22.479
 110 231.226790  65.716751    28.791    28.719 12 55742.70944004 30.673
 111 231.225824  65.716553    29.951    29.882 12 55752.62508468 26.968
 112 231.227206  65.715632    30.164    29.773 13 55762.54072720 28.333
 113 231.224828  65.713982    28.600    28.628 12 55772.45636654 31.448
 114 231.222283  65.712353    29.147    29.125 12 55782.37200238 30.808
 115 231.223965  65.712280    29.621    29.549 13 55792.28763610 28.948
 116 231.221721  65.712666    75.243    77.278 13 55802.20326966 15.554
 117 231.224208  65.713846    73.900    75.829 12 55812.11892001  6.736
 118 231.225950  65.714057    28.330    28.261 13 55822.03456864 34.372
 119 231.223099  65.713074    73.932    74.550 13 55831.95021200 10.459
 120 231.222378  65.712154    29.084    29.075 13 55841.86585105 34.072
 121 231.222684  65.712214    29.144    28.997 13 55851.78148714 35.140
 122 231.224251  65.713568    28.529    28.423 13 55861.69712127 37.874
 123 231.227723  65.715572    30.171    30.131 12 55871.61277561 41.733
 124 231.228007  65.716426    29.528    29.627 13 55881.52842563 42.570
 125 231.230833  65.716628    29.793    29.891 12 55891.44406926 42.344
 126 231.225286  65.715998    30.198    30.171 12 55901.35970631 32.445
 127 231.226039  65.716223    30.998    31.188 12 55911.27533975 42.448
 128 231.229984  65.717388    30.889    30.981 12 55921.19099475 41.463
 129 231.227465  65.716902    31.404    31.447 12 55931.10664653 39.706
 130 231.227876  65.715272    31.314    31.341 12 55941.02229454 40.738
 131 231.223596  65.712931    31.287    31.332 13 55950.93793756 34.268
 132 231.222135  65.712136    31.397    31.426 12 55960.85357702 30.479
 133 231.222288  65.712989    31.323    31.346 13 55970.76921438 31.562
 134 231.224849  65.714467    31.113    31.139 12 55980.68485083 29.707
 135 231.226685  65.714592    31.068    31.104 13 55990.60048607 28.763
 136 231.224741  65.713581    31.210    31.108 13 56000.51613060 27.753
 137 231.221166  65.712221    31.366    31.272 13 56010.43178068 29.199
 138 231.222760  65.712280    31.246    31.251 12 56020.34742734 28.388
 139 231.224870  65.713621    30.460    30.371 13 56030.26307115 29.331
 140 231.229392  65.715776    74.885    72.539 12 56040.17871329  1.060
 141 231.228488  65.716681    80.889    81.014 11 56050.09435278  2.238
 142 231.231267  65.716963    33.176    33.138 12 56060.00998992 28.272
 143 231.225365  65.715599    82.417    82.933 12 56069.92562528 16.626
 144 231.224674  65.715611    29.193    29.099 12 56079.84127619 29.111
 145 231.227151  65.716536    28.770    28.775 12 56089.75692468 29.187
 146 231.230388  65.717680    28.803    28.520 12 56099.67257077 31.182
 147 231.231325  65.717258    29.185    29.136 12 56109.58820255 26.054
 148 231.227782  65.714904    29.733    29.861 12 56119.50384242 23.884
 149 231.221346  65.711967    73.618    74.291 13 56129.41947834  9.096
 150 231.219900  65.710836    29.270    29.271 13 56139.33511156 29.940
 151 231.222027  65.712639    29.230    29.152 13 56149.25076112 32.189
 152 231.225877  65.715076    29.130    29.146 13 56159.16641067 29.849
 153 231.228048  65.715932    28.851    28.788 12 56169.08205873 33.802
 154 231.224384  65.714292    75.243    75.959 12 56178.99770291  7.271
 155 231.222131  65.712350    29.043    29.014 12 56188.91334290 32.892
 156 231.220716  65.711766    70.332    67.864 13 56198.82897976 12.753
 157 231.225023  65.713647    70.950    69.390 13 56208.74461447 14.504
 158 231.229632  65.716165    30.398    29.104 12 56218.66024750 32.769
 159 231.228728  65.717515    29.180    29.206 12 56228.57589365 45.707
 160 231.230731  65.717358    30.639    30.583 12 56238.49154778 32.635
 161 231.230132  65.716413    31.894    30.894 12 56248.40719777 22.539
 162 231.227049  65.715651    33.331    34.382 13 56258.32284264 21.420
 163 231.228399  65.716519    42.759    42.265 12 56268.23848489 18.735
 164 231.228165  65.717187    52.594    57.088 12 56278.15412529 18.460
 165 231.228993  65.717183    58.819    60.989 11 56288.06977441 16.987
 166 231.225076  65.714919    55.398    58.649 12 56297.98542299 16.889
 167 231.223847  65.712564    51.404    49.655 12 56307.90106787 16.888
 168 231.222189  65.711614    51.071    50.483 12 56317.81671008 16.973
 169 231.223085  65.713272    52.513    53.528 12 56327.73235127 15.985
 170 231.227547  65.715595    43.954    40.288 12 56337.64799181 15.940
 171 231.228773  65.716233    52.805    51.620 12 56347.56363019 15.291
 172 231.226038  65.714435    46.037    46.100 13 56357.47926545 15.994
 173 231.223769  65.712598    58.615    65.032 13 56367.39491409 14.190
 176 231.227782  65.717344    62.873    65.955 12 56397.14185206 12.376
 178 231.230884  65.718102    57.927    66.419 12 56416.97313107 11.113
 179 231.227805  65.716001    30.316    30.310 12 56426.88876346 36.869
 180 231.226192  65.715270    82.290    81.551 13 56436.80441476 27.000
 181 231.227248  65.716009    40.741    42.611 12 56446.72006649 26.002
 182 231.230776  65.717428    28.237    28.341 12 56456.63571617 30.761
 183 231.228327  65.717099    31.106    28.694 12 56466.55136207 27.086
 184 231.226732  65.715266    31.838    30.336 13 56476.46700403 28.155
 185 231.221842  65.712556    68.465    67.183 13 56486.38264206 13.498
 186 231.223108  65.711772    68.908    68.333 13 56496.29827799 12.948
 187 231.222094  65.712709    78.338    79.080 13 56506.21391235  8.823
 188 231.227817  65.714919    28.690    28.555 12 56516.12954694 29.653
 189 231.225712  65.715764    67.691    66.510 12 56526.04520142 14.650
 190 231.227072  65.715124    68.129    68.819 13 56535.96085208 13.486
 192 231.224911  65.713481    29.673    29.175 12 56555.79214261 28.934
 193 231.227008  65.715225    29.097    29.097 13 56565.70778561 33.294
 194 231.227221  65.717440    29.010    28.927 12 56575.62342709 29.320
 195 231.231832  65.718817    66.533    65.604 12 56585.53906581 15.695
 196 231.229870  65.717899    29.088    29.131 11 56595.45470281 30.712
 197 231.226087  65.716495    28.839    28.826 12 56605.37035498 43.428
 198 231.225952  65.715678    76.149    75.899 12 56615.28600270 18.274
 199 231.225163  65.715716    29.442    29.487 12 56625.20164672 43.804
 200 231.229472  65.716349    29.998    30.038 12 56635.11728847 28.011
 201 231.227209  65.715878    31.079    31.056 12 56645.03292637 39.993
 202 231.224218  65.714702    31.625    31.658 12 56654.94857878 39.823
 203 231.222596  65.713171    34.761    31.232 13 56664.86422701 30.388
 204 231.222031  65.712617    31.222    31.272 13 56674.77987268 32.185
 205 231.224299  65.713779    32.045    31.249 12 56684.69551754 23.209
 206 231.225732  65.715257    31.248    31.232 12 56694.61116029 22.872
 207 231.229938  65.716086    30.806    30.677 12 56704.52679882 22.050
 208 231.226876  65.714918    31.598    30.999 12 56714.44243122 19.593
 209 231.226320  65.714273    36.751    33.347 12 56724.35808195 20.445
 210 231.225285  65.714559    33.252    33.240 12 56734.27373205 18.452
 211 231.229997  65.716626    30.377    30.298 12 56744.18937939 19.860
 212 231.228887  65.718107    37.816    35.944 12 56754.10502189 15.753
 213 231.230952  65.718578    67.197    67.605 11 56764.02065919  5.911
 214 231.230773  65.717569    30.242    30.181 12 56773.93629422 31.006
 215 231.226080  65.716637    30.850    30.797 12 56783.85195099 34.864
 216 231.229779  65.716757    78.453    77.721 12 56793.76760491 19.484
 217 231.230490  65.717028    38.024    30.903 12 56803.68325540 26.704
 218 231.226661  65.716495    29.319    29.324 12 56813.59889785 24.768
 219 231.227135  65.715621    30.638    30.073 12 56823.51453718 25.605
 220 231.224496  65.714166    28.834    28.881 12 56833.43017210 31.168
 221 231.222577  65.713085    30.566    29.993 12 56843.34580368 25.873
 222 231.222768  65.713340    28.776    28.930 12 56853.26144542 34.079
 223 231.224622  65.714470    28.864    28.725 13 56863.17709966 32.307
 224 231.224824  65.715331    28.348    28.202 12 56873.09275318 33.670
 225 231.225470  65.715570    29.190    29.191 12 56883.00840357 30.555
 226 231.225286  65.715422    28.662    28.803 12 56892.92405040 33.860
 227 231.226503  65.715537    70.107    68.295 12 56902.83969420 11.460
 228 231.225321  65.716435    29.073    29.012 12 56912.75533586 27.818
 229 231.231965  65.718010    28.929    28.904 12 56922.67097660 33.439
 230 231.230248  65.718494    28.725    28.606 11 56932.58661419 28.831
 231 231.228028  65.717782    29.441    28.771 12 56942.50224642 35.900
 232 231.227789  65.716889    28.437    28.411 12 56952.41789030 34.731
 233 231.228982  65.716484    28.527    28.531 12 56962.33354120 43.692
 234 231.226894  65.716416    29.771    29.730 12 56972.24918694 40.057
 235 231.231279  65.716877    30.356    30.312 12 56982.16482913 40.738
 236 231.226597  65.715875    29.900    29.874 12 56992.08046593 35.133
 237 231.224762  65.714127    30.455    30.420 13 57001.99609914 36.584
 238 231.223401  65.713243    30.741    30.863 13 57011.91175630 35.452
 239 231.224325  65.713217    30.829    30.903 12 57021.82740793 32.580
 240 231.225024  65.714446    30.691    30.644 12 57031.74305675 29.406
 241 231.227416  65.715734    31.084    30.529 13 57041.65870371 25.768
 242 231.227771  65.716127    30.046    30.096 12 57051.57434834 21.787
 243 231.226044  65.715177    29.956    30.143 12 57061.48998848 22.530
 244 231.224918  65.714352    33.952    30.702 13 57071.40562322 16.686
 245 231.227084  65.714765    29.921    29.869 12 57081.32125410 20.716
 246 231.225493  65.716303    29.944    29.810 12 57091.23689707 20.413
 247 231.231696  65.718765    30.103    29.331 11 57101.15255528 18.927
 248 231.232557  65.719279    28.926    29.168 12 57111.06820967 18.655
 249 231.229049  65.717759    29.625    29.473 12 57120.98385785 16.955
 250 231.225675  65.715947    35.447    29.215 12 57130.89950031 19.868
 251 231.227754  65.715701    30.466    30.423 12 57140.81513814 36.908
 252 231.230044  65.716531    75.406    76.449 12 57150.73077264 10.194
 253 231.230811  65.716816    43.519    45.322 12 57160.64640380 33.057
 254 231.227535  65.715935    31.440    29.981 12 57170.56205757 24.216
 255 231.224227  65.714071    68.167    67.734 13 57180.47771235 12.554
 256 231.222995  65.712734    29.284    29.221 13 57190.39336338 30.693
 257 231.225621  65.713419    28.234    28.232 13 57200.30901146 33.897
 258 231.227459  65.715195    29.040    29.143 12 57210.22464586 32.027
 259 231.226758  65.716445    73.964    74.925 12 57220.14028985  9.020
 260 231.230629  65.716589    28.570    28.444 12 57230.05593311 32.561
 261 231.225711  65.715311    29.393    29.283 12 57239.97157322 30.931
 262 231.224381  65.714408    28.500    28.421 12 57249.88721081 34.357
 263 231.227196  65.715253    76.203    78.799 12 57259.80284657  7.704
 264 231.226839  65.716828    71.621    69.455 12 57269.71848077 10.788
 265 231.232206  65.719074    27.675    27.719 11 57279.63413359 30.971
 266 231.231251  65.719154    46.614    47.137 11 57289.54978913 21.600
 267 231.229811  65.717678    30.627    29.250 12 57299.46544166 33.374
 268 231.226903  65.715573    28.935    29.005 13 57309.38109040 35.151
 269 231.225947  65.715048    28.392    28.209 12 57319.29673589 38.165
 270 231.229073  65.716234    28.718    28.710 12 57329.21237888 48.642
 271 231.228023  65.717384    28.812    28.791 12 57339.12801930 47.072
 272 231.229042  65.717158    29.986    30.042 11 57349.04366860 49.398
 273 231.226587  65.714937    29.795    29.741 12 57358.95931417 30.925
 274 231.221363  65.712408    30.339    30.358 13 57368.87495626 32.783
 275 231.222060  65.712402    30.840    30.841 13 57378.79059627 35.904
 276 231.225541  65.714586    30.750    30.784 12 57388.70623512 32.828
 277 231.230686  65.716746    31.021    31.072 12 57398.62187321 31.221
 278 231.228982  65.716651    31.165    31.229 12 57408.53750962 33.296
 279 231.226099  65.715332    31.732    31.775 12 57418.45316235 32.978
 280 231.226260  65.714634    31.651    31.819 13 57428.36881278 34.453
 281 231.224870  65.715550    31.636    31.658 12 57438.28446062 34.684
 282 231.229770  65.718157    31.899    31.792 11 57448.20010781 33.943
 283 231.234719  65.720110    31.379    31.312 10 57458.11575382 29.835
 284 231.232312  65.719444    31.263    31.295 11 57468.03139626 31.345
 285 231.225804  65.716620    30.146    30.136 12 57477.94703424 28.795
 286 231.225300  65.714372    30.398    30.446 13 57487.86266962 19.650
 287 231.224274  65.713603    29.997    30.085 12 57497.77830289 26.377
 288 231.225433  65.714886    29.835    29.843 12 57507.69394250 32.562
 289 231.225518  65.716219    33.705    33.771 12 57517.60959870 45.394
 290 231.226209  65.716211    67.191    66.826 12 57527.52525203 18.357
 291 231.226082  65.714418    68.301    67.417 13 57537.44090246 16.311
 292 231.222311  65.712571    77.563    76.921 12 57547.35654993  9.234
 293 231.221535  65.712526    77.630    79.038 13 57557.27219626  8.070
 294 231.226286  65.714747    29.757    29.783 12 57567.18784208 23.853
 295 231.227099  65.716602    32.271    29.654 12 57577.10348681 25.439
 296 231.226740  65.717120    29.582    29.532 12 57587.01913019 28.099
 297 231.227508  65.716406    28.721    28.461 12 57596.93477126 29.742
