# NaN NaN NaN ;Mean Elev.(m), Avg Gradient(m/km), RMS Gradient(m/km) - SRTM1     
#  100.180 -20.329  26.248 ;Mean Elev.(m), Avg Gradient(m/km), RMS Gradient(m/km) - ASTER GDEM
#  103.042 -20.348  26.166 ;Mean Elev.(m), Avg Gradient(m/km), RMS Gradient(m/km) - GMTED2010 
   1 236.701475  63.103350   288.290   287.833  4 54665.80639500  1.389
   2 236.699637  63.104447   222.151   221.943  3 54675.72203957  6.341
   6 236.701485  63.103601   223.027   223.046  3 54715.38461564  8.856
   8 236.701803  63.101992   223.256   223.203  3 54735.21591372  9.257
  10 236.704318  63.107090   222.511   222.511  2 54755.04720847 13.071
  15 236.701260  63.102664   221.684   221.783  4 54804.62541246 14.777
  20 236.703290  63.107029   221.807   222.206  3 54854.20363402 13.055
  21 236.701959  63.108909   221.200   221.600  3 54864.11928292 13.339
  22 236.702463  63.109824   221.639   221.812  3 54874.03493168 13.380
  23 236.701621  63.108313   221.805   221.722  3 54883.95057757 12.032
  24 236.701235  63.105337   221.292   220.906  3 54893.86621994 12.846
  25 236.702365  63.103310   287.353   286.444  4 54903.78185981  2.094
  26 236.702524  63.103138   285.416   285.451  3 54913.69749851  2.218
  27 236.699455  63.103766   221.249   220.858  3 54923.61313628 10.418
  30 236.707129  63.102268   223.545   223.545  2 54953.36004252 14.137
  32 236.703134  63.100330   224.954   225.176  4 54973.19133466  9.962
  35 236.701647  63.105551   223.460   223.628  3 55002.93827679 10.943
  36 236.699626  63.105047   219.121   219.113  3 55012.85392115  7.840
  37 236.700672  63.104931   224.055   223.918  3 55022.76956439 10.428
  38 236.699007  63.105271   278.459   278.443  3 55032.68520660  2.579
  39 236.699815  63.106467   215.719   215.669  3 55042.60084839  4.946
  40 236.700175  63.106371   241.769   242.632  3 55052.51648842  6.261
  41 236.702119  63.104868   224.562   224.469  3 55062.43212627  5.186
  42 236.702115  63.102691   226.483   226.859  4 55072.34776984  6.796
  43 236.701853  63.101471   224.176   223.885  3 55082.26341813  7.626
  44 236.703128  63.102387   223.953   224.077  4 55092.17906523  5.774
  45 236.701909  63.103794   225.500   225.335  3 55102.09471185  6.546
  46 236.700428  63.104919   222.068   222.144  3 55112.01035807 10.630
  47 236.700390  63.104461   221.661   221.894  3 55121.92600204 14.256
  48 236.702482  63.103078   222.493   222.199  3 55131.84164321 10.321
  49 236.702793  63.101442   222.233   222.099  3 55141.75728214 11.456
  50 236.703466  63.101777   221.581   221.627  3 55151.67292059 12.153
  51 236.700766  63.102554   220.841   221.156  3 55161.58855891 12.415
  61 236.703925  63.103677   218.832   218.806  3 55260.74500531 14.204
  62 236.700210  63.103026   219.827   219.991  3 55270.66064293 12.459
  63 236.700041  63.103310   220.349   220.433  3 55280.57628087 12.116
  64 236.701377  63.103211   221.211   221.415  3 55290.49191767 11.016
  66 236.703430  63.101454   214.366   222.421  3 55310.32319784 20.506
  67 236.702996  63.101240   223.764   223.965  3 55320.23884339 13.212
  68 236.701832  63.101953   223.066   223.049  4 55330.15448796 10.690
  69 236.702480  63.103764   223.402   223.438  3 55340.07013268 10.520
  70 236.700595  63.104385   222.477   222.501  3 55349.98577679  8.446
  71 236.700832  63.104781   222.404   222.236  3 55359.90141901  7.823
  72 236.700735  63.104890   222.620   222.732  3 55369.81705897  6.418
  73 236.699401  63.104864   227.061   227.280  3 55379.73269729  6.396
  75 236.701231  63.105061   225.942   225.431  4 55399.56397178  5.974
  76 236.701945  63.103878   223.080   223.110  4 55409.47961851  7.601
  77 236.702252  63.102336   224.243   224.620  3 55419.39526884  9.219
  78 236.702104  63.101467   223.708   223.820  3 55429.31091589  9.496
  79 236.702457  63.102367   223.332   223.424  4 55439.22656065 11.577
  80 236.702455  63.103850   223.593   223.658  3 55449.14220407  9.042
  81 236.699569  63.103700   228.925   228.866  3 55459.05784675  5.876
  82 236.701976  63.103476   224.196   224.850  3 55468.97348911  9.170
  83 236.702612  63.101935   224.085   224.344  3 55478.88912795  6.809
  84 236.703093  63.100830   222.775   222.727  4 55488.80476389 10.471
  85 236.702476  63.100561   222.033   222.158  3 55498.72039749 13.006
  86 236.702759  63.102102   220.926   220.765  4 55508.63603686 16.188
  87 236.701236  63.103610   221.348   221.093  3 55518.55168697 16.526
  88 236.695659  63.103288   344.535   344.535  2 55528.46733559  1.739
  92 236.703626  63.107986   213.276   213.276  2 55568.12991506 19.126
  97 236.703795  63.100395   222.299   222.371  3 55617.70809742  8.916
  98 236.703073  63.102604   222.218   222.359  3 55627.62374303  9.433
  99 236.702726  63.103686   221.506   221.624  3 55637.53939444 10.549
 100 236.701387  63.102591   220.591   220.378  3 55647.45504348  8.605
 101 236.701871  63.100970   221.676   221.895  4 55657.37068977  8.375
 105 236.696342  63.103161   318.999   318.999  2 55697.03324536  0.815
 106 236.702078  63.103808   223.625   223.887  3 55706.94888111 13.051
 107 236.701172  63.103327   223.312   223.515  4 55716.86453172  9.283
 108 236.701353  63.103894   223.315   223.428  3 55726.78018043  7.361
 109 236.701460  63.105377   223.261   223.785  3 55736.69582746  8.010
 110 236.699709  63.106372   282.377   282.240  3 55746.61147297  2.549
 111 236.702262  63.106688   282.434   282.524  3 55756.52711681  4.359
 112 236.699976  63.103641   224.948   224.811  3 55766.44275733  5.862
 113 236.701950  63.100922   223.445   223.540  4 55776.35839535  8.384
 114 236.702188  63.099276   285.822   286.036  4 55786.27403057  3.313
 116 236.701493  63.102146   224.223   224.678  3 55806.10530513 10.315
 117 236.701306  63.103449   223.190   223.233  3 55816.02095448  9.078
 118 236.703575  63.102641   223.733   223.673  3 55825.93660093  8.096
 119 236.702400  63.100270   224.442   224.833  3 55835.85224245  8.148
 120 236.704659  63.099681   224.442   224.798  4 55845.76788101  8.374
 121 236.703817  63.100696   222.616   222.413  3 55855.68351670 10.914
 122 236.701171  63.102675   221.021   221.362  4 55865.59915793 17.158
 124 236.699002  63.104834   221.096   220.946  3 55885.43045761 15.746
 125 236.701741  63.104460   220.776   221.099  3 55895.34609890 17.115
 132 236.702364  63.100300   285.423   284.899  4 55964.75560691  3.170
 134 236.705056  63.103883   222.379   222.379  2 55984.58688086 10.770
 136 236.703134  63.102798   221.703   221.351  4 56004.41816587  9.679
 137 236.703750  63.101150   220.857   221.135  4 56014.33381423  9.885
 138 236.704531  63.101067   220.537   221.628  4 56024.24945966 10.035
 140 236.701387  63.104859   222.866   222.942  4 56044.08074417  7.233
 142 236.703187  63.105684   224.152   223.955  3 56063.91201785 13.964
 143 236.703195  63.104382   223.180   223.230  3 56073.82766060 10.830
 144 236.699572  63.103711   222.703   222.532  3 56083.74331004  7.198
 146 236.700530  63.105441   222.586   222.433  3 56103.57460290  9.730
 147 236.699060  63.104475   224.148   224.383  3 56113.49023337  6.819
 149 236.702540  63.100762   226.091   224.940  3 56133.32150649  5.961
 150 236.705116  63.100288   224.825   224.660  4 56143.23714503  6.705
 151 236.701451  63.100951   226.626   226.575  4 56153.15279540  8.549
 153 236.703021  63.104593   223.640   223.892  3 56172.98409237 11.612
 154 236.702199  63.103543   223.348   223.573  3 56182.89973446 10.841
 155 236.702916  63.101983   223.426   223.385  4 56192.81537288  9.913
 156 236.702659  63.101027   225.341   224.231  4 56202.73100850 10.317
 157 236.701614  63.101544   222.516   222.197  3 56212.64664235 10.322
 169 236.701296  63.102817   221.187   221.304  4 56331.63438185 10.211
 170 236.703556  63.104054   221.199   221.199  2 56341.55002219 10.864
 171 236.704869  63.104016   221.645   221.134  3 56351.46566003  9.935
 172 236.704771  63.102799   222.241   222.241  2 56361.38129927  9.721
 174 236.701121  63.102940   222.161   222.148  4 56381.21259523  7.247
 178 236.702923  63.105644   194.068   193.870  3 56420.87515945  1.920
 180 236.703394  63.105911   297.401   297.361  3 56440.70645057  0.504
 181 236.701525  63.106088   223.214   223.199  3 56450.62210087 11.509
 183 236.702281  63.104430    94.864    94.792  3 56470.45339377 37.748
 184 236.702439  63.103092    94.871    94.887  3 56480.36903480 45.972
 186 236.701974  63.102157   222.618   222.564  4 56500.20030668  6.036
 187 236.703050  63.102332   222.811   222.816  4 56510.11594027  6.036
 188 236.701276  63.102045   224.410   223.979  3 56520.03158295  5.299
 189 236.698207  63.101699   289.252   289.252  2 56529.94723627  0.816
 190 236.702187  63.102597   227.999   227.964  3 56539.86288638  7.277
 191 236.700532  63.102538   223.031   222.761  3 56549.77853155  6.376
 192 236.700130  63.103834   225.649   224.620  3 56559.69417456  8.642
 193 236.699893  63.105315   272.458   273.172  3 56569.60981658  3.519
 194 236.701097  63.106483   221.521   221.023  3 56579.52545736 13.859
 196 236.699160  63.104063   221.396   221.603  3 56599.35673857 12.979
 197 236.699737  63.104312   221.551   221.466  3 56609.27238937 13.317
 205 236.699901  63.104792   221.894   222.049  3 56688.59754953 11.938
 207 236.707836  63.104176   222.853   222.853  2 56708.42882736 12.060
 208 236.703106  63.101639   221.568   221.548  4 56718.34446477 11.959
 210 236.701973  63.105728   221.157   221.207  3 56738.17576627 12.218
 211 236.701247  63.107875   221.108   221.108  2 56748.09141141 11.842
 212 236.700804  63.107683   220.962   220.947  3 56758.00705181 11.632
 213 236.701420  63.105693   225.535   224.573  3 56767.92268611  3.657
 215 236.701001  63.105075   223.591   223.732  4 56787.75398781  9.913
 217 236.702824  63.108325   223.267   223.138  3 56807.58528775 13.628
 218 236.700920  63.106680   253.863   253.863  2 56817.50092838  5.872
 219 236.701314  63.104027   228.625   228.470  4 56827.41656558  6.660
 221 236.699523  63.099769   278.686   278.686  2 56847.24783047  2.116
 222 236.701956  63.102659   278.785   278.275  3 56857.16348237  4.479
 223 236.698775  63.104470   222.460   222.333  3 56867.07913575  6.607
 225 236.703149  63.105358   222.835   222.869  3 56886.91043711  8.613
 226 236.700582  63.103649   227.054   225.747  3 56896.82608282  9.789
 227 236.701505  63.104547   222.967   223.250  3 56906.74172623  9.085
 229 236.701807  63.108722   277.399   276.866  3 56926.57300675  2.998
 230 236.700445  63.108156   224.068   224.061  3 56936.48864212  7.468
 231 236.700872  63.105448   221.881   222.147  3 56946.40427212 10.062
 241 236.702814  63.106227   281.497   282.060  3 57045.56073731  5.449
 242 236.700727  63.105780   220.828   220.898  3 57055.47637971 15.294
 243 236.699785  63.103482   220.712   220.726  3 57065.39201699 13.886
 244 236.701157  63.102155   221.131   221.254  3 57075.30764999 12.389
 245 236.703280  63.102303   221.938   222.003  3 57085.22328009 10.673
 246 236.701027  63.105016   220.872   221.109  4 57095.13893528 11.133
 247 236.701746  63.108087   221.281   221.281  2 57105.05459217 11.047
 250 236.700632  63.104772   226.288   225.300  3 57134.80153034  6.150
 252 236.700986  63.103429   224.300   224.340  4 57154.63279996 13.471
 253 236.700922  63.103826   222.916   222.820  3 57164.54843793  9.966
 254 236.699269  63.104290   224.481   224.388  3 57174.46409448  8.507
 255 236.701285  63.103715   228.301   228.695  4 57184.37974779  6.617
 256 236.700896  63.102048   223.889   223.765  3 57194.29539684  7.486
 257 236.701140  63.101927   246.585   246.786  3 57204.21103237  6.860
 259 236.702500  63.105641   225.687   224.106  3 57224.04232235 10.509
 260 236.702010  63.105941   223.621   223.562  3 57233.95796448 10.220
 261 236.703022  63.105075   223.254   223.122  3 57243.87360351  7.883
 262 236.701347  63.103241   220.597   220.564  4 57253.78923964  7.722
 263 236.700528  63.102969   224.792   223.503  3 57263.70487451  7.446
 264 236.700344  63.104321   222.576   222.425  3 57273.62051296  9.345
 265 236.701236  63.106946   222.899   222.653  3 57283.53617059  9.984
 266 236.702637  63.107869   222.759   222.652  3 57293.45182537 13.281
 267 236.703388  63.107006   221.117   221.125  3 57303.36747643  7.239
 268 236.702929  63.105468   222.416   222.062  3 57313.28312349  9.453
 269 236.701148  63.104664   221.423   221.531  3 57323.19876732  9.729
 273 236.705827  63.105400   222.332   222.332  2 57362.86134716 13.018
 278 236.704764  63.104661   221.763   221.763  2 57412.43954626 14.546
 281 236.703276  63.106643   221.552   221.565  3 57442.18649416 12.271
 282 236.705222  63.108301   221.853   221.853  2 57452.10214100 11.595
 283 236.701231  63.107746   221.333   221.333  2 57462.01778547 10.000
 284 236.701321  63.106561   221.350   221.570  3 57471.93342674  9.480
 285 236.700043  63.104442   221.704   221.758  3 57481.84906386  7.582
 286 236.701748  63.103265   222.443   222.691  3 57491.76469827  8.189
 287 236.701224  63.102312   223.083   223.030  4 57501.68033039  6.895
 288 236.701697  63.103026   223.961   224.004  4 57511.59597934 19.503
 289 236.702868  63.104047   224.258   224.671  3 57521.51163481 10.802
 290 236.703424  63.104055   223.371   223.211  3 57531.42728767 10.755
 291 236.701510  63.103039   225.189   225.289  3 57541.34293690  8.852
 292 236.701300  63.102718   223.181   223.094  4 57551.25858354  8.534
 294 236.702803  63.104715   224.036   224.326  3 57571.08987414  7.174
 295 236.700448  63.104788   225.603   224.103  3 57581.00551875  6.557
 296 236.700922  63.104828    93.735    93.748  3 57590.92116186 41.866
 297 236.702317  63.104935   224.295   224.219  3 57600.83680231  7.611
