-130988.704   187.253     0.00    1.07
-130702.371   187.240    -0.05    0.98
-130416.039   187.390     0.52    0.96
-130129.709   187.597     0.72    1.06
-129843.379   187.887     1.01    1.25
-129557.051   188.455     1.98    1.53
-129270.724   189.106     2.27    1.58
-128984.398   189.818     2.49    1.55
-128698.073   190.476     2.30    1.36
-128411.749   191.090     2.15    1.02
-128125.426   191.572     1.68    0.77
-127839.105   191.918     1.21    0.75
-127552.784   192.274     1.24    0.82
-127266.465   192.683     1.43    0.81
-126980.147   193.097     1.45    0.89
-126693.830   193.483     1.35    0.87
-126407.514   193.888     1.42    0.86
-126121.200   194.296     1.42    0.91
-125834.886   194.775     1.67    1.03
-125548.574   195.371     2.08    1.33
-125262.263   196.115     2.60    1.61
-124975.953   196.879     2.67    1.62
-124689.644   197.613     2.56    1.56
-124403.336   198.284     2.34    1.36
-124117.030   198.921     2.23    1.02
-123830.724   199.329     1.42    0.83
-123544.420   199.514     0.65    0.79
-123258.117   199.674     0.56    0.82
-122971.815   199.845     0.60    0.90
-122685.514   199.979     0.47    1.01
-122399.214   200.145     0.58    1.14
-122112.915   200.441     1.04    1.32
-121826.618   200.910     1.64    1.58
-121540.322   201.469     1.95    1.81
-121253.993   202.068     2.09    2.01
-120967.371   202.788     2.51    2.04
-120680.751   203.479     2.41    1.99
-120394.133   204.028     1.91    1.92
-120107.517   204.479     1.57    1.87
-119820.902   204.894     1.45    1.82
-119534.290   205.291     1.38    1.70
-119247.679   205.634     1.20    1.51
-118961.071   205.837     0.71    1.37
-118674.464   206.049     0.74    1.24
-118387.859   206.236     0.65    1.13
-118101.256   206.315     0.28    0.97
-117814.655   206.388     0.25    0.86
-117528.055   206.469     0.28    0.76
-117241.458   206.728     0.90    0.78
-116954.862   207.097     1.29    0.92
-116668.268   207.531     1.51    1.03
-116381.677   207.979     1.56    1.06
-116095.087   208.443     1.62    0.98
-115808.499   208.837     1.37    0.79
-115521.912   209.113     0.97    0.56
-115235.328   209.254     0.49    0.44
-114948.746   209.239    -0.05    0.44
-114662.165   209.182    -0.20    0.45
-114375.586   209.214     0.11    0.50
-114089.009   209.312     0.34    0.55
-113802.435   209.527     0.75    0.65
-113515.861   209.877     1.22    0.88
-113229.290   210.295     1.46    0.98
-112942.721   210.724     1.50    0.97
-112656.153   211.127     1.40    0.86
-112369.588   211.408     0.98    0.75
-112083.024   211.620     0.74    0.58
-111796.462   211.729     0.38    0.51
-111509.902   211.730     0.01    0.55
-111223.344   211.610    -0.42    0.80
-110936.788   211.441    -0.59    0.97
-110650.234   211.082    -1.25    1.21
-110363.681   210.637    -1.55    1.37
-110077.131   210.102    -1.87    1.39
-109790.582   209.582    -1.81    1.24
-109504.035   209.218    -1.27    0.96
-109217.490   209.178    -0.14    0.92
-108930.947   209.324     0.51    1.05
-108644.406   209.507     0.64    1.10
-108357.866   209.610     0.36    1.11
-108071.329   209.546    -0.22    1.19
-107784.793   209.411    -0.47    1.24
-107498.259   209.211    -0.70    1.21
-107211.728   208.865    -1.21    0.86
-106925.198   208.660    -0.72    0.58
-106638.669   208.671     0.04    0.56
-106352.143   208.720     0.17    0.56
-106065.619   208.890     0.59    0.55
-105779.096   209.062     0.60    0.60
-105492.576   209.159     0.34    0.68
-105206.057   209.229     0.25    0.72
-104919.540   209.275     0.16    0.73
-104633.025   209.213    -0.22    0.73
-104346.512   209.106    -0.37    0.76
-104060.001   208.964    -0.49    0.80
-103773.491   208.730    -0.82    0.96
-103486.984   208.429    -1.05    1.14
-103200.478   208.055    -1.30    1.19
-102913.974   207.728    -1.14    1.13
-102627.472   207.411    -1.11    1.18
-102340.972   207.170    -0.84    1.25
-102054.474   207.007    -0.57    1.24
-101767.978   206.728    -0.97    1.31
-101481.484   206.397    -1.15    1.50
-101194.991   206.014    -1.34    1.76
-100908.500   205.750    -0.92    1.82
-100622.012   205.606    -0.50    1.84
-100335.525   205.454    -0.53    1.98
-100049.040   204.859    -2.08    2.59
 -99762.556   204.620    -0.84    2.82
 -99476.075   204.496    -0.43    2.72
 -99189.596   204.269    -0.79    2.65
 -98903.118   203.945    -1.13    2.30
 -98616.642   203.573    -1.30    1.95
 -98330.169   203.301    -0.95    1.56
 -98043.697   203.117    -0.64    1.29
 -97757.226   202.753    -1.27    1.30
 -97470.758   202.215    -1.88    1.34
 -97184.292   201.587    -2.19    1.22
 -96897.827   201.014    -2.00    1.26
 -96611.365   200.387    -2.19    1.58
 -96324.904   199.871    -1.80    1.54
 -96038.445   199.603    -0.94    1.48
 -95751.988   199.479    -0.43    1.43
 -95465.533   199.421    -0.20    1.23
 -95179.080   199.122    -1.04    1.43
 -94892.629   198.531    -2.07    2.98
 -94606.179   197.490    -3.63    4.54
 -94319.731   195.340    -7.50    6.44
 -94033.286   193.571    -6.17    6.60
 -93746.842   191.796    -6.20    6.47
 -93460.400   190.910    -3.09    5.72
 -93173.960   190.400    -1.78    5.10
 -92887.521   190.275    -0.44    4.61
 -92601.085   190.721     1.56    4.18
 -92314.650   191.725     3.50    2.64
 -92028.218   191.366    -1.25    3.31
 -91741.787   190.782    -2.04    4.01
 -91455.358   190.000    -2.73    4.76
 -91168.931   189.158    -2.94    5.41
 -90882.506   188.315    -2.94    5.57
 -90596.083   187.527    -2.75    5.84
 -90309.661   187.189    -1.18    5.79
 -90023.242   186.822    -1.28    5.85
 -89736.824   186.250    -2.00    5.72
 -89450.408   185.303    -3.31    5.44
 -89163.994   183.873    -4.99    5.57
 -88877.582   182.106    -6.17    6.05
 -88591.172   180.858    -4.36    5.87
 -88304.763   179.592    -4.42    5.62
 -88018.357   178.086    -5.26    5.30
 -87731.952   176.848    -4.32    5.43
 -87445.550   175.767    -3.77    5.80
 -87159.149   174.218    -5.41    6.22
 -86872.750   172.571    -5.75    6.23
 -86586.353   171.320    -4.37    6.06
 -86299.957   170.068    -4.37    6.08
 -86013.564   169.497    -2.00    5.98
 -85727.173   168.607    -3.11    6.30
 -85440.783   167.807    -2.79    6.17
 -85154.395   166.745    -3.71    6.26
 -84868.009   165.286    -5.09    6.36
 -84581.625   163.824    -5.10    6.59
 -84295.243   162.319    -5.25    6.39
 -84008.863   160.706    -5.63    6.48
 -83722.484   158.604    -7.34    7.29
 -83436.108   156.486    -7.40    7.64
 -83149.733   154.683    -6.30    8.01
 -82863.360   153.253    -4.99    7.85
 -82576.989   152.528    -2.53    7.79
 -82290.620   151.945    -2.03    7.65
 -82004.253   152.497     1.93    7.32
 -81717.888   153.241     2.60    7.17
 -81431.524   153.845     2.11    6.86
 -81145.162   153.775    -0.25    7.18
 -80858.803   153.671    -0.36    7.46
 -80572.445   153.197    -1.66    7.71
 -80286.089   152.379    -2.86    7.68
 -79999.735   151.741    -2.23    7.71
 -79713.382   150.952    -2.76    7.54
 -79427.032   149.952    -3.49    7.58
 -79140.683   148.548    -4.90    7.25
 -78854.337   147.129    -4.95    6.97
 -78567.992   145.381    -6.11    6.90
 -78281.649   143.824    -5.44    6.60
 -77995.308   142.486    -4.67    6.16
 -77708.969   141.381    -3.86    5.74
 -77422.632   140.255    -3.93    5.69
 -77136.296   139.007    -4.36    6.08
 -76849.962   138.028    -3.42    6.00
 -76563.631   137.291    -2.58    5.69
 -76277.301   136.500    -2.76    5.47
 -75990.973   135.867    -2.21    5.01
 -75704.647   135.049    -2.86    4.84
 -75418.323   134.500    -1.92    4.70
 -75132.000   133.829    -2.34    4.72
 -74845.680   133.194    -2.22    4.81
 -74559.361   132.219    -3.41    4.99
 -74273.044   130.847    -4.79    5.32
 -73986.729   129.246    -5.59    5.77
 -73700.416   127.790    -5.09    6.14
 -73414.105   126.333    -5.09    6.31
 -73127.796   125.113    -4.26    6.40
 -72841.488   124.056    -3.69    6.67
 -72555.183   122.943    -3.89    7.19
 -72268.879   121.958    -3.44    8.26
 -71982.577   119.632    -8.12    9.67
 -71696.277   117.027    -9.10   10.63
 -71409.979   114.596    -8.49   10.70
 -71123.683   112.694    -6.64   10.18
 -70837.389   111.211    -5.18    9.15
 -70551.096   110.432    -2.72    7.97
 -70264.805   110.160    -0.95    7.00
 -69978.517   110.229     0.24    6.20
 -69692.230   110.360     0.46    5.66
 -69405.945   110.401     0.15    5.31
 -69119.662   110.331    -0.25    4.97
 -68833.380   108.329    -6.99    7.16
 -68547.101   102.674   -19.75   14.13
 -68260.823    95.694   -24.38   17.75
 -67974.548    88.795   -24.10   18.66
 -67688.274    82.500   -21.99   17.39
 -67402.002    77.184   -18.57   14.41
 -67115.732    74.041   -10.98   11.05
 -66829.463    75.215     4.10   11.48
 -66543.197    78.455    11.32   12.10
 -66256.933    81.732    11.45   11.36
 -65970.670    84.401     9.32    8.87
 -65684.409    84.854     1.58    6.20
 -65398.150    84.371    -1.69    3.65
 -65111.893    83.986    -1.34    3.26
 -64825.638    83.121    -3.02    3.60
 -64539.385    82.243    -3.07    3.70
 -64253.133    81.214    -3.60    3.62
 -63966.884    80.281    -3.26    3.45
 -63680.636    79.490    -2.76    3.28
 -63394.390    78.728    -2.66    3.05
 -63108.146    78.054    -2.35    2.81
 -62821.904    77.576    -1.67    2.57
 -62535.664    77.155    -1.47    2.34
 -62249.425    76.676    -1.67    2.23
 -61963.189    76.207    -1.64    2.21
 -61676.954    75.750    -1.60    2.20
 -61390.722    75.314    -1.52    2.23
 -61104.491    74.743    -2.00    2.25
 -60818.262    74.215    -1.84    2.41
 -60532.034    73.653    -1.96    2.68
 -60245.809    72.986    -2.33    2.73
 -59959.586    72.231    -2.64    2.75
 -59673.364    71.521    -2.48    2.63
 -59387.062    70.762    -2.65    2.53
 -59100.361    69.993    -2.68    2.35
 -58813.663    69.430    -1.97    2.23
 -58526.968    68.789    -2.24    2.03
 -58240.275    68.191    -2.08    1.87
 -57953.584    67.676    -1.80    1.71
 -57666.897    67.338    -1.18    1.57
 -57380.212    67.137    -0.70    1.54
 -57093.529    67.014    -0.43    1.51
 -56806.849    66.918    -0.34    1.56
 -56520.172    66.863    -0.19    1.60
 -56233.498    66.669    -0.68    1.63
 -55946.826    66.458    -0.74    1.70
 -55660.156    66.078    -1.32    1.71
 -55373.489    65.655    -1.48    1.72
 -55086.825    65.184    -1.64    1.64
 -54800.163    64.860    -1.13    1.60
 -54513.504    64.469    -1.36    1.58
 -54226.848    63.986    -1.68    1.66
 -53940.194    63.476    -1.78    1.78
 -53653.543    62.946    -1.85    1.89
 -53366.894    62.441    -1.76    1.87
 -53080.248    61.827    -2.14    1.79
 -52793.605    61.199    -2.19    1.70
 -52506.964    60.633    -1.97    1.55
 -52220.326    59.993    -2.23    1.48
 -51933.690    59.318    -2.36    1.65
 -51647.057    58.599    -2.51    1.74
 -51360.426    57.836    -2.66    1.87
 -51073.799    57.150    -2.39    1.85
 -50787.173    56.317    -2.90    1.75
 -50500.551    55.550    -2.68    1.52
 -50213.931    54.809    -2.59    1.38
 -49927.313    54.193    -2.15    1.39
 -49640.698    53.690    -1.75    1.34
 -49354.086    53.266    -1.48    1.24
 -49067.476    52.917    -1.22    1.20
 -48780.869    52.628    -1.01    1.15
 -48494.265    52.310    -1.11    1.15
 -48207.663    52.076    -0.82    1.19
 -47921.064    51.875    -0.70    1.16
 -47634.467    51.790    -0.30    1.12
 -47347.873    51.722    -0.24    1.10
 -47061.281    51.601    -0.42    1.14
 -46774.693    51.559    -0.15    1.14
 -46488.106    51.632     0.25    1.08
 -46201.523    51.690     0.20    1.04
 -45914.941    51.821     0.46    1.00
 -45628.363    51.979     0.55    0.94
 -45341.787    52.146     0.58    0.93
 -45055.214    52.364     0.76    0.85
 -44768.643    52.355    -0.03    0.96
 -44482.075    52.021    -1.16    1.39
 -44195.509    51.730    -1.01    1.48
 -43908.946    51.414    -1.10    1.55
 -43622.386    51.188    -0.79    1.47
 -43335.828    50.986    -0.70    1.35
 -43049.273    50.904    -0.29    1.19
 -42762.721    50.864    -0.14    1.12
 -42476.171    50.673    -0.66    1.13
 -42189.623    50.606    -0.24    1.06
 -41903.079    50.353    -0.88    0.91
 -41616.537    50.338    -0.05    0.88
 -41329.997    50.446     0.38    0.99
 -41043.460    50.745     1.04    1.21
 -40756.926    51.159     1.44    1.22
 -40470.394    51.446     1.00    1.11
 -40183.865    51.599     0.53    0.98
 -39897.338    51.621     0.08    0.87
 -39610.814    51.510    -0.38    0.84
 -39324.293    51.270    -0.84    0.80
 -39037.774    51.000    -0.94    0.76
 -38751.258    50.752    -0.87    0.72
 -38464.744    50.577    -0.61    0.66
 -38178.233    50.500    -0.27    0.58
 -37891.725    50.521     0.07    0.74
 -37605.219    50.417    -0.36    0.87
 -37318.716    50.234    -0.64    0.99
 -37032.215    49.993    -0.84    1.12
 -36745.717    49.634    -1.25    1.25
 -36459.222    49.239    -1.38    1.14
 -36172.729    48.844    -1.38    0.88
 -35886.238    48.739    -0.36    0.88
 -35599.751    48.718    -0.07    1.01
 -35313.266    48.727     0.03    1.09
 -35026.783    48.917     0.66    1.48
 -34740.303    49.055     0.48    1.75
 -34453.826    49.150     0.33    1.88
 -34167.351    49.055    -0.33    1.95
 -33880.879    48.930    -0.44    2.10
 -33594.410    48.669    -0.91    2.05
 -33307.943    48.331    -1.18    2.18
 -33021.478    47.892    -1.53    2.39
 -32735.017    47.129    -2.67    2.14
 -32448.558    46.595    -1.86    2.04
 -32162.101    46.014    -2.03    1.47
 -31875.647    45.669    -1.20    1.18
 -31589.196    45.415    -0.89    0.52
 -31302.747    45.425     0.03    0.50
 -31016.301    45.507     0.29    0.50
 -30729.857    45.560     0.19    0.50
 -30443.416    45.830     0.94    1.38
 -30156.978    46.355     1.83    2.32
 -29870.542    46.930     2.01    2.77
 -29584.109    47.007     0.27    3.04
 -29297.678    46.694    -1.09    3.30
 -29011.250    46.219    -1.66    3.66
 -28724.825    45.583    -2.22    3.66
 -28438.402    44.549    -3.61    3.68
 -28151.981    43.426    -3.92    3.43
 -27865.564    42.305    -3.91    2.94
 -27579.149    41.199    -3.86    2.79
 -27292.736    40.189    -3.53    2.58
 -27006.326    39.264    -3.23    1.95
 -26719.919    38.753    -1.78    1.78
 -26433.514    38.593    -0.56    1.42
 -26147.112    38.303    -1.01    1.63
 -25860.713    38.297    -0.02    2.27
 -25574.316    38.155    -0.49    3.09
 -25287.921    36.873    -4.48    5.60
 -25001.529    35.730    -3.99    6.48
 -24715.140    34.465    -4.42    7.59
 -24428.754    33.845    -2.16    8.79
 -24142.370    33.559    -1.00    9.22
 -23855.988    32.639    -3.21    9.70
 -23569.609    32.422    -0.76    9.93
 -23283.233    31.599    -2.87   11.03
 -22996.860    30.759    -2.93   12.01
 -22710.488    30.624    -0.47   12.63
 -22424.120    33.331     9.45   12.75
 -22137.754    35.493     7.55   12.45
 -21851.391    38.086     9.06   10.80
 -21565.030    39.787     5.94    8.72
 -21278.672    41.537     6.11    6.38
 -20992.317    43.619     7.27    2.13
 -20705.964    44.158     1.88    1.76
 -20419.613    44.390     0.81    1.60
 -20133.266    44.347    -0.15    1.67
 -19846.920    44.379     0.11    1.75
 -19560.578    44.496     0.41    1.71
 -19274.238    44.482    -0.05    1.62
 -18987.900    44.443    -0.14    1.50
 -18701.566    44.713     0.94    1.25
 -18415.233    44.931     0.76    1.08
 -18128.904    45.163     0.81    1.18
 -17842.577    45.579     1.45    1.51
 -17556.252    46.097     1.81    1.93
 -17269.930    46.762     2.32    2.29
 -16983.611    47.723     3.36    2.83
 -16697.294    48.858     3.96    3.00
 -16410.980    49.851     3.47    2.43
 -16124.669    50.218     1.28    2.21
 -15838.360    50.299     0.28    2.19
 -15552.053    50.041    -0.90    2.23
 -15265.750    49.397    -2.25    2.02
 -14979.449    48.853    -1.90    1.67
 -14693.150    48.814    -0.14    1.76
 -14406.854    49.120     1.07    2.09
 -14120.561    49.754     2.21    2.41
 -13834.270    50.511     2.64    2.51
 -13547.981    50.725     0.75    2.31
 -13261.696    50.447    -0.97    2.73
 -12975.413    50.042    -1.41    3.16
 -12689.132    49.883    -0.56    3.68
 -12402.854    49.721    -0.56    4.00
 -12116.579    49.116    -2.11    4.10
 -11830.306    48.354    -2.66    4.03
 -11544.036    47.714    -2.24    3.84
 -11257.769    47.610    -0.36    3.61
 -10971.504    46.979    -2.20    3.42
 -10685.241    46.424    -1.94    3.09
 -10398.981    46.098    -1.14    2.65
 -10112.724    46.295     0.69    2.57
  -9826.470    46.252    -0.15    2.75
  -9540.218    44.633    -5.66    6.20
  -9253.968    41.524   -10.86   10.11
  -8967.721    37.740   -13.22   12.96
  -8681.477    35.086    -9.27   13.64
  -8395.235    32.657    -8.48   13.95
  -8108.996    30.600    -7.19   13.49
  -7822.760    29.396    -4.21   12.59
  -7536.526    28.600    -2.78   11.73
  -7250.294    26.788    -6.33   10.99
  -6964.066    24.299    -8.69    8.92
  -6677.839    22.728    -5.49    6.31
  -6391.616    22.490    -0.83    4.99
  -6105.395    23.218     2.55    5.31
  -5819.176    24.227     3.52    5.42
  -5532.960    25.814     5.55    5.35
  -5246.747    27.563     6.11    4.89
  -4960.537    29.270     5.96    4.16
  -4674.328    30.590     4.61    3.65
  -4388.123    31.888     4.53    3.01
  -4101.920    33.179     4.51    2.23
  -3815.720    33.874     2.43    1.59
  -3529.522    34.145     0.95    1.32
  -3243.327    34.183     0.13    1.04
  -2957.134    33.944    -0.84    0.98
  -2670.944    32.694    -4.37    5.26
  -2384.757    28.521   -14.58   11.61
  -2098.572    23.050   -19.12   15.10
  -1812.389    17.389   -19.78   16.25
  -1526.210    10.819   -22.96   15.06
  -1240.033     5.214   -19.59   11.38
   -953.858     1.084   -14.43    5.02
   -667.686     0.000    -3.79    0.00
   -381.517     0.000     0.00    0.00
    -95.350     0.000     0.00    0.00
    190.814     0.000     0.00    0.00
    476.976     0.000     0.00    0.00
    763.135     0.000     0.00    0.00
   1049.291     0.958     3.35    4.83
   1335.445     5.619    16.29   13.02
   1621.596    12.418    23.76   18.83
   1907.745    20.653    28.78   22.18
   2193.891    29.354    30.41   23.12
   2480.188    38.863    33.21   20.73
   2766.968    46.500    26.63   15.14
   3053.745    51.863    18.70    7.50
   3340.518    53.917     7.16    4.24
   3627.288    54.837     3.21    2.96
   3914.055    55.552     2.49    2.79
   4200.818    55.303    -0.87    3.58
   4487.578    54.486    -2.85    4.77
   4774.335    53.871    -2.15    5.67
   5061.089    53.350    -1.82    6.47
   5347.839    52.201    -4.01    6.85
   5634.586    51.000    -4.19    6.55
   5921.329    50.122    -3.06    5.74
   6208.069    50.143     0.07    4.68
   6494.806    50.552     1.43    3.55
   6781.540    50.564     0.04    2.76
   7068.270    50.213    -1.23    1.39
   7354.997    50.050    -0.57    1.61
   7641.720    49.634    -1.45    2.52
   7928.440    49.424    -0.73    3.13
   8215.157    49.748     1.13    3.40
   8501.871    50.793     3.64    3.87
   8788.581    52.399     5.60    4.65
   9075.288    54.211     6.32    5.07
   9361.991    56.421     7.71    4.33
   9648.692    58.206     6.22    3.47
   9935.388    59.625     4.95    2.68
  10222.082    60.833     4.21    1.68
  10508.772    61.634     2.79    1.19
  10795.459    62.212     2.02    1.27
  11082.143    62.771     1.95    1.29
  11368.823    63.232     1.61    1.19
  11655.500    63.746     1.79    0.97
  11942.174    64.064     1.11    0.78
  12228.844    64.205     0.49    0.69
  12515.511    64.179    -0.09    0.77
  12802.175    64.049    -0.45    0.83
  13088.835    63.840    -0.73    1.00
  13375.492    63.461    -1.32    1.02
  13662.146    63.014    -1.56    1.05
  13948.796    62.563    -1.57    0.99
  14235.443    62.196    -1.28    0.87
  14522.087    61.965    -0.80    0.94
  14808.727    61.966     0.00    1.25
  15095.364    62.257     1.02    1.75
  15381.998    62.887     2.20    2.45
  15668.629    63.894     3.51    3.09
  15955.256    65.135     4.33    3.46
  16241.879    66.521     4.84    3.64
  16528.500    67.736     4.24    3.64
  16815.117    69.252     5.29    3.54
  17101.731    70.578     4.63    3.39
  17388.341    71.538     3.35    3.23
  17674.949    72.229     2.41    2.96
  17961.552    72.693     1.62    2.76
  18248.153    72.734     0.14    2.71
  18534.750    72.378    -1.24    2.79
  18821.344    71.717    -2.30    2.65
  19107.935    71.219    -1.74    2.28
  19394.522    70.735    -1.69    1.76
  19681.106    70.179    -1.94    1.22
  19967.687    69.793    -1.35    1.12
  20254.264    69.364    -1.50    1.29
  20540.838    69.072    -1.02    1.48
  20827.409    68.932    -0.49    1.84
  21113.976    68.980     0.17    2.10
  21400.540    69.272     1.02    2.24
  21687.101    69.760     1.70    2.45
  21973.658    70.170     1.43    2.93
  22260.212    70.429     0.90    3.51
  22546.763    70.603     0.61    4.03
  22833.310    70.650     0.16    4.43
  23119.854    70.604    -0.16    4.82
  23406.395    70.685     0.28    4.75
  23692.933    70.824     0.49    4.38
  23979.467    70.755    -0.24    3.85
  24265.998    70.780     0.09    3.35
  24552.525    71.050     0.94    3.05
  24839.050    71.430     1.32    2.94
  25125.570    71.634     0.71    2.75
  25412.088    72.188     1.93    2.83
  25698.602    72.814     2.19    3.11
  25985.113    73.503     2.41    3.29
  26271.621    74.211     2.47    3.24
  26558.125    74.859     2.26    3.34
  26844.626    75.603     2.60    3.45
  27131.124    76.362     2.65    3.66
  27417.618    76.986     2.18    4.10
  27704.109    77.510     1.83    4.37
  27990.597    77.881     1.29    4.66
  28277.082    78.479     2.09    5.07
  28563.563    79.326     2.96    5.61
  28850.040    79.895     1.99    5.84
  29136.515    80.743     2.96    6.25
  29422.986    81.521     2.72    6.56
  29709.454    82.445     3.23    6.81
  29995.918    83.021     2.01    6.91
  30282.380    83.618     2.09    6.89
  30568.838    84.371     2.63    6.84
  30855.292    85.156     2.74    6.42
  31141.744    86.042     3.09    6.47
  31428.191    86.908     3.02    6.71
  31714.636    87.597     2.41    6.77
  32001.077    88.420     2.87    6.65
  32287.516    88.778     1.25    6.68
  32573.950    88.821     0.15    6.44
  32860.382    88.909     0.31    6.08
  33146.810    89.155     0.86    5.74
  33433.234    89.496     1.19    5.42
  33719.656    89.475    -0.07    5.12
  34006.074    89.257    -0.76    4.93
  34292.489    89.432     0.61    4.43
  34578.900    89.878     1.56    3.77
  34865.309    90.126     0.87    3.13
  35151.714    90.293     0.58    2.33
  35438.115    90.702     1.43    2.04
  35724.513    91.475     2.70    2.02
  36010.908    92.472     3.48    2.35
  36297.300    93.803     4.65    2.94
  36583.688    95.388     5.53    3.33
  36870.074    97.102     5.99    3.50
  37156.455    98.924     6.36    3.48
  37442.834   100.755     6.39    3.31
  37729.209   102.493     6.07    3.19
  38015.581   104.223     6.04    3.19
  38301.949   105.767     5.39    3.34
  38588.314   107.469     5.94    3.42
  38874.676   109.156     5.89    3.61
  39161.035   110.842     5.89    3.77
  39447.390   112.764     6.71    3.90
  39733.742   114.688     6.72    3.96
  40020.090   116.681     6.96    3.97
  40306.436   118.887     7.70    3.95
  40592.778   121.103     7.74    4.02
  40879.117   123.306     7.69    4.11
  41165.452   125.585     7.96    4.20
  41451.784   127.904     8.10    4.19
  41738.113   130.007     7.34    3.83
  42024.438   131.844     6.41    3.37
  42310.760   133.453     5.62    3.26
  42597.079   134.897     5.04    3.58
  42883.395   136.137     4.33    4.00
  43169.707   137.349     4.23    4.53
  43456.016   138.822     5.14    5.08
  43742.322   140.923     7.34    5.47
  44028.624   142.878     6.83    5.55
  44314.923   144.965     7.29    5.43
  44601.219   146.736     6.19    5.07
  44887.511   148.625     6.60    4.39
  45173.800   149.789     4.07    3.74
  45460.086   150.714     3.23    3.44
  45746.368   151.903     4.15    3.76
  46032.648   153.886     6.93    5.07
  46318.924   156.681     9.76    6.66
  46605.196   159.683    10.49    7.46
  46891.465   162.521     9.91    7.07
  47177.731   165.715    11.16    6.84
  47463.994   168.548     9.90    6.88
  47750.253   170.993     8.54    7.62
  48036.509   172.437     5.04    8.82
  48322.762   173.465     3.59    9.89
  48609.011   174.371     3.17   10.89
  48895.258   175.085     2.49   11.34
  49181.500   175.531     1.56   11.37
  49467.740   175.559     0.10   11.16
  49753.976   175.423    -0.48   10.41
  50040.209   175.195    -0.79    9.62
  50326.439   174.229    -3.37    8.91
