# NaN NaN NaN ;Mean Elev.(m), Avg Gradient(m/km), RMS Gradient(m/km) - SRTM1     
#   20.158 -11.522  16.960 ;Mean Elev.(m), Avg Gradient(m/km), RMS Gradient(m/km) - ASTER GDEM
#   42.491 -11.698  16.806 ;Mean Elev.(m), Avg Gradient(m/km), RMS Gradient(m/km) - GMTED2010 
   1 232.763237  65.323491   154.061   152.870 16 54667.83773883  3.584
   2 232.759786  65.324155   153.866   153.202 15 54677.75338293  3.131
   3 232.756712  65.325503    -3.779    -1.893 15 54687.66902580 10.826
   4 232.755077  65.326138   156.696   157.158 15 54697.58466689  3.171
   5 232.757254  65.325275     1.382     1.517 15 54707.50030866  6.783
   6 232.756161  65.323095   158.463   159.184 14 54717.41596030  3.259
   7 232.769662  65.322534     9.211    11.043 17 54727.33161084 15.990
   8 232.774070  65.322790   152.223   151.866 18 54737.24725899  4.053
   9 232.767310  65.323586   152.990   152.233 16 54747.16290579  5.592
  10 232.757585  65.324104   153.162   152.560 15 54757.07855191 11.327
  11 232.759050  65.324231   152.043   151.948 14 54766.99419712  9.461
  12 232.769664  65.323477   150.351   150.536 17 54776.90983989  8.117
  13 232.777541  65.322417   149.300   149.492 19 54786.82547997  8.565
  14 232.780497  65.322470   148.781   148.868 19 54796.74111849  8.448
  15 232.774454  65.323425   149.088   149.217 18 54806.65675589  7.930
  16 232.765557  65.323995   150.903   150.886 16 54816.57239238  6.786
  17 232.759393  65.324259   152.462   152.269 14 54826.48804010  6.249
  18 232.761665  65.324376   151.488   151.088 15 54836.40367952  6.325
  19 232.760897  65.324669   152.347   151.867 15 54846.31932900  4.263
  20 232.754664  65.324832   161.086   160.815 15 54856.23497734  3.628
  21 232.754031  65.326085   160.638   160.085 14 54866.15062625  2.977
  22 232.751226  65.326037   164.462   166.188 15 54876.06627441  2.052
  23 232.756153  65.325512   164.950   165.419 15 54885.98192034  2.330
  24 232.758494  65.323668   165.855   165.909 15 54895.89756253  2.158
  25 232.768045  65.323066   162.932   163.282 17 54905.81320275  1.916
  26 232.769372  65.322915   160.334   160.146 17 54915.72884107  1.584
  27 232.768472  65.323572   164.042   165.405 17 54925.64447895  1.509
  28 232.764942  65.323777   167.385   168.119 15 54935.56011587  1.377
  29 232.766041  65.323412   167.722   167.860 16 54945.47575125  0.952
  30 232.777192  65.322863   148.589   149.052 18 54955.39138502  9.655
  31 232.780930  65.322210   149.186   149.454 18 54965.30703262  9.524
  32 232.780488  65.322505   153.470   153.641 19 54975.22268058  5.055
  33 232.758882  65.321760   159.610   161.921 13 54985.13832633  2.586
  34 232.760354  65.323543    81.540    80.108 15 54995.05397430 13.963
  35 232.759043  65.324273   154.178   153.147 15 55004.96962051  4.958
  36 232.759280  65.324490   153.781   152.914 15 55014.88526466  6.393
  37 232.760381  65.324696   151.629   151.829 15 55024.80090747  4.765
  38 232.756220  65.325009   153.363   153.048 14 55034.71654926  5.767
  39 232.755346  65.325378   153.514   153.190 15 55044.63219059  3.980
  40 232.755059  65.324658   154.343   153.793 15 55054.54783021  3.559
  41 232.762393  65.323509   152.619   152.717 16 55064.46346824  4.413
  42 232.768645  65.322809   153.029   153.096 17 55074.37911552  2.859
  43 232.774850  65.323073   150.489   150.545 18 55084.29476406  3.465
  44 232.769035  65.323118   151.591   151.734 17 55094.21040994  3.564
  45 232.764688  65.323359   155.369   155.686 16 55104.12605586  3.058
  46 232.764121  65.323584   151.525   151.600 16 55114.04170190  7.550
  47 232.768737  65.323446   151.383   150.760 17 55123.95734595  6.499
  48 232.771677  65.322856   146.974   149.303 16 55133.87298698 12.364
  49 232.778489  65.322996   146.274   147.450 18 55143.78862625 13.184
  50 232.775643  65.323182   149.211   149.358 18 55153.70426401  9.768
  51 232.769728  65.323461   150.394   150.406 17 55163.61990183  7.779
  52 232.764746  65.323833   151.611   151.081 15 55173.53553946  6.691
  53 232.760138  65.323521   153.639   153.428 15 55183.45117685  5.496
  54 232.759206  65.324033   154.885   154.104 15 55193.36682799  4.880
  55 232.757626  65.324849   154.749   153.479 14 55203.28247784  4.378
  56 232.754495  65.325595   156.744   155.173 14 55213.19812691  3.355
  57 232.751995  65.325565   158.609   155.892 15 55223.11377556  2.411
  58 232.756345  65.324874   156.691   155.715 14 55233.02942334  2.551
  59 232.764126  65.323645   155.569   155.093 15 55242.94506820  1.990
  60 232.770804  65.322915   156.864   157.230 16 55252.86070971  2.130
  61 232.775325  65.323419   156.819   156.522 18 55262.77634890  1.700
  62 232.767710  65.323707   158.787   158.028 17 55272.69198600  1.251
  63 232.764778  65.323811   161.125   161.991 16 55282.60762326  1.250
  64 232.769444  65.323388   162.419   164.201 13 55292.52325995  0.393
  65 232.779106  65.322791    38.281    38.633 18 55302.43889617 29.182
  66 232.780577  65.322254   146.889   147.048 19 55312.35454395 11.449
  67 232.776442  65.322458   157.375   156.161 18 55322.27018898  4.243
  68 232.767597  65.323002   152.295   152.688 17 55332.18583241  7.416
  69 232.761848  65.323737   152.851   152.843 16 55342.10147612  5.215
  70 232.760547  65.323866   152.918   152.938 15 55352.01711997  3.198
  71 232.760402  65.323663   152.990   152.969 15 55361.93276172  3.174
  72 232.761559  65.323980   152.410   152.442 15 55371.84840157  2.732
  73 232.757955  65.324433   158.387   158.711 15 55381.76403955  4.488
  74 232.754851  65.324965   153.520   153.403 15 55391.67967685  3.835
  75 232.756007  65.324752   153.930   153.390 15 55401.59531312  2.796
  76 232.763259  65.323944    38.559    38.583 15 55411.51096367 52.085
  77 232.746608  65.319839   159.451   160.289  9 55421.42661161  2.382
  78 232.771689  65.321425   153.510   153.151 16 55431.34226081  1.822
  79 232.760892  65.321273   158.010   159.280 13 55441.25790446  2.055
  80 232.767241  65.323751   151.435   151.521 17 55451.17354832  3.564
  81 232.759311  65.323717   153.433   153.198 15 55461.08919009  4.294
  82 232.761077  65.322734   153.621   153.746 15 55471.00483141  3.500
  83 232.776049  65.322459   150.272   150.355 18 55480.92047101  4.184
  84 232.784167  65.322136   149.173   148.947 20 55490.83610752  7.540
  85 232.782328  65.322594   150.079   148.914 20 55500.75174111  6.264
  86 232.769608  65.323281   150.846   150.854 16 55510.66738264  5.794
  87 232.760274  65.324050   151.861   151.928 14 55520.58303154  5.082
  88 232.756706  65.324167   155.113   154.005 15 55530.49867987  4.039
  89 232.759446  65.324020   156.411   155.446 14 55540.41432709  2.471
  90 232.763056  65.324264   155.446   155.483 15 55550.32997226  2.438
  91 232.757318  65.324557   154.851   154.595 15 55560.24561500  2.719
  92 232.756887  65.325783   158.386   158.274 15 55570.16125746  1.650
  93 232.754261  65.325459   159.137   158.447 15 55580.07689863  2.270
  94 232.762009  65.324150   158.523   158.547 15 55589.99253793  2.102
  95 232.775473  65.322479   157.145   156.957 18 55599.90817460  2.153
  96 232.785347  65.321730   156.363   155.721 19 55609.82380866  2.379
  97 232.783087  65.322161   159.468   159.581 19 55619.73944022  3.483
  98 232.769934  65.323427   163.442   164.247 17 55629.65508920  3.647
  99 232.759674  65.323664   166.858   166.491 15 55639.57073921  3.527
 100 232.768510  65.323576   165.220   166.385 17 55649.48638858  3.059
 101 232.775653  65.322055   162.428   163.161 18 55659.40203444  2.806
 102 232.785074  65.322059   161.895   161.928 20 55669.31767692  3.195
 103 232.774960  65.322223   166.957   168.100 18 55679.23331548  2.788
 104 232.767006  65.323715   169.875   170.320 16 55689.14895239  1.286
 105 232.756899  65.324107   153.516   153.214 15 55699.06458761  7.326
 106 232.761637  65.324390   154.806   154.419 15 55708.98022563  6.250
 107 232.761804  65.323722   153.691   153.111 16 55718.89587629  5.032
 108 232.761624  65.323652   154.478   154.160 16 55728.81152448  4.179
 109 232.760738  65.324366   152.265   152.334 15 55738.72717119  2.595
 110 232.740908  65.323178   161.989   161.987  6 55748.64281481  0.823
 111 232.756854  65.324821   153.229   152.973 15 55758.55845954  3.370
 112 232.759811  65.323443   154.512   154.078 15 55768.47410015  2.870
 113 232.743740  65.319091   162.293   160.768  8 55778.38973570  2.658
 115 232.755575  65.319239   157.161   157.269 11 55798.22100495  2.577
 116 232.759430  65.321622   159.857   159.710 13 55808.13664995  1.406
 117 232.740669  65.321095   160.881   159.277  7 55818.05229723  1.664
 118 232.768404  65.323440   151.391   151.340 16 55827.96794499  3.099
 119 232.781986  65.323029   149.195   148.787 19 55837.88358695  3.207
 120 232.784934  65.321932   147.990   148.914 19 55847.79922479  4.091
 121 232.780721  65.322365   148.306   149.100 18 55857.71485980 10.269
 122 232.767090  65.323456   151.329   151.108 16 55867.63050428  8.568
 123 232.756013  65.324538   154.263   152.788 15 55877.54615526  6.495
 124 232.755645  65.324851   152.844   152.630 15 55887.46180077  6.479
 125 232.757222  65.324059   153.775   152.964 15 55897.37744068  5.350
 126 232.766230  65.323952   151.784   151.353 16 55907.29307625  3.744
 127 232.765796  65.324337   152.524   151.152 16 55917.20872257  4.198
 128 232.758587  65.324534   153.106   152.767 14 55927.12437530  3.927
 129 232.759925  65.324778   156.506   154.329 15 55937.04002542  2.562
 130 232.762891  65.323563   158.714   157.893 16 55946.95567066  1.950
 131 232.775349  65.322890   155.921   156.229 18 55956.87131225  1.056
 132 232.779527  65.322300   158.906   160.080 18 55966.78695054  0.677
 133 232.809916  65.326398   158.432   146.970  7 55976.70259049  0.458
 134 232.770276  65.323316   163.271   164.185 16 55986.61822293  0.800
 135 232.766989  65.323420   165.413   165.962 16 55996.53385989  0.883
 136 232.770649  65.323317   164.840   165.823 16 56006.44951177  1.110
 137 232.781580  65.323241   159.299   158.517 19 56016.36516023  1.091
 138 232.775662  65.322409   163.857   163.056 18 56026.28080420  1.283
 139 232.768183  65.322883   169.472   170.234 17 56036.19644643  0.549
 141 232.757722  65.324671   160.607   160.638 14 56056.02772456  5.501
 142 232.757550  65.324457   152.315   152.127 15 56065.94335849 11.147
 143 232.759691  65.324246   153.620   153.195 15 56075.85900523  7.585
 144 232.757599  65.324075   154.099   153.960 15 56085.77465427  5.122
 145 232.747891  65.323085   161.190   160.795 11 56095.69030016  2.741
 146 232.750701  65.323272   156.624   155.934 13 56105.60594512  2.451
 147 232.756327  65.322942   159.233   159.784 13 56115.52157583  2.414
 148 232.768962  65.323102   151.547   151.678 17 56125.43721503  2.165
 149 232.766179  65.321397   154.481   153.661 15 56135.35284876  3.000
 150 232.775797  65.322258   150.670   150.767 18 56145.26849148  2.611
 151 232.743680  65.319504   162.038   162.048  8 56155.18413833  2.201
 152 232.768257  65.323319   151.851   151.635 17 56165.09978969  3.069
 153 232.767828  65.323689   151.448   151.302 16 56175.01543640  3.648
 154 232.767838  65.323211   151.497   151.730 16 56184.93107798  6.387
 155 232.776433  65.323208   150.780   150.765 18 56194.84671657  6.955
 156 232.774292  65.322816   152.946   152.659 18 56204.76235124  4.209
 157 232.771726  65.323453   148.086   149.885 17 56214.67798440  8.080
 158 232.761017  65.323760   152.761   152.252 15 56224.59362000  8.901
 159 232.758493  65.324675   152.162   151.634 15 56234.50927555 10.754
 160 232.757402  65.324675   151.780   151.849 15 56244.42492725 10.568
 161 232.756213  65.324187   152.593   152.328 15 56254.34057399 10.321
 162 232.756360  65.324233   152.157   152.033 15 56264.25621670  8.890
 163 232.756459  65.324413   152.436   152.176 15 56274.17185764  8.369
 164 232.757698  65.324109   151.897   151.698 15 56284.08750206  7.666
 165 232.765584  65.323809   151.282   151.125 16 56294.00315402  6.283
 166 232.771270  65.322884   150.106   150.481 16 56303.91880142  6.145
 167 232.777257  65.323020   149.672   149.545 18 56313.83444493  4.343
 168 232.772731  65.323326   151.999   151.102 17 56323.75008538  3.548
 169 232.766351  65.323756   154.297   152.112 16 56333.66572500  3.685
 170 232.766425  65.323790   153.014   151.680 16 56343.58136458  3.828
 171 232.768050  65.322969   153.116   152.143 17 56353.49700195  3.462
 172 232.773057  65.322577   157.688   157.769 18 56363.41264518  2.993
 173 232.775775  65.323210   157.658   158.583 18 56373.32829447  2.709
 175 232.758219  65.324547   164.600   165.613 14 56393.15958336  1.869
 176 232.756671  65.325082   163.724   165.069 14 56403.07522571  2.112
 177 232.756551  65.324833   170.085   170.686 15 56412.99086529  0.632
 178 232.758114  65.323962   174.160   173.873 15 56422.90650001  0.968
 179 232.757742  65.323764   156.503   154.185 15 56432.82214266  7.675
 180 232.757162  65.324449   155.327   154.508 15 56442.73779510  6.362
 181 232.758366  65.325305   154.471   153.066 15 56452.65344514  4.802
 182 232.756750  65.324431   161.129   161.198 14 56462.56909227  3.897
 183 232.746131  65.321487   163.966   163.328  9 56472.48473516  1.505
 184 232.775631  65.322888   150.383   150.498 18 56482.40037850  4.577
 185 232.757165  65.320422   167.276   167.986 11 56492.31601366  2.804
 186 232.742794  65.319737   165.251   164.806  8 56502.23164684  2.650
 187 232.766155  65.323427   151.708   151.793 16 56512.14728216  3.995
 188 232.766971  65.323836   152.276   151.325 17 56522.06292924  3.316
 189 232.767785  65.323224   153.737   152.347 17 56531.97858199  4.216
 191 232.773652  65.323134   150.681   150.735 18 56551.80987641  4.541
 192 232.759697  65.323430   155.613   155.708 15 56561.72551787  3.386
 193 232.751471  65.324581   156.935   155.656 14 56571.64115874  4.009
 194 232.754838  65.325834   152.954   152.793 14 56581.55679896  4.721
 195 232.759062  65.325074   148.270   150.351 15 56591.47243491 10.930
 196 232.759110  65.323781   152.226   152.291 15 56601.38808376 11.348
 197 232.764979  65.324101   150.902   150.709 16 56611.30373415  9.846
 198 232.760042  65.324570   151.758   151.591 15 56621.21937901  7.818
 199 232.756668  65.325091   152.613   152.078 15 56631.13502102  6.769
 200 232.756680  65.324330   153.854   153.077 15 56641.05065940  4.261
 201 232.767028  65.323290   151.841   151.797 16 56650.96630797  4.826
 202 232.781798  65.322990   149.074   148.740 19 56660.88195968  4.023
 203 232.781577  65.322855   149.512   149.165 19 56670.79760671  3.419
 204 232.768903  65.323557   154.134   152.119 17 56680.71325058  2.631
 205 232.758043  65.324177   163.942   164.537 15 56690.62889276  5.503
 206 232.758408  65.324232   167.104   166.058 15 56700.54453252  4.801
 207 232.769554  65.323501   160.674   161.445 16 56710.46016847  4.147
 208 232.772222  65.322527   162.744   163.441 16 56720.37581114  3.947
 209 232.768382  65.322804    81.347    79.281 17 56730.29146281 10.808
 210 232.759477  65.324295   165.553   165.863 15 56740.20711026  3.591
 211 232.752186  65.325774   168.418   168.117 15 56750.12275375  3.328
 212 232.750451  65.325993   169.616   169.427 15 56760.03839280  2.655
 214 232.760083  65.324054   153.282   153.270 15 56779.86967762  5.774
 215 232.759231  65.323684   154.138   153.071 15 56789.78533285  8.656
 216 232.756412  65.324313   153.321   153.414 15 56799.70098465  6.554
 217 232.753554  65.325121   153.407   153.329 15 56809.61663001  5.863
 218 232.754592  65.324878   155.948   154.610 14 56819.53227041  3.967
 219 232.755301  65.322847   159.491   156.426 13 56829.44790685  2.785
 220 232.776668  65.322555    96.176    96.269 18 56839.36354209 27.947
 221 232.738603  65.317409   170.352   165.679  5 56849.27917112  1.940
 222 232.770448  65.322944   151.225   151.737 16 56859.19482888  3.089
 223 232.759488  65.324214   157.468   158.127 14 56869.11048157  4.866
 224 232.758193  65.324961   153.134   152.556 15 56879.02613284  4.152
 225 232.760550  65.324274   154.280   154.265 15 56888.94178094  5.265
 226 232.766693  65.323525   152.627   152.117 16 56898.85742664  5.398
 227 232.767085  65.323843   151.808   151.575 17 56908.77306948  4.278
 228 232.758696  65.324833   153.571   153.484 15 56918.68870966  3.773
 229 232.753373  65.326242   153.586   153.723 14 56928.60434808  3.822
 230 232.754666  65.326635   150.468   150.470 15 56938.51998274  8.337
 231 232.754697  65.324984   153.668   152.873 15 56948.43561659 10.040
 232 232.760147  65.324016   151.940   152.098 14 56958.35127013  9.405
 233 232.764891  65.323845   151.431   151.518 16 56968.26691841  6.024
 234 232.760926  65.323937   153.116   152.041 15 56978.18256199  5.314
 235 232.760482  65.324624   152.088   151.779 15 56988.09820146  5.906
 236 232.759228  65.323871   152.230   152.227 15 56998.01383466  6.428
 237 232.768078  65.323511   150.449   150.504 17 57007.92948408  6.215
 238 232.776280  65.323010   149.058   149.201 18 57017.84513813  6.608
 239 232.774842  65.322668   150.010   150.154 18 57027.76078794  5.418
 240 232.768171  65.323429   150.757   150.629 17 57037.67643558  5.505
 241 232.761427  65.324295   151.963   151.648 15 57047.59208067  4.499
 242 232.756847  65.324317   155.002   154.780 15 57057.50772216  3.635
 243 232.763446  65.324003   155.620   157.153 15 57067.42335914  2.378
 244 232.768313  65.323561   158.354   157.890 17 57077.33899165  2.595
 245 232.769042  65.323525   159.626   159.664 16 57087.25462339  2.239
 246 232.756935  65.324316   163.079   161.672 15 57097.17028111  2.216
 247 232.753268  65.325829   167.801   167.300 15 57107.08593675  1.430
 248 232.754921  65.326442   169.035   168.865 15 57117.00158796  2.566
 249 232.755715  65.325412   170.550   170.878 14 57126.91723276  1.709
 250 232.748093  65.323032   158.710   159.295  5 57136.83287130  0.518
 251 232.762821  65.323669   151.912   152.072 16 57146.74850796  3.280
 252 232.766065  65.323794   152.179   151.430 16 57156.66414109  9.483
 253 232.760801  65.323476   159.862   159.634 15 57166.57978420  3.606
 254 232.765506  65.324218   153.900   153.547 16 57176.49544112  2.844
 255 232.766049  65.323499   152.300   152.207 16 57186.41109365  2.777
 256 232.813291  65.327839    87.714    87.864  6 57196.32674660 27.426
 257 232.768218  65.322802   152.468   151.984 17 57206.24237700  3.730
 258 232.767291  65.323740   151.835   151.812 16 57216.15802207  4.517
 259 232.758684  65.323812   153.096   153.146 15 57226.07366518  3.851
 260 232.759373  65.324201   157.554   158.438 15 57235.98930713  4.050
 261 232.758490  65.323638   153.237   153.202 15 57245.90494542  4.124
 262 232.766663  65.324119   155.006   154.457 16 57255.82058199  3.845
 263 232.757937  65.323702   153.483   153.506 15 57265.73621572  4.500
 264 232.758794  65.324979   154.806   153.784 15 57275.65185903  4.511
 265 232.753606  65.325448   152.781   152.890 15 57285.56751557  5.122
 266 232.755957  65.325440   152.690   152.590 14 57295.48316986  6.186
 267 232.757615  65.324727   151.802   152.441 15 57305.39882041  4.394
 268 232.756915  65.323971   152.879   152.994 15 57315.31446690  5.198
 269 232.759334  65.324240   153.335   152.662 15 57325.23011052  7.588
 270 232.758675  65.324243   152.913   152.617 14 57335.14575190  8.587
 272 232.760788  65.323477   152.785   152.380 15 57354.97704604  7.186
 273 232.766477  65.323231   151.399   151.257 16 57364.89269035  8.005
 274 232.768639  65.322981   150.646   150.642 17 57374.80833092  7.999
 275 232.767990  65.323348   151.013   150.567 17 57384.72396940  7.533
 276 232.762804  65.323317   151.747   151.509 16 57394.63960699  7.661
 277 232.764704  65.323787   150.930   150.948 15 57404.55524433  6.444
 278 232.764013  65.323682   151.060   150.730 15 57414.47089144  6.386
 279 232.764474  65.323959   151.709   151.394 15 57424.38654291  5.590
 280 232.759770  65.324274   154.598   153.686 15 57434.30219099  3.514
 281 232.758179  65.325555   155.804   153.780 15 57444.21783766  3.227
 282 232.753544  65.326065   158.069   155.157 14 57454.13348333  2.142
 283 232.755070  65.326131   155.439   154.423 15 57464.04912775  1.940
 284 232.758038  65.324792   157.729   154.636 14 57473.96476853  1.816
 286 232.765677  65.323212   157.632   157.845 15 57493.79604007  1.891
 287 232.800598  65.327545   155.262   155.262  2 57503.71167550  0.341
 288 232.763369  65.324287   150.382   150.304 15 57513.62732554 11.247
 289 232.761327  65.323730   153.138   153.173 16 57523.54297995  7.291
 290 232.767780  65.323090   155.883   155.464 17 57533.45863282  5.599
 291 232.774067  65.322806   150.593   150.848 18 57543.37428256  5.577
 292 232.757022  65.321358   161.912   162.703 13 57553.28992748  3.577
 293 232.764266  65.323645   152.949   152.257 16 57563.20557332  3.616
 294 232.757954  65.324150   153.376   152.757 15 57573.12121737  5.296
 295 232.750887  65.323351   160.925   162.623 13 57583.03686109  3.089
 296 232.765505  65.324265   152.753   151.979 16 57592.95250499  2.634
 297 232.758416  65.323193   158.348   158.270 14 57602.86814437  3.817
