-111437.046  1638.788     0.00  132.69
-111149.935  1585.056  -187.14  160.90
-110862.811  1528.312  -197.62  182.40
-110575.674  1473.917  -189.43  196.37
-110288.525  1390.759  -289.59  212.78
-110001.362  1295.919  -330.25  222.28
-109714.187  1205.960  -313.24  233.45
-109426.999  1100.184  -368.30  233.42
-109139.797   996.583  -360.71  228.47
-108852.583   880.666  -403.58  205.62
-108565.356   786.771  -326.89  186.99
-108278.116   692.315  -328.83  155.48
-107990.863   616.132  -265.20  124.86
-107703.598   559.654  -196.60   98.51
-107416.319   516.612  -149.82   74.80
-107129.027   489.286   -95.11   54.48
-106841.722   473.550   -54.77   41.50
-106554.405   461.696   -41.25   39.51
-106267.074   455.622   -21.14   40.17
-105979.731   448.674   -24.18   42.87
-105692.375   444.112   -15.88   41.70
-105405.005   437.893   -21.64   43.23
-105117.623   432.535   -18.64   38.93
-104830.228   424.205   -28.98   39.55
-104542.819   413.569   -37.01   34.00
-104255.398   403.382   -35.44   34.79
-103967.964   394.600   -30.56   33.18
-103680.517   388.086   -22.66   32.60
-103393.057   382.482   -19.50   30.09
-103105.584   381.378    -3.84   33.65
-102818.098   378.838    -8.84   37.74
-102530.599   384.460    19.56   53.51
-102243.087   388.239    13.14   61.46
-101955.562   406.188    62.42   90.08
-101668.024   416.504    35.88  101.15
-101380.474   441.473    86.83  132.00
-101092.910   466.577    87.30  150.58
-100805.333   503.483   128.33  179.14
-100517.743   552.836   171.60  206.53
-100230.140   591.230   133.49  236.44
 -99942.525   640.119   169.98  235.94
 -99654.896   653.750    47.39  230.92
 -99367.254   664.951    38.94  204.80
 -99079.599   683.182    63.38  181.84
 -98791.932   701.694    64.35  157.09
 -98504.251   729.608    97.03  173.71
 -98216.557   783.663   187.89  191.05
 -97928.850   841.482   200.96  227.35
 -97641.131   933.519   319.87  230.07
 -97353.398  1008.508   260.61  244.52
 -97065.652  1077.400   239.41  232.88
 -96777.893  1114.494   128.90  219.00
 -96490.121  1146.535   111.34  204.98
 -96202.337  1146.883     1.21  203.38
 -95914.539  1152.124    18.21  200.23
 -95626.728  1138.952   -45.77  202.59
 -95338.904  1102.601  -126.29  199.31
 -95051.067  1063.800  -134.80  190.74
 -94763.217  1024.255  -137.37  186.39
 -94475.354   982.584  -144.76  187.90
 -94188.173   925.864  -197.50  207.99
 -93902.979   851.588  -260.43  227.17
 -93617.772   770.400  -284.66  237.02
 -93332.554   688.882  -285.80  240.52
 -93047.323   600.640  -309.36  219.13
 -92762.081   533.360  -235.86  181.32
 -92476.826   483.469  -174.89  143.43
 -92191.560   455.421   -98.32  109.12
 -91906.281   438.368   -59.78   99.40
 -91620.991   435.716    -9.30   99.10
 -91335.689   433.633    -7.30  102.29
 -91050.375   426.808   -23.92  102.93
 -90765.048   414.110   -44.50  100.32
 -90479.710   397.560   -58.00   91.47
 -90194.360   380.195   -60.85   81.92
 -89908.998   372.467   -27.08   81.55
 -89623.623   363.868   -30.13   80.89
 -89338.237   355.586   -29.02   82.24
 -89052.839   345.557   -35.14   78.07
 -88767.429   333.404   -42.58   67.23
 -88482.007   320.095   -46.63   51.42
 -88196.572   310.960   -32.00   30.11
 -87911.126   312.598     5.74   30.81
 -87625.668   321.398    30.83   39.77
 -87340.198   333.167    41.22   46.27
 -87054.716   346.247    45.82   51.49
 -86769.221   357.696    40.10   54.97
 -86483.715   368.615    38.24   54.84
 -86198.197   378.338    34.05   56.35
 -85912.667   390.686    43.24   58.54
 -85627.125   403.886    46.23   64.63
 -85341.570   415.195    39.60   78.72
 -85056.004   425.767    37.02   96.45
 -84770.426   441.535    55.21  112.08
 -84484.835   455.479    48.83  118.17
 -84199.233   471.836    57.27  122.76
 -83913.619   502.906   108.78  127.49
 -83627.992   531.575   100.37  128.03
 -83342.354   559.185    96.66  125.86
 -83056.703   589.593   106.45  121.21
 -82771.041   642.338   184.63  110.04
 -82485.366   673.781   110.06   96.71
 -82199.680   691.209    61.00   85.31
 -81913.981   688.605    -9.11   78.39
 -81628.270   685.610   -10.48   70.00
 -81342.548   675.743   -34.54   68.81
 -81056.813   653.883   -76.50   82.70
 -80771.066   622.370  -110.28   87.56
 -80485.307   600.704   -75.82   84.85
 -80199.537   591.383   -32.61   76.97
 -79913.754   597.948    22.97   82.50
 -79627.959   615.648    61.93   89.13
 -79342.152   636.849    74.18   81.88
 -79056.332   656.557    68.95   64.69
 -78770.501   670.124    47.46   54.15
 -78484.658   673.937    13.34   47.40
 -78198.803   676.305     8.28   44.29
 -77912.935   671.421   -17.08   44.18
 -77627.056   659.932   -40.19   45.16
 -77341.164   648.482   -40.05   39.41
 -77055.261   639.451   -31.59   29.57
 -76769.345   641.151     5.94   28.27
 -76483.417   648.527    25.80   31.45
 -76197.478   660.524    41.95   34.80
 -75911.526   674.615    49.28   35.81
 -75625.562   691.027    57.39   31.34
 -75339.586   704.694    47.79   25.38
 -75053.598   717.601    45.13   18.27
 -74767.597   725.815    28.72   14.98
 -74481.585   730.440    16.17   15.85
 -74195.561   730.689     0.87   19.22
 -73909.524   723.894   -23.75   28.18
 -73623.476   711.294   -44.05   39.53
 -73337.415   695.734   -54.39   46.58
 -73051.342   676.770   -66.29   48.92
 -72765.257   659.345   -60.91   48.33
 -72479.160   638.924   -71.38   43.41
 -72193.051   620.612   -64.00   40.58
 -71906.930   606.314   -49.97   37.63
 -71620.797   594.162   -42.47   37.60
 -71334.651   585.790   -29.26   41.16
 -71048.494   575.550   -35.78   47.12
 -70762.324   569.410   -21.46   53.39
 -70476.142   561.474   -27.73   59.80
 -70189.948   555.005   -22.60   66.27
 -69903.742   548.550   -22.55   68.82
 -69617.524   551.721    11.08   69.00
 -69331.294   556.885    18.04   63.71
 -69045.052   563.527    23.20   51.65
 -68758.797   564.095     1.98   40.70
 -68472.531   554.065   -35.04   45.01
 -68186.252   524.159  -104.46   83.47
 -67899.961   482.508  -145.48  113.12
 -67613.658   436.035  -162.32  132.41
 -67327.343   384.486  -180.04  133.32
 -67041.015   343.765  -142.22  130.22
 -66754.676   293.596  -175.20  107.19
 -66468.324   265.661   -97.55   95.12
 -66181.961   233.781  -111.33   63.10
 -65895.585   215.161   -65.02   33.74
 -65609.197   203.027   -42.37   13.25
 -65322.796   197.294   -20.02    7.32
 -65036.384   194.013   -11.46    5.60
 -64749.960   192.474    -5.37    5.50
 -64463.523   190.803    -5.83    5.58
 -64177.074   188.388    -8.43    4.75
 -63890.613   187.546    -2.94    5.72
 -63604.140   191.413    13.50   18.21
 -63317.655   203.220    41.21   37.78
 -63031.157   221.565    64.03   54.53
 -62744.647   244.027    78.40   65.51
 -62458.126   268.679    86.03   68.10
 -62171.592   289.896    74.05   65.17
 -61885.046   312.609    79.26   54.95
 -61598.487   333.401    72.56   41.54
 -61311.917   345.259    41.38   47.55
 -61025.334   353.754    29.64   49.29
 -60738.739   369.329    54.34   60.57
 -60452.132   389.376    69.94   77.71
 -60165.513   412.124    79.37   93.68
 -59878.881   442.641   106.47  102.06
 -59592.238   474.153   109.93   97.29
 -59305.582   522.239   167.75   89.70
 -59018.914   568.781   162.35   95.51
 -58732.234   623.432   190.63  105.00
 -58445.541   662.691   136.94  111.69
 -58158.837   688.465    89.90  105.74
 -57872.120   703.823    53.56   96.70
 -57585.391   696.292   -26.26  104.53
 -57298.650   665.225  -108.34  121.48
 -57011.896   618.390  -163.33  123.81
 -56725.130   568.042  -175.57  102.65
 -56438.353   515.451  -183.38   73.58
 -56151.563   482.493  -114.92   58.08
 -55864.760   455.730   -93.31   59.48
 -55577.946   428.281   -95.70   66.05
 -55291.119   405.830   -78.27   67.41
 -55004.280   374.273  -110.02   59.31
 -54717.429   346.746   -95.96   58.69
 -54430.566   315.686  -108.27   58.35
 -54143.690   288.005   -96.49   56.84
 -53856.802   263.042   -87.01   48.13
 -53569.902   249.248   -48.08   36.61
 -53282.990   250.868     5.64   46.35
 -52996.065   267.830    59.12   67.57
 -52709.128   295.636    96.90   83.74
 -52422.179   327.065   109.53   86.03
 -52135.218   354.686    96.25   77.09
 -51848.244   383.406   100.08   64.28
 -51561.259   399.808    57.15   52.47
 -51274.261   396.583   -11.24   50.34
 -50987.250   386.327   -35.74   49.61
 -50700.228   371.824   -50.53   45.67
 -50413.193   364.255   -26.37   43.44
 -50126.146   361.395    -9.96   41.24
 -49839.087   358.694    -9.41   37.37
 -49552.015   371.020    42.94   50.43
 -49264.932   377.110    21.21   51.76
 -48977.836   386.122    31.39   51.70
 -48690.727   389.209    10.75   47.54
 -48403.607   393.214    13.95   42.92
 -48116.474   396.185    10.35   39.26
 -47829.329   398.832     9.22   36.01
 -47542.171   403.974    17.91   34.11
 -47255.002   413.224    32.21   36.23
 -46967.820   428.248    52.31   33.63
 -46680.625   440.094    41.25   29.41
 -46393.419   447.249    24.91   23.50
 -46106.200   450.442    11.12   21.48
 -45818.969   455.788    18.61   22.60
 -45531.726   460.210    15.39   23.96
 -45244.470   466.692    22.56   30.40
 -44957.202   471.747    17.60   31.75
 -44669.922   483.201    39.87   38.10
 -44382.629   498.576    53.52   44.48
 -44095.324   512.664    49.04   51.18
 -43808.007   527.550    51.81   52.26
 -43520.678   543.925    56.99   51.62
 -43233.336   566.253    77.70   43.19
 -42945.982   583.506    60.04   39.61
 -42658.616   595.247    40.86   32.58
 -42371.237   597.226     6.89   30.87
 -42083.846   600.388    11.00   30.70
 -41796.443   601.125     2.57   31.27
 -41509.027   600.458    -2.32   36.71
 -41221.599   595.489   -17.29   38.67
 -40934.159   597.227     6.05   45.89
 -40646.706   598.332     3.84   46.05
 -40359.242   602.954    16.08   46.75
 -40071.764   608.294    18.57   42.29
 -39784.275   610.730     8.47   37.66
 -39496.773   613.229     8.69   30.81
 -39209.259   609.297   -13.67   28.69
 -38921.732   607.127    -7.55   27.48
 -38634.193   598.538   -29.87   30.04
 -38346.642   589.199   -32.48   35.66
 -38059.079   573.263   -55.42   45.68
 -37771.503   549.975   -80.98   55.80
 -37483.915   526.997   -79.90   64.55
 -37196.314   501.322   -89.27   64.07
 -36908.701   482.004   -67.17   58.16
 -36621.076   464.268   -61.66   49.10
 -36333.438   446.709   -61.05   42.55
 -36045.788   437.916   -30.57   37.26
 -35758.126   426.315   -40.33   33.99
 -35470.451   420.145   -21.45   33.89
 -35182.764   414.694   -18.95   33.99
 -34895.065   411.438   -11.32   34.96
 -34607.353   407.433   -13.92   36.55
 -34319.629   406.509    -3.21   37.12
 -34031.893   405.575    -3.24   39.98
 -33744.144   401.035   -15.78   42.65
 -33456.383   390.086   -38.05   50.24
 -33168.609   374.204   -55.19   56.32
 -32880.823   357.494   -58.06   55.21
 -32593.025   344.370   -45.60   46.69
 -32306.102   340.216   -14.48   41.44
 -32020.846   340.073    -0.50   42.22
 -31735.578   351.711    40.80   53.95
 -31450.299   373.905    77.80   65.42
 -31165.009   401.664    97.30   71.74
 -30879.708   428.696    94.75   71.35
 -30594.395   448.195    68.34   62.34
 -30309.070   463.318    53.00   59.06
 -30023.735   465.436     7.42   55.63
 -29738.388   457.848   -26.59   57.00
 -29453.030   444.732   -45.96   55.79
 -29167.660   419.086   -89.87   54.53
 -28882.279   402.183   -59.23   45.72
 -28596.887   392.341   -34.49   36.69
 -28311.483   389.706    -9.23   33.78
 -28026.068   392.944    11.34   34.04
 -27740.641   401.909    31.41   37.10
 -27455.204   415.694    48.29   36.06
 -27169.755   432.255    58.02   29.62
 -26884.294   445.982    48.09   24.12
 -26598.822   454.310    29.17   21.31
 -26313.339   460.798    22.72   17.29
 -26027.845   464.839    14.16   13.94
 -25742.339   463.998    -2.94   14.67
 -25456.821   457.689   -22.10   24.09
 -25171.293   447.984   -33.99   32.57
 -24885.753   433.412   -51.03   41.42
 -24600.201   411.346   -77.27   53.06
 -24314.638   384.839   -92.82   62.91
 -24029.064   351.621  -116.32   74.08
 -23743.479   313.886  -132.13   82.30
 -23457.882   280.035  -118.53   82.17
 -23172.273   243.113  -129.27   66.29
 -22886.654   214.639   -99.69   44.92
 -22601.023   196.757   -62.60   24.94
 -22315.380   187.302   -33.10   11.13
 -22029.726   184.358   -10.31    4.44
 -21744.061   186.153     6.28    7.05
 -21458.384   190.439    15.00   12.10
 -21172.696   198.390    27.83   18.21
 -20886.997   208.035    33.76   23.51
 -20601.286   223.358    53.63   31.91
 -20315.564   241.679    64.12   37.30
 -20029.830   262.619    73.28   41.43
 -19744.085   282.605    69.94   41.09
 -19458.329   299.832    60.28   35.53
 -19172.561   315.699    55.52   26.94
 -18886.782   326.421    37.52   17.79
 -18600.991   332.316    20.63   11.18
 -18315.189   335.004     9.41    7.17
 -18029.375   332.593    -8.44   10.55
 -17743.551   327.421   -18.09   15.90
 -17457.714   318.557   -31.01   22.37
 -17171.866   309.233   -32.62   24.42
 -16886.007   300.648   -30.03   22.54
 -16600.137   294.392   -21.88   21.17
 -16314.255   291.711    -9.38   20.18
 -16028.361   290.390    -4.62   22.09
 -15742.456   292.807     8.45   22.19
 -15456.540   296.524    13.00   21.60
 -15170.612   298.576     7.18   19.13
 -14884.673   299.435     3.00   16.79
 -14598.723   297.640    -6.27   16.17
 -14312.761   295.830    -6.33   14.61
 -14026.787   293.128    -9.45   14.37
 -13740.802   289.580   -12.41   14.64
 -13454.806   284.684   -17.12   16.61
 -13168.798   277.398   -25.47   18.56
 -12882.779   270.145   -25.36   19.56
 -12596.748   262.375   -27.16   18.83
 -12310.706   255.065   -25.56   18.11
 -12024.653   244.187   -38.03   19.75
 -11738.587   233.209   -38.38   22.79
 -11452.511   220.668   -43.84   27.19
 -11166.423   204.126   -57.82   32.68
 -10880.324   188.057   -56.16   33.79
 -10594.213   169.249   -65.74   33.34
 -10308.090   152.420   -58.82   31.29
 -10021.957   135.721   -58.36   27.75
  -9735.811   120.012   -54.90   26.28
  -9449.655   105.382   -51.12   24.01
  -9163.487    93.519   -41.45   22.58
  -8877.307    84.063   -33.04   18.33
  -8591.116    75.269   -30.73   13.68
  -8304.913    69.724   -19.38    9.00
  -8018.699    65.535   -14.64    9.87
  -7732.474    62.966    -8.97   11.50
  -7446.237    60.553    -8.43   13.51
  -7159.988    59.839    -2.49   13.09
  -6873.728    57.207    -9.19   15.45
  -6587.457    56.398    -2.83   15.48
  -6301.174    56.853     1.59   14.55
  -6014.879    58.676     6.37   11.14
  -5728.573    56.967    -5.97   14.82
  -5442.256    52.757   -14.70   21.39
  -5155.927    47.095   -19.77   25.09
  -4869.587    38.160   -31.21   28.13
  -4583.235    28.572   -33.48   27.91
  -4296.871    18.926   -33.68   25.31
  -4010.496    10.527   -29.33   20.03
  -3724.110     3.842   -23.34   11.64
  -3437.712    -0.287   -14.42    5.80
  -3151.303    -2.589    -8.04    3.93
  -2864.882    -4.241    -5.77    3.04
  -2578.450    -5.397    -4.04    2.10
  -2292.006    -6.090    -2.42    1.41
  -2005.550    -6.537    -1.56    1.05
  -1719.083    -6.843    -1.07    1.02
  -1432.605    -7.183    -1.19    0.71
  -1146.115    -7.395    -0.74    0.61
   -859.613    -7.051     1.20    4.59
   -573.100    -4.920     7.44   11.82
   -286.576     1.145    21.17   20.71
     -0.040     6.648    19.21   26.08
    286.508    14.816    28.50   30.78
    573.067    23.221    29.33   33.16
    859.638    31.120    27.56   33.00
   1146.220    38.907    27.17   30.46
   1432.813    44.759    20.42   26.36
   1719.419    48.875    14.36   21.15
   2006.035    53.826    17.27    9.78
   2292.664    53.589    -0.82    4.06
   2579.304    52.141    -5.05    2.63
   2865.955    51.461    -2.37    1.58
   3152.618    51.929     1.63    2.55
   3439.292    53.642     5.97    4.77
   3725.978    56.093     8.55    6.70
   4012.676    59.065    10.36    8.03
   4299.385    62.651    12.51    8.87
   4586.106    67.065    15.40    9.24
   4872.838    71.785    16.46    9.21
   5159.582    76.535    16.57    9.66
   5446.337    80.948    15.39   10.89
   5733.104    85.891    17.24   10.87
   6019.883    89.638    13.07   10.69
   6306.673    93.704    14.18    9.28
   6593.474    97.035    11.61    8.33
   6880.287   100.209    11.07    8.80
   7167.112   103.283    10.72    9.09
   7453.948   106.858    12.47   10.74
   7740.796   110.516    12.75   11.32
   8027.656   114.150    12.67   12.95
   8314.527   117.561    11.89   13.49
   8601.409   120.842    11.44   13.39
   8888.303   124.827    13.89   13.22
   9175.209   129.288    15.55   11.84
   9462.126   133.643    15.18   11.48
   9749.055   139.057    18.87   11.33
  10035.996   145.748    23.32   13.81
  10322.948   154.057    28.96   16.70
  10609.911   163.527    33.00   20.19
  10896.887   174.538    38.37   22.46
  11183.874   186.110    40.32   23.95
  11470.872   197.527    39.78   23.80
  11757.882   209.065    40.20   22.51
  12044.904   217.660    29.95   20.13
  12331.937   224.283    23.07   16.40
  12618.982   228.527    14.79   15.71
  12906.038   228.787     0.90   16.15
  13193.106   224.597   -14.60   16.49
  13480.186   219.232   -18.69   16.10
  13767.277   214.088   -17.92   14.14
  14054.380   210.709   -11.77   15.42
  14341.494   212.794     7.26   19.61
  14628.621   217.321    15.77   24.59
  14915.758   223.542    21.66   25.14
  15202.908   227.427    13.53   24.95
  15490.069   234.193    23.56   22.60
  15777.241   238.990    16.71   20.64
  16064.425   243.135    14.43   20.09
  16351.621   243.878     2.59   21.06
  16638.828   245.743     6.49   20.84
  16926.048   247.406     5.79   20.86
  17213.278   251.578    14.53   22.21
  17500.521   254.572    10.42   23.14
  17787.775   259.394    16.79   25.25
  18075.040   263.549    14.46   29.07
  18362.317   268.214    16.24   30.71
  18649.606   273.574    18.66   31.63
  18936.907   275.073     5.22   31.02
  19224.219   276.535     5.09   29.67
  19511.543   275.669    -3.01   28.16
  19798.878   278.629    10.30   25.52
  20086.225   277.553    -3.74   22.66
  20373.584   277.620     0.23   21.82
  20660.954   279.506     6.56   21.59
  20948.336   281.550     7.11   20.04
  21235.730   284.984    11.95   18.77
  21523.135   286.103     3.89   17.34
  21810.552   288.968     9.97   17.83
  22097.981   290.542     5.47   16.59
  22385.421   292.840     8.00   15.95
  22672.873   295.426     8.99   16.25
  22960.337   299.788    15.18   17.30
  23247.812   305.772    20.81   16.92
  23535.299   310.277    15.67   15.73
  23822.798   315.779    19.14   14.49
  24110.308   319.260    12.11   13.47
  24397.830   324.063    16.71   12.13
  24685.364   327.766    12.88   11.41
  24972.910   331.334    12.41   11.00
  25260.467   336.557    18.17   10.68
  25548.035   341.716    17.94    9.71
  25835.616   345.338    12.60    9.61
  26123.208   348.462    10.86    9.43
  26410.812   349.998     5.34    9.98
  26698.427   351.803     6.28    9.04
  26986.054   353.740     6.73    8.10
  27273.693   355.186     5.03    7.04
  27561.344   356.314     3.92    6.44
  27849.006   356.590     0.96    6.16
  28136.680   357.538     3.30    5.63
  28424.366   358.605     3.71    4.96
  28712.063   359.497     3.10    4.47
  28999.772   360.680     4.11    4.09
  29287.493   361.952     4.42    3.55
  29574.197   363.166     4.23    2.84
  29859.522   363.981     2.86    2.26
  30144.858   364.368     1.36    2.16
  30430.205   364.123    -0.86    2.18
  30715.563   363.497    -2.19    2.47
  31000.931   362.301    -4.19    3.28
  31286.310   360.721    -5.54    3.72
  31571.699   358.976    -6.11    4.13
  31857.099   357.135    -6.45    4.25
  32142.510   355.368    -6.19    3.94
  32427.932   353.513    -6.50    3.74
  32713.364   351.648    -6.53    3.34
  32998.808   350.085    -5.48    3.36
  33284.261   348.621    -5.13    3.21
  33569.726   347.368    -4.39    3.35
  33855.201   345.905    -5.12    3.29
  34140.687   344.504    -4.91    2.97
  34426.184   342.884    -5.68    3.11
  34711.691   341.209    -5.87    3.21
  34997.209   339.878    -4.66    3.22
  35282.738   338.696    -4.14    3.05
  35568.277   337.807    -3.11    2.66
  35853.827   337.158    -2.27    2.22
  36139.388   336.736    -1.48    1.89
  36424.960   336.725    -0.04    2.07
  36710.542   336.738     0.05    2.16
  36996.135   336.929     0.67    2.40
  37281.739   336.977     0.17    2.53
  37567.354   337.079     0.36    2.56
  37852.979   337.317     0.83    2.63
  38138.615   337.433     0.41    2.48
  38424.262   338.049     2.16    2.51
  38709.920   338.768     2.52    2.45
  38995.588   339.453     2.40    2.44
  39281.267   340.459     3.52    2.45
  39566.957   341.527     3.74    2.52
  39852.657   342.689     4.07    2.45
  40138.368   344.114     4.99    2.40
  40424.090   345.546     5.01    2.68
  40709.823   347.020     5.16    2.80
  40995.566   348.426     4.92    2.73
  41281.321   349.574     4.02    2.32
  41567.086   350.598     3.58    1.77
  41852.861   351.320     2.53    1.20
  42138.648   351.709     1.36    0.78
  42424.445   351.759     0.17    0.87
  42710.253   351.890     0.46    0.96
  42996.072   352.065     0.61    1.10
  43281.901   352.327     0.92    1.24
  43567.742   352.623     1.04    1.29
  43853.593   352.938     1.10    1.23
  44139.454   353.177     0.84    1.00
  44425.327   353.348     0.60    0.73
  44711.210   353.042    -1.07    1.38
  44997.104   352.320    -2.52    2.47
  45283.009   351.420    -3.15    3.22
  45568.925   349.783    -5.73    4.34
  45854.851   348.132    -5.77    4.84
  46140.789   346.538    -5.57    5.09
  46426.737   345.411    -3.94    4.61
  46712.695   345.086    -1.13    3.94
  46998.665   344.797    -1.01    3.33
  47284.645   344.557    -0.84    2.52
  47570.636   344.648     0.32    2.01
  47856.638   344.663     0.05    1.49
  48142.651   344.542    -0.42    1.72
  48428.675   344.093    -1.57    2.30
  48714.709   343.363    -2.55    2.82
  49000.754   342.042    -4.62    3.89
  49286.810   340.788    -4.38    4.28
  49572.876   339.542    -4.36    4.91
  49858.954   338.329    -4.24    5.09
  50145.042   337.296    -3.61    5.25
  50431.141   335.768    -5.34    5.56
  50717.251   334.900    -3.03    5.41
  51003.372   333.754    -4.01    5.45
  51289.503   332.553    -4.20    5.03
  51575.646   331.417    -3.97    4.96
  51861.799   329.635    -6.23    5.52
  52147.963   327.430    -7.70    7.59
  52434.137   323.283   -14.49   12.05
  52720.323   318.463   -16.84   14.97
  53006.519   312.810   -19.75   17.82
  53292.726   306.961   -20.44   18.40
  53578.944   301.839   -17.90   17.70
  53865.173   295.962   -20.53   15.94
  54151.413   290.049   -20.66   12.07
  54437.663   285.947   -14.33    8.47
  54723.924   282.309   -12.71    5.13
  55010.196   280.375    -6.76    4.70
  55296.479   278.261    -7.39    4.29
  55582.773   276.497    -6.16    3.89
  55869.078   274.592    -6.66    4.27
  56155.393   272.820    -6.19    4.40
  56441.719   271.071    -6.11    4.83
  56728.056   269.177    -6.61    5.11
  57014.404   267.086    -7.30    5.34
  57300.763   264.267    -9.85    6.23
  57587.132   260.579   -12.88    8.07
  57873.513   255.617   -17.33   11.10
  58159.904   251.035   -16.00   11.05
  58446.306   247.961   -10.73    9.98
  58732.719   244.921   -10.61    8.30
  59019.143   242.542    -8.31    5.86
  59305.578   241.553    -3.45    3.99
  59592.023   241.777     0.78    3.48
  59878.479   242.653     3.06    1.66
  60164.947   242.602    -0.18    0.94
  60451.425   242.153    -1.57    1.08
  60737.914   241.527    -2.18    1.40
  61024.413   240.960    -1.98    1.80
  61310.924   240.086    -3.05    2.23
  61597.445   238.944    -3.98    2.47
  61883.978   237.901    -3.64    2.63
  62170.521   236.560    -4.68    2.67
  62457.075   235.206    -4.72    2.64
  62743.640   232.826    -8.31    5.12
  63030.216   230.027    -9.77    7.00
  63316.803   227.402    -9.16    7.91
  63603.400   225.270    -7.44    7.63
  63890.009   223.147    -7.41    6.74
  64176.628   221.056    -7.30    5.63
  64463.258   219.654    -4.89    4.40
  64749.899   218.861    -2.77    4.93
  65036.551   217.353    -5.26    5.43
  65323.214   215.490    -6.50    5.59
  65609.888   213.077    -8.42    5.84
  65896.572   210.535    -8.87    5.87
  66183.268   205.933   -16.05   10.15
  66469.974   202.109   -13.34   11.26
  66756.691   199.377    -9.53   11.10
  67043.419   196.449   -10.21   10.45
  67330.158   193.924    -8.81    9.38
  67616.908   191.042   -10.05    8.36
  67903.669   188.132   -10.15    7.18
  68190.441   186.886    -4.34    6.26
  68477.224   185.738    -4.00    5.57
  68764.017   184.557    -4.12    5.31
  69050.822   183.556    -3.49    4.54
  69337.637   182.746    -2.83    3.95
  69624.463   182.366    -1.33    3.60
  69911.300   181.606    -2.65    3.15
  70198.148   180.827    -2.72    2.79
  70485.007   179.946    -3.07    2.08
  70771.877   179.603    -1.20    1.94
  71058.758   179.192    -1.43    1.87
  71345.650   178.679    -1.79    1.52
  71632.552   178.220    -1.60    0.79
  71919.466   178.042    -0.62    0.09
  72206.390   178.318     0.96    1.08
  72493.326   179.006     2.40    2.01
  72780.272   179.719     2.49    2.49
  73067.229   180.342     2.17    2.54
  73354.197   180.915     2.00    2.38
  73641.176   181.270     1.24    2.10
  73928.166   181.592     1.12    1.67
  74215.167   181.575    -0.06    1.37
  74502.179   181.129    -1.56    1.25
  74789.202   180.624    -1.76    1.11
  75076.236   180.163    -1.61    1.06
  75363.280   179.811    -1.23    0.95
  75650.336   179.546    -0.92    0.86
  75937.403   179.491    -0.19    0.93
  76224.480   179.572     0.28    1.02
  76511.569   179.625     0.18    1.12
  76798.668   179.651     0.09    1.17
  77085.778   179.570    -0.28    1.23
  77372.900   179.263    -1.07    1.32
  77660.032   178.901    -1.26    1.51
  77947.175   178.200    -2.44    1.78
  78234.329   177.221    -3.41    1.97
  78521.494   176.305    -3.19    2.10
  78808.670   175.348    -3.33    1.95
  79095.857   174.454    -3.11    1.61
  79383.055   173.651    -2.80    1.17
  79670.264   173.235    -1.45    0.96
  79957.484   172.833    -1.40    0.85
  80244.715   172.493    -1.18    0.77
  80531.957   172.424    -0.24    0.88
  80819.209   172.524     0.35    1.05
  81106.473   172.663     0.49    1.14
  81393.748   172.763     0.35    1.30
  81681.034   172.909     0.51    1.25
  81968.330   173.070     0.56    1.13
  82255.638   173.042    -0.10    0.84
  82542.956   172.894    -0.52    0.92
  82830.286   172.579    -1.10    1.03
  83117.627   172.109    -1.63    1.17
  83404.978   171.524    -2.04    1.29
  83692.341   170.901    -2.17    1.34
  83979.714   170.351    -1.92    1.41
  84267.099   169.835    -1.80    1.33
  84554.494   169.390    -1.55    1.20
  84841.901   169.170    -0.76    0.98
  85129.318   169.057    -0.39    0.80
  85416.747   169.214     0.55    1.06
  85704.186   169.620     1.41    1.45
  85991.637   170.123     1.75    1.62
  86279.098   170.820     2.43    1.63
  86566.571   171.546     2.52    1.31
  86854.054   172.114     1.98    1.06
  87141.548   172.572     1.59    0.94
  87429.054   172.970     1.39    0.94
  87716.570   173.395     1.48    0.92
  88004.098   173.699     1.06    0.79
  88291.636   173.999     1.04    0.71
  88579.186   174.311     1.09    0.75
  88866.746   174.709     1.38    0.97
  89154.318   175.168     1.60    1.21
  89441.900   175.692     1.82    1.49
  89729.494   176.272     2.02    1.54
  90017.099   176.879     2.11    1.35
  90304.714   177.368     1.70    1.02
  90592.341   177.802     1.51    0.59
  90879.978   178.092     1.01    0.46
  91167.627   178.358     0.92    0.57
  91454.137   178.598     0.84    0.75
  91739.531   178.998     1.40    1.00
  92024.935   179.415     1.46    1.07
  92310.348   179.816     1.40    1.05
  92595.772   180.290     1.66    0.94
  92881.206   180.671     1.33    0.90
  93166.650   181.295     2.19    1.17
  93452.103   181.842     1.91    1.48
  93737.567   182.516     2.36    1.93
  94023.041   183.077     1.96    2.21
  94308.525   183.545     1.64    2.32
  94594.019   184.242     2.44    2.54
