# NaN NaN NaN ;Mean Elev.(m), Avg Gradient(m/km), RMS Gradient(m/km) - SRTM1     
#   47.440  -7.955  20.558 ;Mean Elev.(m), Avg Gradient(m/km), RMS Gradient(m/km) - ASTER GDEM
#   72.680 -10.175  22.359 ;Mean Elev.(m), Avg Gradient(m/km), RMS Gradient(m/km) - GMTED2010 
   2 235.568376  64.062729   168.642   168.141  3 54669.78877012  6.659
   4 235.564044  64.064095   173.688   173.825  5 54689.62005677  5.492
  10 235.562429  64.061158   181.394   181.379  4 54749.11393629  7.712
  11 235.562835  64.062149   298.896   299.501  3 54759.02958347  1.714
  12 235.561371  64.061715   173.118   173.075  5 54768.94522807 11.376
  14 235.562040  64.059043   173.088   173.159  4 54788.77650817  7.399
  15 235.560778  64.058477   166.832   163.218  5 54798.69214579  7.670
  16 235.560996  64.059377   165.957   164.275  5 54808.60778367  7.703
  17 235.561516  64.060460   166.683   164.718  4 54818.52342110  7.081
  18 235.563559  64.061981   120.045   119.789  5 54828.43907285 13.028
  19 235.562668  64.062521   177.118   177.437  4 54838.35471166  4.365
  20 235.562247  64.063508   180.459   180.802  4 54848.27036092  2.684
  21 235.562942  64.064815   186.810   187.095  4 54858.18600981  2.991
  22 235.563759  64.065906   187.085   186.849  5 54868.10165884  2.561
  23 235.562170  64.065156   187.111   187.497  5 54878.01730673  2.342
  24 235.562411  64.063440   206.335   208.756  4 54887.93295163  2.766
  25 235.561502  64.061377   205.237   210.655  4 54897.84859304  3.210
  26 235.560434  64.060512   206.172   209.792  5 54907.76423192  2.459
  27 235.562390  64.061251   197.011   190.238  5 54917.67986992  2.937
  28 235.561863  64.061469   188.973   187.447  4 54927.59550749  2.201
  29 235.561104  64.060583   196.704   193.920  4 54937.51114429  2.795
  30 235.562549  64.059336   203.357   200.039  5 54947.42677947  3.822
  31 235.562036  64.057605   180.683   180.323  4 54957.34241377 22.528
  32 235.560765  64.057628   181.233   181.834  5 54967.25806217 21.192
  33 235.561988  64.059049   179.820   179.928  5 54977.17370996 14.988
  35 235.561263  64.061118   124.792   124.124  4 54997.00500548 24.864
  36 235.562479  64.061796   123.647   123.615  5 55006.92065171 23.546
  38 235.563476  64.063476   123.890   122.799  5 55026.75193831 21.638
  39 235.561764  64.064379   122.379   122.198  5 55036.66758019 21.162
  40 235.564021  64.064805    75.031    75.048  5 55046.58322145 40.513
  41 235.561419  64.062480   121.016   121.046  4 55056.49886015 23.422
  42 235.561753  64.059694   124.864   124.042  4 55066.41449674 19.448
  43 235.562136  64.058739    75.378    75.381  4 55076.33014636 45.808
  44 235.562533  64.059545   122.740   122.888  4 55086.24579428 19.057
  45 235.563010  64.061267    75.298    75.303  5 55096.16144069 44.797
  46 235.562970  64.062121   129.245   127.113  5 55106.07708671 15.305
  47 235.561989  64.061346    74.907    74.946  4 55115.99273216 44.628
  48 235.561303  64.059656    74.552    74.557  4 55125.90837520 46.919
  49 235.562776  64.058851   163.429   162.092  5 55135.82401598 12.786
  50 235.562030  64.058800   163.202   161.081  5 55145.73965450 10.316
  51 235.561722  64.060037   167.088   167.246  4 55155.65529238  8.436
  52 235.560811  64.060847    76.140    76.149  5 55165.57093034 17.152
  53 235.561494  64.061243    75.251    75.180  4 55175.48656817 15.306
  54 235.562211  64.060790   171.030   172.972  4 55185.40220912  6.060
  55 235.562718  64.061585   122.800   123.583  4 55195.31786030  8.845
  56 235.562951  64.063311   126.190   125.714  4 55205.23351029  6.044
  57 235.562943  64.065197   125.719   125.579  5 55215.14915966  6.064
  58 235.564607  64.066007   174.095   176.228  5 55225.06480859  4.306
  59 235.562347  64.063863   181.201   181.197  5 55234.98045493  2.639
  60 235.561822  64.060763   124.352   124.282  5 55244.89609805  5.142
  63 235.562186  64.061660   181.095   180.726  4 55274.64301528  1.820
  64 235.561550  64.062165   182.855   183.314  4 55284.55865244  1.674
  65 235.560640  64.060129   187.637   187.031  5 55294.47428772  0.894
  67 235.562241  64.056886   182.176   182.453  4 55314.30557282 21.595
  68 235.561841  64.058191   179.469   179.406  5 55324.22121835 17.234
  69 235.560337  64.060301   182.051   182.208  5 55334.13686260 17.965
  70 235.562123  64.062319   181.251   181.249  5 55344.05250694 11.241
  71 235.562153  64.062277   180.821   181.365  5 55353.96815036  6.028
  72 235.561586  64.061514   121.923   121.651  5 55363.88379155 23.736
  73 235.563664  64.061715   125.903   132.608  5 55373.79943130 21.835
  74 235.562953  64.062381   123.629   125.053  5 55383.71506956 19.212
  75 235.564153  64.063466   182.289   182.331  5 55393.63070719 16.897
  76 235.562015  64.062792   241.653   241.812  5 55403.54634383  3.984
  77 235.563266  64.061701   121.861   120.450  5 55413.46199562 22.098
  78 235.562710  64.059307   123.170   121.668  5 55423.37764422 21.748
  79 235.562386  64.057714    74.820    74.908  4 55433.29329033 36.212
  80 235.561175  64.058541    74.448    74.460  4 55443.20893488 17.496
  81 235.561548  64.060740    74.979    74.988  4 55453.12457833 45.515
  82 235.563852  64.062625   125.096   120.991  5 55463.04022114 22.456
  83 235.561589  64.061011   121.022   120.701  5 55472.95586118 22.356
  84 235.562931  64.058706   120.818   120.997  5 55482.87149865 23.282
  85 235.560836  64.056324   166.284   166.353  4 55492.78713360 11.702
  86 235.560078  64.056688   165.848   165.582  5 55502.70276735 11.527
  87 235.561493  64.059766   170.284   173.185  4 55512.61841390  9.374
  88 235.562884  64.062537   166.843   168.035  5 55522.53406378 11.099
  89 235.561656  64.063056   165.050   162.274  4 55532.44971179 10.693
  90 235.562456  64.062518   164.478   162.487  5 55542.36535825  9.096
  91 235.560667  64.061749   166.798   164.219  5 55552.28100244  8.225
  92 235.562063  64.062870   134.919   134.845  5 55562.19664579 16.274
  93 235.563979  64.064345   134.404   133.813  5 55572.11228855 18.778
  94 235.560632  64.063549   175.313   177.246  5 55582.02792945  5.552
  95 235.553231  64.059935   201.403   201.403  2 55591.94356648  0.165
  96 235.561161  64.058281   182.265   182.452  4 55601.85920179  4.008
  97 235.560778  64.056238   186.136   188.631  5 55611.77483413  2.788
  98 235.560522  64.056583   189.624   189.067  5 55621.69046751  2.006
  99 235.561373  64.059540   187.688   186.527  5 55631.60612065  2.129
 100 235.563135  64.061323   186.651   187.350  5 55641.52177162  1.753
 101 235.562206  64.060471   198.803   198.666  4 55651.43741936  2.268
 103 235.561017  64.057290   205.341   208.651  4 55671.26870392  1.940
 105 235.562255  64.060474   180.678   180.350  4 55691.09998120 20.517
 106 235.563860  64.062071   243.008   242.941  5 55701.01561746  7.024
 107 235.562238  64.061945   181.771   181.753  4 55710.93125802 16.623
 108 235.561911  64.061765   182.047   182.122  5 55720.84690792 14.883
 109 235.561687  64.061863    75.558    75.518  4 55730.76255570 47.552
 110 235.563791  64.062683    76.948    76.962  5 55740.67820242 30.643
 111 235.561543  64.062711    75.824    75.781  5 55750.59384742 44.272
 112 235.562905  64.062494    75.325    75.316  4 55760.50949034 45.543
 113 235.560594  64.060630   123.252   122.373  5 55770.42512995 21.981
 114 235.561925  64.058718    75.422    75.484  5 55780.34076650 41.114
 115 235.561689  64.057221   126.704   124.549  5 55790.25640040 18.956
 116 235.560999  64.056988    75.525    75.506  4 55800.17203326 46.989
 117 235.561870  64.058906    75.143    75.150  4 55810.08768160 45.528
 118 235.561742  64.060181   125.931   123.927  5 55820.00333066 22.920
 119 235.562262  64.059842   121.474   121.496  5 55829.91897506 21.883
 120 235.562868  64.058320   180.771   180.450  4 55839.83461484 16.034
 121 235.560904  64.056886    74.770    74.791  5 55849.75025131 43.502
 122 235.562326  64.057878   160.389   160.332  4 55859.66588623 13.746
 123 235.562708  64.060545   170.789   173.031  4 55869.58153631 10.793
 124 235.562728  64.062511   167.078   164.139  5 55879.49718756 11.270
 125 235.563533  64.063031   167.073   164.079  5 55889.41283208 11.668
 126 235.562930  64.062224   161.788   162.048  4 55899.32847055 10.601
 127 235.562770  64.061411   160.805   160.666  5 55909.24410423 10.638
 128 235.563110  64.062345   162.430   163.127  5 55919.15975489  9.065
 129 235.562167  64.062605   162.528   162.762  4 55929.07540767  8.234
 130 235.560695  64.061557   164.374   163.685  5 55938.99105666  7.383
 131 235.562779  64.060305   164.891   162.746  4 55948.90670112  7.784
 132 235.560921  64.058819   173.105   173.276  4 55958.82234074  4.677
 134 235.561249  64.059409   173.705   173.986  5 55978.65361477  5.364
 136 235.560857  64.058957   187.192   187.181  4 55998.48489152  3.511
 138 235.563073  64.058876   138.836   138.742  5 56018.31618952  4.381
 139 235.561917  64.059445   186.238   186.282  4 56028.23183341  3.886
 140 235.563496  64.061132    73.958    73.844  5 56038.14747599 11.252
 141 235.562543  64.061964    74.812    74.834  4 56048.06311635 29.116
 142 235.562070  64.062232   122.623   122.497  4 56057.97875395 26.931
 144 235.561600  64.061832   182.143   182.278  5 56077.81003749 16.955
 145 235.563661  64.062955   182.668   182.686  5 56087.72568647 13.944
 146 235.561960  64.063096    78.113    78.098  5 56097.64133251 46.275
 147 235.563078  64.062616    76.720    76.771  4 56107.55697652 44.397
 148 235.562495  64.060683    75.897    75.822  5 56117.47260586 45.533
 149 235.561508  64.058515   122.806   122.507  4 56127.38824304 20.502
 150 235.561675  64.057394   173.096   173.272  4 56137.30387671  5.660
 151 235.561895  64.058534    74.863    75.056  4 56147.21952216 46.482
 152 235.562255  64.060212    74.880    74.957  5 56157.13517170 46.333
 153 235.561636  64.060818   121.489   120.505  5 56167.05082013 23.337
 154 235.561517  64.060098   130.962   131.628  4 56176.96646599 16.437
 155 235.561635  64.058935   180.357   180.770  4 56186.88210703 15.833
 156 235.562873  64.058592   121.649   121.677  4 56196.79774452 23.697
 157 235.562826  64.059423   123.126   123.309  4 56206.71337896 23.669
 158 235.560356  64.060402   124.710   120.562  5 56216.62901163 22.533
 159 235.561019  64.061740   162.464   162.494  5 56226.54465315 10.843
 160 235.563378  64.062552   160.458   161.382  5 56236.46030835 11.826
 161 235.561627  64.061882   160.870   160.658  5 56246.37595919 11.815
 162 235.562826  64.062062   158.880   157.993  5 56256.29160531 12.218
 163 235.561851  64.062705   120.844   120.363  5 56266.20724760 13.102
 164 235.561341  64.063230   122.394   121.870  5 56276.12288827 11.622
 165 235.561392  64.062716   120.711   121.261  5 56286.03853487 12.222
 166 235.563405  64.061107   163.077   162.560  5 56295.95418512  6.568
 167 235.561124  64.058601   108.488   116.558  4 56305.86983082 14.061
 168 235.561531  64.058397   120.198   121.310  5 56315.78547361 10.987
 169 235.562184  64.060248   122.677   122.628  4 56325.70111472  8.740
 170 235.562181  64.061825   123.854   123.826  4 56335.61675482  7.765
 171 235.562623  64.061592   122.979   123.721  5 56345.53239364  7.520
 172 235.562576  64.059558   123.200   123.182  4 56355.44802989  5.536
 173 235.563126  64.058388   120.739   120.657  5 56365.36367573  6.011
 174 235.560701  64.058584   119.010   118.865  4 56375.27932428  5.303
 176 235.560595  64.063315   132.417   132.377  5 56395.11061432  3.859
 177 235.563339  64.064527   202.544   206.588  5 56405.02625647  0.500
 178 235.562109  64.063409   132.385   132.357  5 56414.94189491  1.018
 179 235.562568  64.061411   127.516   127.388  4 56424.85752857 21.028
 180 235.562272  64.061162   181.819   181.962  5 56434.77317561 21.677
 181 235.561826  64.062356   181.943   181.981  5 56444.68882768 17.277
 182 235.562259  64.063941    76.896    76.893  4 56454.60447737 47.344
 183 235.563197  64.063809    76.545    76.528  4 56464.52012404 47.809
 184 235.560485  64.061117   153.943   149.136  5 56474.43576662 11.983
 185 235.561341  64.058511   125.653   125.646  4 56484.35140612 15.885
 186 235.560562  64.057412    75.517    75.483  5 56494.26704249 46.041
 187 235.561704  64.058812    75.690    75.738  5 56504.18267722 42.431
 188 235.561225  64.060242    75.405    75.378  4 56514.09831026 44.871
 189 235.562915  64.061489   126.408   127.073  4 56524.01396167 15.494
 190 235.562134  64.060360    74.938    74.973  5 56533.92961316 41.127
 192 235.561127  64.058997   130.155   130.530  4 56553.76090551 17.067
 193 235.563764  64.061711   120.786   120.431  5 56563.67654873 21.026
 194 235.561985  64.063868   121.821   121.382  5 56573.59219018 21.454
 195 235.564076  64.065045   128.298   129.517  5 56583.50782949 20.899
 196 235.560718  64.062646    74.384    74.507  5 56593.42346342 38.315
 197 235.560719  64.061484   165.082   163.351  5 56603.33911586 14.928
 198 235.560537  64.061014   164.579   163.258  5 56613.25476470 12.087
 199 235.561207  64.061995   164.276   163.548  5 56623.17040963 10.476
 200 235.562001  64.062935   166.824   165.270  5 56633.08605173  9.414
 201 235.563119  64.062513   163.944   163.685  5 56643.00168918  7.991
 202 235.561809  64.060668   164.641   164.220  4 56652.91733976  7.174
 203 235.562717  64.059082   166.303   162.690  5 56662.83298909  6.129
 204 235.562226  64.058529   173.139   173.224  4 56672.74863552  4.301
 205 235.562919  64.060466   179.476   179.640  5 56682.66428071  5.698
 206 235.561747  64.061986   182.378   182.575  5 56692.57992360  4.145
 207 235.560590  64.062030   183.354   183.440  5 56702.49556225  4.167
 208 235.561968  64.060359   182.609   183.032  4 56712.41119593  4.022
 210 235.565404  64.060718   182.989   182.706  4 56732.24249401  3.434
 211 235.563192  64.062681   186.533   185.339  5 56742.15814165  2.980
 212 235.562796  64.064794   187.323   187.286  4 56752.07378514  2.528
 213 235.563745  64.065323   185.729   185.886  5 56761.98942343  2.331
 214 235.562336  64.063223    74.981    75.051  4 56771.90505445 13.720
 215 235.562491  64.062499   183.780   184.156  5 56781.82071105 19.942
 216 235.562921  64.062402   182.057   182.319  4 56791.73636552 16.728
 217 235.561260  64.062945   182.503   182.524  5 56801.65201687 20.772
 218 235.562544  64.063857   182.112   182.010  5 56811.56766120 14.827
 219 235.562131  64.063295    75.907    76.020  5 56821.48330095 48.271
 221 235.561264  64.058597    75.805    75.861  4 56841.31456856 44.979
 222 235.562967  64.058069    75.883    75.887  5 56851.23020577 34.919
 223 235.562959  64.059932    75.395    75.406  4 56861.14586036 44.938
 224 235.563006  64.062126   122.491   121.413  5 56871.06151434 24.035
 225 235.563051  64.063038   123.664   122.807  5 56880.97716536 19.890
 226 235.563451  64.062688   121.386   121.320  5 56890.89281262 21.043
 227 235.562787  64.061800   129.731   133.064  5 56900.80845680 16.766
 228 235.562201  64.062376   121.914   120.754  5 56910.72409905 21.281
 229 235.561712  64.063618   123.917   123.832  5 56920.63973971 20.324
 230 235.562387  64.064870   134.802   132.991  5 56930.55537831 15.160
 231 235.562634  64.064419   124.689   127.735  5 56940.47101179 25.455
 232 235.561454  64.062903    73.898    73.906  4 56950.38665031 46.878
 233 235.561983  64.062299   170.974   173.712  4 56960.30230216 12.087
 234 235.561741  64.062019   169.144   170.987  5 56970.21794897 12.033
 235 235.561069  64.061889    74.865    74.959  5 56980.13359187 34.336
 236 235.562612  64.061887   164.948   163.472  4 56990.04923058  8.935
 237 235.560639  64.060115   167.922   169.346  5 56999.96486250  8.407
 238 235.562920  64.060191    74.755    74.769  5 57009.88051685 16.583
 239 235.562003  64.059571   161.133   160.880  4 57019.79616901  8.126
 240 235.562131  64.059988   120.427   120.494  4 57029.71181830 11.771
 241 235.561593  64.060897   138.899   138.798  5 57039.62746581  8.540
 242 235.563900  64.062295   127.838   129.160  5 57049.54311136  8.136
 243 235.562426  64.061944   164.186   164.010  4 57059.45875242  5.697
 244 235.562817  64.061200   173.509   174.327  5 57069.37438794  4.239
 245 235.562719  64.060557   129.336   129.235  4 57079.29001914  5.924
 247 235.561753  64.063267   183.265   183.838  5 57099.12131467  0.807
 250 235.562608  64.063274   136.385   136.364  5 57128.86826385  0.609
 251 235.562725  64.062353   179.819   179.740  4 57138.78390217 18.346
 252 235.561650  64.061821   182.261   182.279  5 57148.69953664 16.674
 253 235.562930  64.061531   181.757   181.880  4 57158.61516863 16.528
 254 235.562211  64.061016   131.895   131.987  4 57168.53081731 23.840
 255 235.560344  64.060119   122.787   122.736  5 57178.44647304 26.125
 256 235.562018  64.059796    75.192    75.197  4 57188.36212506 40.454
 257 235.563476  64.060321    75.079    75.087  5 57198.27777317 47.434
 258 235.562386  64.061111   122.526   123.461  5 57208.19340747 18.639
 259 235.560639  64.061698    74.387    74.447  5 57218.10905192 45.801
 260 235.562076  64.061954   120.729   120.266  4 57228.02469565 21.897
 261 235.563030  64.061558   121.814   121.826  5 57237.94033713 21.751
 262 235.561980  64.060831   128.791   128.578  5 57247.85597507 16.024
 263 235.561363  64.061020    74.449    74.539  5 57257.77161057 41.302
 264 235.563572  64.062553   182.515   182.586  5 57267.68724519 17.288
 265 235.561792  64.063644   181.772   181.656  4 57277.60289270 14.480
 266 235.562035  64.064154   182.897   183.106  5 57287.51854909 18.882
 267 235.564041  64.063725   180.819   180.875  5 57297.43420269 17.710
 268 235.561326  64.062073   125.879   126.831  5 57307.34985215 21.750
 269 235.563977  64.062554   181.239   181.037  5 57317.26549857 11.224
 270 235.561701  64.062872   173.838   173.727  4 57327.18114135 12.186
 271 235.560849  64.063196   165.854   164.154  5 57337.09678216 12.520
 272 235.563047  64.062982   162.746   162.872  5 57347.01243007  8.857
 273 235.562860  64.061295    75.188    75.206  4 57356.92807688 22.948
 274 235.562204  64.059664   159.299   160.014  4 57366.84372012 10.110
 275 235.562856  64.059741   160.647   160.802  5 57376.75936040  8.898
 276 235.561076  64.060644    75.359    75.401  5 57386.67499861 16.844
 277 235.562201  64.061691    75.196    75.206  4 57396.59063641 16.562
 278 235.561865  64.061209    75.211    75.241  5 57406.50627280 13.440
 279 235.561914  64.060587    75.092    75.131  5 57416.42192329 10.375
 280 235.562778  64.060746    75.033    75.120  5 57426.33757444 10.622
 281 235.562184  64.062103    81.546    75.008  5 57436.25322267  9.433
 282 235.561008  64.064243   117.416   117.535  5 57446.16886934  8.791
 283 235.564519  64.066381   122.764   122.636  5 57456.08451559  6.752
 284 235.561981  64.065209   121.665   121.711  5 57466.00015882  6.398
 285 235.561201  64.062327   123.635   123.546  5 57475.91579820  5.590
 286 235.560323  64.059686    88.692    92.542  5 57485.83143420  7.569
 287 235.561566  64.059306   120.925   120.730  5 57495.74706803  7.356
 288 235.563542  64.060768    74.865    74.798  5 57505.66270239 26.335
 289 235.561519  64.062223   243.869   243.869  2 57515.57835864  0.425
 290 235.560806  64.061704   182.169   182.202  5 57525.49401234 17.033
 291 235.562063  64.059916   182.533   182.506  5 57535.40966373 16.196
 292 235.562870  64.058690   181.400   181.249  5 57545.32531228 14.588
 293 235.562346  64.059289    75.581    75.657  4 57555.24095886 46.759
 294 235.563351  64.061673    75.804    75.822  5 57565.15660432 42.703
 295 235.562489  64.063115   123.612   122.553  5 57575.07224888 21.037
 296 235.563197  64.063175    75.662    75.726  5 57584.98789283 42.439
 297 235.562477  64.061877   122.963   122.644  4 57594.90353446 20.436
