-150762.664   556.491     0.00   12.71
-150477.220   561.334    16.97   16.51
-150191.788   567.903    23.02   22.80
-149906.371   579.464    40.50   30.38
-149620.966   598.328    66.10   38.16
-149335.575   620.674    78.30   45.00
-149050.197   644.013    81.79   49.27
-148764.833   668.185    84.71   49.91
-148479.482   690.081    76.74   47.08
-148194.144   714.505    85.60   44.30
-147908.820   737.035    78.97   48.30
-147623.509   757.201    70.68   45.26
-147338.212   774.975    62.30   47.59
-147052.927   796.073    73.96   47.32
-146767.657   818.074    77.13   49.25
-146482.399   848.706   107.39   59.00
-146197.155   879.844   109.17   77.39
-145911.924   909.569   104.22   77.32
-145626.707   934.990    89.13   71.44
-145341.503   953.208    63.88   71.67
-145056.312   956.685    12.19   73.27
-144771.135   932.276   -85.60   88.68
-144485.971   898.785  -117.45  109.21
-144200.820   874.546   -85.01  118.51
-143915.683   841.312  -116.56  129.29
-143630.559   804.184  -130.22  130.37
-143345.448   758.210  -161.26  107.54
-143060.351   716.326  -146.92   93.91
-142774.834   686.537  -104.34   70.45
-142486.763   670.475   -55.76   61.57
-142198.706   670.384    -0.32   60.15
-141910.664   679.544    31.80   62.57
-141622.637   692.396    44.62   64.37
-141334.623   710.184    61.76   69.55
-141046.625   725.095    51.78   67.39
-140758.640   745.013    69.17   72.60
-140470.671   764.682    68.31   76.37
-140182.715   796.639   110.98   81.75
-139894.774   824.983    98.44   85.79
-139606.848   850.659    89.18   92.07
-139318.936   870.599    69.26   91.39
-139031.038   896.397    89.61   90.88
-138743.155   916.776    70.79   85.12
-138455.286   918.596     6.32   80.42
-138167.432   918.346    -0.87   73.79
-137879.592   929.997    40.48   72.56
-137591.767   948.505    64.31   72.99
-137303.956   959.423    37.94   70.26
-137016.159   945.583   -48.09   71.02
-136728.377   928.538   -59.23   79.85
-136440.609   904.646   -83.03   87.40
-136152.856   887.946   -58.04   93.45
-135865.117   864.726   -80.70  104.67
-135577.392   842.778   -76.29  104.94
-135289.682   804.974  -131.40  103.51
-135001.986   756.793  -167.48   98.58
-134714.305   715.141  -144.79  100.62
-134426.637   672.333  -148.82  100.18
-134138.985   642.133  -104.99   94.13
-133851.347   613.092  -100.97   85.98
-133563.723   589.641   -81.54   69.69
-133276.113   571.230   -64.02   56.04
-132988.518   557.494   -47.77   41.14
-132700.937   552.232   -18.30   44.89
-132413.371   553.381     4.00   57.71
-132125.819   558.240    16.90   74.86
-131838.281   561.746    12.19   86.67
-131550.758   569.210    25.96  100.10
-131263.249   569.689     1.67  101.53
-130975.755   561.619   -28.07   94.93
-130688.274   544.672   -58.95   86.59
-130400.809   528.787   -55.26   76.70
-130113.357   512.588   -56.36   61.71
-129825.920   505.248   -25.54   55.25
-129538.497   500.819   -15.41   49.98
-129251.089   499.509    -4.56   50.54
-128963.695   497.943    -5.45   49.89
-128676.315   500.576     9.16   51.81
-128388.949   499.819    -2.64   45.34
-128101.598   498.734    -3.78   45.00
-127814.262   495.896    -9.88   39.36
-127526.939   489.764   -21.34   36.57
-127239.631   483.121   -23.13   34.93
-126952.337   475.028   -28.17   38.37
-126665.058   461.486   -47.14   46.54
-126377.792   440.621   -72.64   58.27
-126090.542   414.520   -90.87   67.35
-125803.305   386.858   -96.31   65.81
-125516.083   366.415   -71.18   62.94
-125228.875   354.368   -41.95   60.85
-124941.681   368.301    48.52   82.61
-124654.502   384.896    57.79  100.13
-124367.337   416.438   109.84  114.12
-124080.186   449.912   116.58  115.71
-123793.050   494.379   154.87  107.66
-123505.928   528.238   117.93   88.88
-123218.820   551.914    82.47   78.86
-122931.726   574.501    78.68   72.09
-122644.647   599.833    88.24   60.07
-122357.582   613.073    46.12   59.30
-122070.531   631.455    64.04   54.35
-121783.495   635.058    12.55   56.22
-121496.472   625.761   -32.39   68.31
-121209.464   600.051   -89.58   85.24
-120922.471   574.611   -88.64   91.03
-120635.491   548.104   -92.37   85.85
-120348.526   525.705   -78.06   76.59
-120061.575   511.591   -49.19   58.96
-119774.639   512.966     4.79   59.04
-119487.716   530.005    59.39   67.87
-119200.808   544.728    51.32   66.91
-118913.914   558.433    47.77   67.22
-118627.035   563.165    16.50   64.90
-118340.169   562.835    -1.15   60.36
-118053.318   561.997    -2.92   48.17
-117766.481   557.787   -14.68   38.50
-117479.659   556.520    -4.42   31.43
-117192.850   556.620     0.35   28.95
-116906.056   559.975    11.70   28.30
-116619.276   566.333    22.17   32.78
-116332.510   575.318    31.33   36.65
-116045.759   587.974    44.14   43.19
-115759.021   608.677    72.20   48.09
-115472.298   635.176    92.42   59.51
-115185.589   660.316    87.69   62.89
-114898.895   678.372    62.98   57.86
-114612.214   686.344    27.81   52.89
-114325.548   689.787    12.01   52.28
-114038.896   683.122   -23.25   56.40
-113752.258   672.020   -38.73   61.95
-113465.634   652.849   -66.89   65.67
-113179.025   627.391   -88.83   54.76
-112892.430   604.912   -78.44   43.11
-112605.848   586.125   -65.56   30.45
-112319.282   573.401   -44.41   27.61
-112032.729   563.119   -35.88   22.84
-111746.190   556.076   -24.58   16.54
-111459.666   552.892   -11.11   14.76
-111173.156   554.438     5.40   18.97
-110886.660   555.387     3.31   21.02
-110600.178   556.997     5.62   22.33
-110313.710   558.305     4.57   21.72
-110027.257   558.467     0.57   21.78
-109740.817   556.234    -7.80   18.33
-109454.392   554.028    -7.70   16.30
-109167.981   552.326    -5.94   15.56
-108881.584   551.811    -1.80   16.74
-108595.202   550.951    -3.00   18.79
-108308.833   553.639     9.39   21.02
-108022.479   560.740    24.80   26.93
-107736.139   570.194    33.02   32.20
-107449.812   580.572    36.25   33.27
-107163.500   588.719    28.46   33.36
-106877.203   594.521    20.27   33.33
-106590.919   598.573    14.16   37.26
-106304.649   597.410    -4.06   42.30
-106018.394   600.880    12.12   46.40
-105732.153   603.876    10.47   46.30
-105445.925   612.701    30.83   43.96
-105159.712   616.013    11.57   47.41
-104873.513   620.092    14.25   47.96
-104587.329   613.679   -22.41   48.75
-104301.158   609.680   -13.97   52.90
-104015.001   591.501   -63.53   58.23
-103728.859   579.755   -41.05   58.39
-103442.731   564.281   -54.08   57.80
-103156.616   547.146   -59.89   58.18
-102870.516   521.882   -88.31   56.77
-102584.430   500.067   -76.26   53.62
-102298.358   479.685   -71.25   49.91
-102012.300   464.394   -53.45   44.41
-101726.256   448.842   -54.37   33.37
-101440.227   441.328   -26.27   26.72
-101154.211   436.451   -17.05   24.07
-100868.210   438.576     7.43   28.26
-100582.222   444.851    21.94   35.73
-100296.249   457.043    42.63   45.40
-100010.290   468.013    38.36   47.26
 -99724.344   484.407    57.33   53.56
 -99438.413   498.393    48.92   49.11
 -99152.496   508.164    34.18   48.55
 -98866.593   506.841    -4.63   44.67
 -98580.704   500.321   -22.81   46.30
 -98294.829   488.919   -39.89   48.11
 -98008.968   466.399   -78.78   48.58
 -97723.122   445.715   -72.36   41.31
 -97437.289   430.213   -54.24   31.27
 -97151.470   423.649   -22.97   25.16
 -96865.666   424.013     1.27   25.10
 -96579.875   429.482    19.14   31.36
 -96294.099   448.638    67.03   49.17
 -96008.336   474.065    88.98   64.54
 -95722.588   510.607   127.89   84.18
 -95436.853   537.945    95.68   90.86
 -95151.133   563.664    90.02   91.83
 -94865.427   577.891    49.80   83.51
 -94579.734   583.115    18.28   76.24
 -94294.056   583.847     2.56   65.04
 -94008.392   580.372   -12.16   51.97
 -93722.741   578.584    -6.26   42.45
 -93437.105   580.497     6.70   42.69
 -93151.483   593.784    46.52   55.21
 -92865.875   608.105    50.15   64.75
 -92580.281   621.897    48.29   67.69
 -92294.700   631.891    35.00   64.38
 -92009.134   641.462    33.52   60.56
 -91723.582   656.937    54.19   62.66
 -91438.044   663.958    24.59   63.05
 -91152.520   656.471   -26.22   70.28
 -90867.009   632.656   -83.41   72.43
 -90581.513   614.164   -64.77   77.78
 -90296.031   589.564   -86.17   81.91
 -90010.563   569.364   -70.77   82.04
 -89725.109   543.785   -89.61   71.18
 -89439.668   519.369   -85.54   39.68
 -89154.242   504.722   -51.32   27.55
 -88868.830   500.376   -15.23   23.37
 -88583.431   498.936    -5.05   20.47
 -88298.047   501.043     7.38   17.23
 -88012.677   502.951     6.69   14.15
 -87727.320   505.248     8.05   11.47
 -87441.978   504.524    -2.54   13.61
 -87156.649   504.443    -0.28   18.73
 -86871.335   504.516     0.26   25.81
 -86586.034   506.848     8.17   32.71
 -86300.748   506.711    -0.48   38.88
 -86015.475   511.950    18.37   44.42
 -85730.216   511.998     0.17   51.85
 -85444.971   514.966    10.41   56.40
 -85159.741   510.225   -16.62   59.65
 -84874.524   504.557   -19.87   59.98
 -84589.321   494.067   -36.78   59.93
 -84304.132   484.959   -31.94   59.81
 -84018.957   470.494   -50.72   57.86
 -83733.796   456.562   -48.86   53.69
 -83448.648   440.360   -56.82   45.90
 -83163.515   425.346   -52.66   39.37
 -82878.396   410.344   -52.62   32.10
 -82593.290   403.837   -22.82   24.10
 -82308.199   404.162     1.14   23.86
 -82023.121   413.702    33.47   34.23
 -81738.057   430.767    59.87   45.15
 -81453.008   454.125    81.95   50.92
 -81167.972   476.355    77.99   45.09
 -80882.256   493.679    60.64   34.38
 -80594.114   505.447    40.84   25.50
 -80305.987   508.509    10.63   23.80
 -80017.875   505.852    -9.22   28.11
 -79729.778   499.802   -21.00   33.86
 -79441.696   489.419   -36.05   38.78
 -79153.630   480.897   -29.58   41.73
 -78865.578   468.449   -43.22   43.78
 -78577.542   456.796   -40.46   44.59
 -78289.520   440.823   -55.46   44.58
 -78001.514   425.375   -53.64   44.12
 -77713.522   409.397   -55.48   41.38
 -77425.546   395.119   -49.58   39.66
 -77137.584   378.478   -57.79   35.69
 -76849.638   366.437   -41.82   29.74
 -76561.707   355.470   -38.09   22.30
 -76273.791   347.770   -26.75   16.34
 -75985.889   342.424   -18.57   13.27
 -75698.003   338.125   -14.93   13.57
 -75410.132   335.253    -9.98   13.99
 -75122.276   332.570    -9.32   14.37
 -74834.435   329.559   -10.46   14.73
 -74546.609   326.169   -11.78   14.80
 -74258.798   324.588    -5.49   16.93
 -73971.001   323.130    -5.07   17.76
 -73683.220   322.005    -3.91   21.07
 -73395.454   321.147    -2.98   22.30
 -73107.703   319.411    -6.03   23.21
 -72819.967   318.421    -3.44   23.12
 -72532.246   314.920   -12.17   21.93
 -72244.540   313.128    -6.23   21.34
 -71956.849   309.210   -13.62   20.03
 -71669.173   307.005    -7.67   20.40
 -71381.511   302.569   -15.42   18.35
 -71093.865   300.263    -8.02   17.44
 -70806.234   296.865   -11.81   15.91
 -70518.618   293.703   -10.99   15.80
 -70231.016   289.807   -13.55   15.44
 -69943.430   285.289   -15.71   14.84
 -69655.859   282.020   -11.37   14.60
 -69368.302   277.365   -16.19   12.60
 -69080.761   274.073   -11.45   10.86
 -68793.234   271.249    -9.82    9.60
 -68505.723   270.112    -3.96    9.61
 -68218.226   269.021    -3.79   11.09
 -67930.745   268.944    -0.27   12.02
 -67643.278   268.361    -2.03   13.29
 -67355.826   266.787    -5.48   13.97
 -67068.389   266.104    -2.38   14.57
 -66780.968   263.501    -9.05   14.30
 -66493.561   261.066    -8.47   15.29
 -66206.169   255.919   -17.91   16.54
 -65918.791   251.164   -16.55   16.31
 -65631.429   244.864   -21.93   16.87
 -65344.082   241.174   -12.84   15.84
 -65056.750   238.672    -8.71   15.53
 -64769.432   238.462    -0.73   17.40
 -64482.130   242.452    13.89   21.23
 -64194.842   251.199    30.45   26.14
 -63907.570   261.604    36.22   29.84
 -63620.312   276.377    51.43   32.94
 -63333.069   289.682    46.32   32.19
 -63045.841   302.370    44.17   29.96
 -62758.628   315.120    44.39   28.33
 -62471.430   323.451    29.01   27.16
 -62184.246   331.466    27.91   25.16
 -61897.078   339.411    27.67   23.70
 -61609.924   348.013    29.96   22.32
 -61322.786   355.411    25.76   21.85
 -61035.662   362.816    25.79   22.64
 -60748.553   368.659    20.35   23.40
 -60461.459   376.881    28.64   23.73
 -60174.380   386.228    32.56   24.99
 -59887.316   398.982    44.43   29.01
 -59600.266   414.848    55.27   36.48
 -59313.232   433.372    64.54   42.47
 -59026.212   456.005    78.86   45.61
 -58739.207   475.035    66.31   39.93
 -58452.217   489.415    50.11   30.95
 -58165.242   500.020    36.96   21.39
 -57878.281   506.393    22.21   12.66
 -57591.336   508.154     6.14   12.84
 -57304.405   506.359    -6.25   14.65
 -57017.490   503.863    -8.70   15.89
 -56730.589   499.467   -15.32   18.42
 -56443.703   495.751   -12.95   18.69
 -56156.831   492.059   -12.87   18.74
 -55869.975   490.404    -5.77   17.90
 -55583.133   487.928    -8.63   17.25
 -55296.306   484.598   -11.61   16.16
 -55009.494   481.537   -10.67   15.39
 -54722.697   478.990    -8.88   16.71
 -54435.915   477.186    -6.29   17.17
 -54149.147   473.179   -13.97   17.75
 -53862.394   471.821    -4.74   16.18
 -53575.657   469.172    -9.24   13.95
 -53288.933   469.021    -0.53   12.05
 -53002.225   467.667    -4.72   10.58
 -52715.531   465.439    -7.77   10.20
 -52428.853   464.888    -1.92   10.14
 -52142.189   464.501    -1.35   11.04
 -51855.540   463.013    -5.19    9.97
 -51568.905   460.074   -10.25    9.64
 -51282.286   457.378    -9.40   10.67
 -50995.681   454.202   -11.08   12.74
 -50709.091   451.069   -10.93   14.34
 -50422.515   445.552   -19.25   14.49
 -50135.955   440.013   -19.33   15.39
 -49849.409   434.858   -17.99   17.21
 -49562.878   429.051   -20.27   19.67
 -49276.362   422.958   -21.26   20.18
 -48989.860   417.301   -19.75   16.97
 -48703.374   414.005   -11.50   13.35
 -48416.902   414.490     1.69   15.49
 -48130.445   421.683    25.11   22.98
 -47844.002   431.708    35.00   27.42
 -47557.574   444.165    43.49   28.76
 -47271.161   455.982    41.26   27.54
 -46984.763   468.629    44.16   24.35
 -46698.380   478.013    32.77   23.54
 -46412.011   486.870    30.93   26.14
 -46125.657   495.172    28.99   28.39
 -45839.318   504.631    33.03   29.90
 -45552.993   515.339    37.40   28.81
 -45266.683   523.594    28.84   26.79
 -44980.388   532.059    29.57   23.21
 -44694.108   537.427    18.75   18.51
 -44407.842   539.050     5.67   16.49
 -44121.591   535.265   -13.22   18.30
 -43835.355   527.369   -27.59   26.30
 -43549.133   514.281   -45.73   33.87
 -43262.926   497.372   -59.08   40.46
 -42976.734   478.902   -64.54   40.26
 -42690.557   462.451   -57.49   34.76
 -42404.394   450.904   -40.35   27.38
 -42118.246   443.549   -25.71   24.16
 -41832.112   446.043     8.72   29.11
 -41545.994   453.564    26.29   35.62
 -41259.890   467.732    49.52   41.06
 -40973.800   482.761    52.53   43.42
 -40687.726   498.687    55.67   42.62
 -40401.666   512.672    48.89   39.57
 -40115.620   520.657    27.91   35.92
 -39829.590   523.810    11.02   36.19
 -39543.574   526.951    10.98   40.62
 -39257.572   523.467   -12.18   48.26
 -38971.586   520.942    -8.83   56.07
 -38685.614   513.944   -24.47   60.18
 -38399.656   506.722   -25.26   63.94
 -38113.714   494.257   -43.59   70.06
 -37827.786   480.974   -46.46   73.40
 -37541.872   464.573   -57.36   80.54
 -37255.974   441.576   -80.44   82.89
 -36970.090   417.044   -85.81   81.39
 -36684.220   389.944   -94.80   75.87
 -36398.365   369.690   -70.85   69.68
 -36112.525   343.608   -91.25   57.86
 -35826.700   323.761   -69.44   52.53
 -35540.889   303.013   -72.60   43.46
 -35255.092   287.589   -53.97   36.02
 -34969.311   275.187   -43.40   27.69
 -34683.544   265.588   -33.59   19.62
 -34397.791   260.574   -17.55   14.62
 -34112.053   258.548    -7.09   14.18
 -33826.330   261.482    10.27   17.25
 -33540.622   267.207    20.04   24.01
 -33254.928   277.926    37.52   31.75
 -32969.248   290.936    45.54   41.05
 -32683.583   304.925    48.97   44.41
 -32397.933   317.336    43.45   46.64
 -32112.298   323.273    20.79   43.92
 -31826.677   327.905    16.22   45.32
 -31541.070   323.618   -15.01   48.56
 -31255.478   316.732   -24.11   51.62
 -30969.901   302.842   -48.64   50.85
 -30684.338   290.299   -43.93   48.47
 -30398.790   274.482   -55.39   48.40
 -30113.257   263.013   -40.17   49.38
 -29827.738   249.318   -47.97   54.30
 -29542.234   234.368   -52.37   57.91
 -29256.744   223.767   -37.13   59.70
 -28971.269   208.053   -55.05   61.41
 -28685.808   200.898   -25.06   63.61
 -28400.362   188.068   -44.95   66.12
 -28114.930   178.224   -34.49   67.99
 -27829.513   162.544   -54.94   70.27
 -27544.111   143.620   -66.31   69.31
 -27258.723   122.740   -73.16   62.14
 -26973.350   101.383   -74.84   50.26
 -26687.991    84.134   -60.45   34.89
 -26402.647    70.368   -48.24   17.24
 -26117.317    64.246   -21.46    9.73
 -25832.002    61.294   -10.34    8.14
 -25546.701    59.564    -6.06    9.50
 -25261.415    58.835    -2.56   10.65
 -24976.143    60.383     5.43   12.38
 -24690.886    62.641     7.92   14.56
 -24405.644    63.857     4.26   15.18
 -24120.416    61.202    -9.31   18.82
 -23835.202    57.541   -12.84   22.80
 -23550.003    50.697   -24.00   26.40
 -23264.819    42.858   -27.49   27.62
 -22979.649    33.021   -34.50   24.65
 -22694.493    27.074   -20.86   19.41
 -22409.352    27.179     0.37   15.94
 -22124.226    33.641    22.67   21.85
 -21839.114    42.831    32.23   28.75
 -21554.016    55.288    43.69   31.96
 -21268.933    67.591    43.16   31.44
 -20983.865    81.043    47.19   27.83
 -20698.811    92.824    41.33   23.84
 -20413.771   104.866    42.25   15.89
 -20128.746   112.425    26.52   13.13
 -19843.736   119.474    24.73   12.44
 -19558.739   124.900    19.04   12.20
 -19273.758   128.935    14.16   11.67
 -18987.800   131.846    10.18   12.35
 -18699.599   132.675     2.88   12.26
 -18411.413   132.513    -0.56   13.24
 -18123.244   130.798    -5.95   13.82
 -17835.090   128.251    -8.84   14.65
 -17546.951   124.381   -13.43   15.85
 -17258.829   120.517   -13.41   17.71
 -16970.722   114.679   -20.26   19.93
 -16682.630   107.856   -23.69   23.66
 -16394.554    99.282   -29.76   27.59
 -16106.494    93.570   -19.83   27.49
 -15818.450    90.769    -9.72   26.23
 -15530.421    90.596    -0.60   26.30
 -15242.407    92.646     7.12   25.83
 -14954.410    94.478     6.36   25.13
 -14666.428    96.720     7.78   23.64
 -14378.461   101.802    17.65   21.09
 -14090.510   108.381    22.85   13.53
 -13802.575   111.816    11.93    5.19
 -13514.655   111.791    -0.09    3.66
 -13226.751   110.604    -4.12    4.75
 -12938.863   108.574    -7.05    6.25
 -12650.990   105.269   -11.48    8.83
 -12363.133   100.839   -15.39   11.47
 -12075.291    96.419   -15.36   12.54
 -11787.465    92.842   -12.42   12.31
 -11499.654    89.376   -12.04   11.20
 -11211.860    87.675    -5.91    9.33
 -10924.080    86.928    -2.60    7.82
 -10636.316    87.770     2.93    6.75
 -10348.568    88.434     2.31    6.07
 -10060.836    89.906     5.12    5.73
  -9773.118    91.625     5.98    4.77
  -9485.417    93.444     6.32    3.83
  -9197.731    94.601     4.02    3.05
  -8910.061    95.246     2.24    3.22
  -8622.406    94.900    -1.20    4.11
  -8334.766    94.402    -1.73    4.54
  -8047.143    93.646    -2.63    4.94
  -7759.534    92.997    -2.26    4.82
  -7471.942    92.536    -1.60    4.54
  -7184.364    92.385    -0.52    3.97
  -6896.803    92.339    -0.16    3.28
  -6609.257    92.163    -0.61    2.87
  -6321.726    91.943    -0.76    2.66
  -6034.211    90.952    -3.45    3.37
  -5746.712    89.761    -4.14    4.15
  -5459.228    87.486    -7.91    6.30
  -5171.759    83.596   -13.53   10.86
  -4884.306    76.220   -25.66   17.56
  -4596.869    68.379   -27.28   21.13
  -4309.447    59.732   -30.09   22.45
  -4022.040    49.868   -34.32   21.02
  -3734.649    42.386   -26.03   17.91
  -3447.274    33.826   -29.79   13.85
  -3159.914    27.261   -22.85   11.60
  -2872.569    21.777   -19.08   11.69
  -2585.240    17.585   -14.59   11.55
  -2297.927    14.490   -10.77   10.51
  -2010.629    11.122   -11.72    8.58
  -1723.346     8.919    -7.67    7.96
  -1436.079     7.469    -5.05    7.88
  -1148.827     6.373    -3.82    7.92
   -861.591     5.726    -2.25    7.86
   -574.370     4.020    -5.94    6.98
   -287.165     2.375    -5.73    5.37
      0.025     0.943    -4.99    3.16
    287.199     0.333    -2.12    1.26
    574.358     2.212     6.54    8.30
    861.501    10.384    28.46   23.49
   1148.629    23.344    45.14   36.78
   1435.742    39.213    55.27   44.95
   1722.839    57.418    63.41   48.01
   2009.921    74.966    61.13   45.03
   2296.987    91.952    59.17   36.83
   2584.038   106.139    49.42   22.24
   2871.073   114.167    27.97    9.90
   3158.093   116.220     7.15    7.70
   3445.097   115.305    -3.19    7.51
   3732.087   114.360    -3.29    7.70
   4019.060   113.273    -3.79    7.89
   4306.018   113.089    -0.64    8.03
   4592.961   113.824     2.56    8.85
   4879.889   114.822     3.48    9.51
   5166.801   116.320     5.22    9.85
   5453.697   119.074     9.60   10.17
   5740.579   123.771    16.37   11.82
   6027.445   129.108    18.60   14.56
   6314.295   135.300    21.59   16.54
   6601.130   140.685    18.78   18.14
   6887.950   147.599    24.10   17.21
   7174.754   154.502    24.07   18.08
   7461.543   160.780    21.89   19.72
   7748.317   168.013    25.22   22.72
   8035.075   176.958    31.19   27.08
   8321.818   186.959    34.88   33.95
   8608.545   202.183    53.10   38.98
   8895.257   219.074    58.91   41.93
   9181.954   237.305    63.59   48.86
   9468.635   254.474    59.89   60.69
   9755.301   275.513    73.39   74.11
  10041.952   290.696    52.97   82.50
  10328.587   297.951    25.31   85.60
  10615.207   297.140    -2.83   87.48
  10901.812   285.845   -39.41   90.70
  11188.401   270.753   -52.66   90.02
  11474.975   248.295   -78.37   81.96
  11761.533   225.123   -80.86   66.52
  12048.077   206.620   -64.58   50.69
  12334.605   194.181   -43.41   36.23
  12621.117   185.724   -29.52   27.25
  12907.615   182.657   -10.71   22.47
  13194.097   183.358     2.45   20.79
  13480.563   188.587    18.25   22.13
  13767.015   199.874    39.41   32.31
  14053.451   221.273    74.71   52.09
  14339.871   246.814    89.17   61.79
  14626.277   282.521   124.67   74.54
  14912.667   322.263   138.77   86.00
  15199.042   362.076   139.02   92.22
  15485.401   414.796   184.10  101.57
  15771.745   464.490   173.55  108.74
  16058.074   517.775   186.10  112.35
  16344.388   563.707   160.42  101.24
  16630.686   594.486   107.50   83.97
  16916.969   622.168    96.70   59.20
  17203.237   625.362    11.16   51.99
  17489.490   611.594   -48.10   69.51
  17775.727   577.346  -119.65   91.01
  18061.949   535.958  -144.60  102.14
  18348.156   484.219  -180.77   98.96
  18634.347   441.180  -150.38   88.15
  18920.524   398.617  -148.73   64.95
  19206.684   367.234  -109.67   46.53
  19492.830   342.509   -86.41   36.79
  19778.961   319.613   -80.02   35.66
  20065.076   298.805   -72.72   37.93
  20351.176   277.215   -75.47   40.54
  20637.261   259.325   -62.53   38.20
  20923.330   241.271   -63.11   31.69
  21209.384   227.037   -49.76   20.50
  21495.423   217.251   -34.21   11.61
  21781.447   210.713   -22.86    9.29
  22067.456   205.102   -19.62   10.87
  22353.449   198.083   -24.54   15.40
  22639.427   193.501   -16.02   16.89
  22925.390   186.097   -25.89   19.79
  23211.338   181.289   -16.81   18.85
  23497.270   178.402   -10.10   17.47
  23783.187   178.935     1.86   17.59
  24069.089   179.249     1.10   18.29
  24354.976   184.187    17.27   20.48
  24640.848   189.360    18.10   22.73
  24926.704   197.428    28.22   24.31
  25212.546   206.695    32.42   23.63
  25498.372   218.596    41.64   21.49
  25784.183   229.801    39.20   19.85
  26069.978   242.442    44.23   22.24
  26355.759   255.278    44.91   26.90
  26641.524   270.084    51.81   31.39
  26927.274   287.533    61.06   33.37
  27213.009   305.960    64.49   33.81
  27498.729   324.469    64.78   31.02
  27784.434   342.134    61.83   29.32
  28070.123   356.617    50.69   27.21
  28355.797   372.377    55.17   24.36
  28641.457   385.102    44.55   22.04
  28927.101   396.160    38.71   18.79
  29212.729   404.344    28.65   15.74
  29498.343   409.490    18.02   13.27
  29783.942   413.621    14.46   12.55
  30069.525   414.893     4.45   12.53
  30355.093   415.370     1.67   13.80
  30640.647   414.569    -2.80   13.47
  30926.185   414.610     0.14   13.23
  31211.707   413.462    -4.02   11.86
  31497.215   412.860    -2.11   10.38
  31782.708   411.428    -5.02    9.79
  32068.185   411.076    -1.23    9.40
  32353.648   411.211     0.47    9.57
  32639.095   411.280     0.24    9.87
  32924.527   412.579     4.55   10.86
  33209.944   413.638     3.71   12.13
  33495.346   414.982     4.71   13.39
  33780.733   416.494     5.30   15.82
  34066.104   417.283     2.77   17.58
  34351.461   417.318     0.12   20.42
  34636.802   416.093    -4.29   21.70
  34922.129   413.926    -7.59   23.08
  35207.440   409.607   -15.14   23.74
  35492.736   404.837   -16.72   23.47
  35778.018   397.960   -24.11   23.65
  36063.284   391.498   -22.65   23.52
  36348.535   381.610   -34.66   21.76
  36633.771   372.413   -32.24   24.96
  36918.991   357.826   -51.15   32.04
  37204.197   340.374   -61.19   38.50
  37489.388   323.757   -58.27   40.37
  37774.563   306.935   -58.99   35.89
  38059.724   293.756   -46.22   29.14
  38344.870   283.525   -35.88   18.49
  38630.000   278.446   -17.81    8.95
  38915.115   277.416    -3.61    4.71
  39200.216   279.378     6.88    5.95
  39485.301   283.005    12.72    7.81
  39770.371   287.563    15.99    8.83
  40055.427   292.873    18.62   10.12
  40340.467   298.524    19.83   11.15
  40625.492   304.132    19.68   11.90
  40910.502   311.153    24.63   12.60
  41195.497   317.796    23.31   12.99
  41480.477   324.805    24.60   12.90
  41765.442   332.173    25.85   12.47
  42050.392   338.615    22.61   12.48
  42335.327   345.866    25.45   12.31
  42620.247   353.410    26.48   13.31
  42906.451   361.177    27.14   13.97
  43194.720   369.387    28.48   15.33
  43482.973   378.053    30.06   16.36
  43771.210   387.390    32.39   17.15
  44059.430   396.627    32.05   18.02
  44347.634   407.153    36.52   18.58
  44635.822   417.490    35.87   19.14
  44923.994   427.694    35.41   19.45
  45212.149   438.463    37.37   19.13
  45500.289   448.368    34.38   18.88
  45788.412   458.275    34.38   17.05
  46076.519   466.826    29.68   14.70
  46364.609   473.804    24.22   11.78
  46652.684   479.458    19.63    8.47
  46940.742   482.680    11.18    6.25
  47228.784   484.966     7.94    5.89
  47516.810   485.896     3.23    6.16
  47804.820   485.860    -0.12    6.53
  48092.814   484.805    -3.66    7.65
  48380.791   482.950    -6.44    8.64
  48668.753   480.587    -8.21    9.26
  48956.698   477.188   -11.80    9.55
  49244.627   473.366   -13.28   10.11
  49532.540   468.928   -15.41   10.25
  49820.436   463.767   -17.92   11.42
  50108.317   457.700   -21.08   12.88
  50396.181   451.180   -22.65   14.09
  50684.029   444.037   -24.82   16.51
  50971.861   436.831   -25.04   18.09
  51259.677   427.901   -31.02   19.67
  51547.477   418.858   -31.42   20.27
  51835.261   409.819   -31.41   18.20
  52123.029   402.116   -26.77   14.39
  52410.780   396.333   -20.09   10.28
  52698.515   391.846   -15.60    6.46
  52986.234   388.920   -10.17    5.99
  53273.938   385.159   -13.07    9.03
  53561.625   379.466   -19.79   12.78
  53849.295   371.669   -27.10   17.02
  54136.950   363.163   -29.57   19.16
  54424.589   353.698   -32.90   19.59
  54712.211   344.892   -30.62   17.41
  54999.818   336.726   -28.39   12.69
  55287.408   331.021   -19.84    9.01
  55574.983   326.998   -13.99    6.22
  55862.541   324.053   -10.24    4.54
  56150.083   322.641    -4.91    4.01
  56437.609   321.777    -3.01    3.78
  56725.119   321.051    -2.53    3.85
  57012.613   320.175    -3.05    4.19
  57300.091   318.569    -5.59    5.00
  57587.553   316.625    -6.76    5.35
  57874.998   314.486    -7.44    4.70
  58162.428   312.771    -5.97    3.87
  58449.842   311.368    -4.88    2.61
  58737.239   311.068    -1.05    2.10
  59024.621   311.911     2.93    2.96
  59311.986   313.401     5.18    3.74
  59599.336   315.138     6.05    4.50
  59886.669   317.275     7.44    4.63
  60173.986   319.851     8.97    4.75
  60461.288   322.257     8.37    5.11
  60748.573   325.143    10.04    5.43
  61035.842   327.682     8.84    5.80
  61323.095   330.823    10.93    5.80
  61610.333   333.945    10.87    6.31
  61897.554   337.100    10.98    6.28
  62184.759   340.513    11.88    5.99
  62471.948   343.646    10.91    6.08
  62759.121   347.521    13.49    6.47
  63046.279   351.852    15.08    8.00
  63333.420   356.755    17.07    9.97
  63620.545   362.798    21.04   11.81
  63907.654   369.394    22.98   12.85
  64194.747   375.533    21.38   13.41
  64481.825   383.044    26.16   12.84
  64768.886   389.881    23.82   12.34
  65055.931   396.256    22.21   10.89
  65342.960   401.761    19.18   10.02
  65629.974   406.389    16.13    9.17
  65916.971   411.544    17.96    8.46
  66203.952   415.124    12.47    7.81
  66490.918   419.061    13.72    7.71
  66777.867   422.005    10.26    8.07
  67064.801   424.780     9.67    7.85
  67351.718   427.129     8.19    8.44
  67638.620   428.259     3.94    8.50
  67925.505   429.998     6.06    9.24
  68212.375   430.659     2.31   10.15
  68499.229   430.406    -0.88   10.49
  68786.067   429.682    -2.52   11.45
  69072.889   428.304    -4.80   11.68
  69359.694   426.509    -6.26   12.18
  69646.484   423.787    -9.49   12.91
  69933.259   420.124   -12.77   13.79
  70220.017   415.852   -14.90   14.63
  70506.759   411.030   -16.82   15.50
  70793.485   406.478   -15.87   17.49
  71080.196   400.875   -19.54   20.28
  71366.890   394.013   -23.93   22.89
  71653.569   385.559   -29.49   25.35
  71940.232   376.037   -33.22   28.52
  72226.878   365.383   -37.17   30.20
  72513.509   352.717   -44.19   31.72
  72800.124   340.021   -44.30   31.64
  73086.723   327.354   -44.20   29.36
  73373.307   315.342   -41.91   27.40
  73659.874   308.228   -24.82   23.66
  73946.426   302.373   -20.43   20.30
  74232.961   298.322   -14.14   16.92
