# NaN NaN NaN ;Mean Elev.(m), Avg Gradient(m/km), RMS Gradient(m/km) - SRTM1     
#   47.265 -12.164  16.349 ;Mean Elev.(m), Avg Gradient(m/km), RMS Gradient(m/km) - ASTER GDEM
#   67.965 -21.980  29.355 ;Mean Elev.(m), Avg Gradient(m/km), RMS Gradient(m/km) - GMTED2010 
   3 235.124190  64.485039    -6.184    -6.075  5 54686.65342391  7.864
   5 235.126200  64.484874    -3.037    -3.027  4 54706.48470562  6.705
   7 235.140223  64.482839    11.776    11.781  7 54726.31600861  8.462
  10 235.128422  64.484822   288.853   288.797  5 54756.06294986  5.233
  11 235.127871  64.484480   289.636   289.785  5 54765.97859510  2.062
  12 235.131439  64.482658   288.466   288.461  5 54775.89423757  1.053
  14 235.124505  64.479186   293.735   293.735  2 54795.72551487  0.360
  15 235.138397  64.483316   113.895   112.186  6 54805.64115424 20.151
  16 235.130195  64.483508   117.498   116.875  6 54815.55679070 15.165
  17 235.129999  64.484222   117.774   115.886  5 54825.47243743 13.974
  18 235.130697  64.484042   115.743   115.705  5 54835.38807695 14.172
  19 235.129133  64.484245   121.027   120.026  5 54845.30372651 12.569
  20 235.126275  64.484963   117.713   115.541  5 54855.21937528 12.184
  21 235.122086  64.486015   119.893   119.692  4 54865.13502387 12.023
  22 235.119714  64.486160   119.292   119.351  4 54875.05067220 11.541
  23 235.122640  64.485523   120.547   120.828  4 54884.96631821 10.641
  24 235.128609  64.484059   118.522   116.584  4 54894.88196100  9.891
  25 235.134087  64.482944   121.228   121.659  6 54904.79760107 10.526
  26 235.137146  64.483087   117.832   116.552  7 54914.71323983 10.541
  27 235.132260  64.483301   118.023   116.368  6 54924.62887739  9.752
  28 235.129517  64.483694   123.468   124.818  5 54934.54451439  9.014
  29 235.131345  64.483300   118.181   117.003  6 54944.46014980  9.205
  30 235.138823  64.482197   128.935   128.863  7 54954.37578339 18.322
  31 235.140925  64.481050   135.914   136.621  7 54964.29142923 19.631
  32 235.143476  64.481905    58.568    58.589  6 54974.20707778 48.674
  33 235.138726  64.483127    59.207    59.232  6 54984.12272520 48.678
  34 235.132492  64.484107   110.470   107.276  5 54994.03837233 22.753
  36 235.133447  64.485292    58.534    58.534  2 55013.86966325 38.884
  37 235.125843  64.483844   129.086   129.077  5 55023.78530536 10.849
  38 235.127072  64.484740   125.061   131.181  5 55033.70094778 19.234
  39 235.124423  64.485031   131.168   131.489  5 55043.61658907 16.865
  41 235.129938  64.483649   117.247   117.771  6 55063.44786699 16.550
  42 235.136412  64.483010    57.519    57.536  6 55073.36351278 47.335
  43 235.139060  64.482637   121.903   121.601  7 55083.27916114 16.928
  44 235.149397  64.484910    57.393    57.393  2 55093.19480889 35.434
  45 235.145594  64.485382    56.264    56.264  2 55103.11045506 45.359
  46 235.129053  64.483532   191.833   191.927  5 55113.02609963  1.092
  48 235.152533  64.485615   127.572   127.572  2 55132.85738666 26.280
  50 235.138536  64.482427   112.785   112.946  7 55152.68866213 23.792
  51 235.135269  64.483003   124.191   125.498  7 55162.60430033 15.948
  52 235.132388  64.483644   125.999   126.032  5 55172.51993824 13.657
  54 235.130519  64.484203   125.955   126.006  5 55192.35122552 12.335
  55 235.125620  64.484412   125.999   125.852  5 55202.26687514 11.909
  56 235.122807  64.485003   125.581   125.408  4 55212.18252438 11.615
  57 235.122153  64.485296   126.022   126.091  4 55222.09817336 11.592
  58 235.125769  64.484990   126.070   126.129  4 55232.01382143 11.397
  59 235.131567  64.484159   126.360   126.367  5 55241.92946645 10.964
  60 235.135502  64.483360   126.320   126.121  6 55251.84510786 10.238
  61 235.136523  64.483172   126.310   126.328  7 55261.76074675 10.927
  62 235.133620  64.483332   126.628   126.430  5 55271.67638435  9.899
  63 235.131271  64.483222   126.100   125.825  6 55281.59202185 10.805
  64 235.135032  64.483172   126.461   126.480  7 55291.50765873  8.797
  66 235.151483  64.483777   129.730   129.732  3 55311.33894192 21.493
  67 235.140500  64.482249   128.902   128.952  6 55321.25458626 18.673
  68 235.138740  64.483148    58.013    57.960  7 55331.17023053 48.399
  69 235.132199  64.483519   120.313   124.170  6 55341.08587430 17.762
  70 235.126912  64.483286   119.057   123.661  5 55351.00151795 20.091
  71 235.128194  64.483584    57.765    57.796  5 55360.91716007 39.524
  72 235.127034  64.483598    57.222    57.266  5 55370.83279980 42.797
  73 235.125198  64.483917   131.992   132.182  5 55380.74843799 12.670
  74 235.125635  64.484642   119.879   119.700  4 55390.66407569 17.338
  75 235.126139  64.484219   113.755   113.102  5 55400.57971211 19.365
  76 235.132586  64.483756   113.998   113.831  5 55410.49536103 23.063
  77 235.139528  64.482896    60.829    62.832  7 55420.41101170 21.220
  78 235.142350  64.482403   130.512   132.036  7 55430.32665892 18.698
  79 235.138319  64.482763   112.511   112.734  6 55440.24230320 21.703
  80 235.133123  64.483567   115.044   115.531  6 55450.15794597 23.895
  81 235.132376  64.484023    56.482    56.473  5 55460.07358864 46.561
  82 235.143722  64.484782    55.576    55.589  3 55469.98923145 44.792
  83 235.145608  64.483285    59.223    59.197  4 55479.90487011 17.682
  87 235.119428  64.481804   294.714   294.714  2 55519.56742799  1.396
  88 235.128901  64.484035   125.875   125.980  5 55529.48307795 17.931
  89 235.126591  64.483548   124.083   125.717  5 55539.39872487 15.710
  90 235.127897  64.483904   122.830   122.349  5 55549.31436999 15.875
  91 235.119138  64.483494   187.335   187.335  2 55559.23001245  0.265
  93 235.124360  64.485262   118.083   116.146  4 55579.06129710 13.424
  94 235.126764  64.483341   121.181   124.580  5 55588.97693625 12.806
  95 235.139654  64.482215   125.267   125.125  7 55598.89257335 10.879
  96 235.157073  64.483300    56.578    56.559  3 55608.80820852 30.742
  97 235.140377  64.481117   124.510   125.309  7 55618.72383853  9.577
  98 235.135575  64.482997   125.103   125.046  7 55628.63948599  9.995
  99 235.132450  64.483758   125.210   125.360  5 55638.55513686 10.309
 100 235.137594  64.483579   122.879   125.679  6 55648.47078625  8.646
 101 235.139509  64.481768   121.164   121.331  7 55658.38643218  8.765
 102 235.143715  64.481590   124.660   125.018  7 55668.30207450  8.598
 103 235.138944  64.482109   128.240   128.126  7 55678.21771359  4.603
 104 235.132651  64.483300   125.264   124.208  6 55688.13335069 15.308
 105 235.131993  64.484506   252.714   252.714  2 55698.04898698  0.580
 106 235.131405  64.483886    58.876    58.852  5 55707.96462288 50.255
 107 235.133329  64.483661   113.410   104.666  5 55717.88027414 19.469
 108 235.131190  64.483505    58.060    58.098  5 55727.79592237 49.692
 109 235.128108  64.484156   127.879   128.348  5 55737.71156896 13.482
 110 235.124636  64.484842   105.351   104.837  4 55747.62721424 21.472
 111 235.125704  64.484831    57.831    57.816  5 55757.54285770 33.589
 112 235.129771  64.483384   112.052   110.253  5 55767.45849866 18.295
 113 235.141829  64.482460   125.834   129.866  7 55777.37413736 19.339
 114 235.141375  64.480668   114.217   113.072  7 55787.28977225 19.412
 115 235.142413  64.481591   113.483   115.212  7 55797.20540597 21.916
 116 235.138578  64.483068   118.805   120.553  7 55807.12104838 21.672
 118 235.135949  64.483047   129.058   129.058  6 55826.95234290 12.986
 119 235.148764  64.483115    56.166    56.191  5 55836.86798536 37.946
 120 235.148502  64.481742    55.814    55.812  6 55846.78362330 45.366
 123 235.126979  64.484398   188.380   187.891  5 55876.53055289  2.499
 124 235.123782  64.484092   291.731   293.960  3 55886.44619876  0.634
 125 235.127648  64.483693   126.013   126.106  5 55896.36183953 17.976
 126 235.133934  64.483496   125.499   125.629  5 55906.27747539 15.904
 127 235.128548  64.483187   121.862   124.833  5 55916.19311903 16.028
 128 235.127635  64.484507   116.619   116.587  4 55926.10877266 16.847
 129 235.125674  64.484573   119.475   119.440  4 55936.02442281 15.213
 130 235.132217  64.483972   116.756   116.426  5 55945.94006880 14.327
 131 235.138326  64.482457   118.458   117.749  7 55955.85571021 13.628
 132 235.143492  64.481919   117.728   117.567  7 55965.77134894 12.350
 133 235.140970  64.482375   116.967   117.009  7 55975.68698586 11.823
 134 235.136756  64.483362   115.751   115.643  7 55985.60262178 12.743
 135 235.133799  64.483338   116.667   116.570  6 55995.51825666 12.965
 136 235.135955  64.483061   116.936   117.454  7 56005.43390871 12.127
 137 235.139672  64.482041   116.368   116.199  7 56015.34955690 12.265
 138 235.139602  64.481711   116.874   116.780  7 56025.26520183 12.078
 139 235.138547  64.483166   116.472   116.502  7 56035.18084494 12.126
 140 235.131644  64.484238   125.305   125.261  4 56045.09648546  5.208
 143 235.130701  64.483993   123.613   122.289  5 56074.84340276 24.635
 144 235.135072  64.484788    58.902    58.902  2 56084.75905275 48.437
 145 235.130977  64.484433    61.489    61.495  5 56094.67469948 34.237
 146 235.125650  64.483850   132.724   132.000  5 56104.59034394 19.203
 147 235.131752  64.484091   109.360   108.754  5 56114.50597499 22.522
 148 235.133603  64.482971   117.842   114.252  6 56124.42161335 13.805
 149 235.142273  64.482432   115.284   115.513  7 56134.33724840 20.433
 150 235.143185  64.481925   116.806   116.865  7 56144.25288851 15.472
 151 235.139070  64.482258   129.664   130.007  6 56154.16853846 14.821
 152 235.134006  64.482994   107.047   105.650  6 56164.08418717 17.473
 153 235.133443  64.483730   124.702   125.770  5 56173.99983419 17.444
 155 235.138507  64.482693   130.566   131.038  7 56193.83111459 12.790
 156 235.140532  64.482424   126.514   127.115  7 56203.74675004 16.606
 157 235.138062  64.482773   117.955   115.897  7 56213.66238349 25.026
 161 235.125622  64.484050   125.845   125.820  5 56253.32497193 18.327
 162 235.129942  64.484437   126.005   126.016  5 56263.24061537 18.339
 163 235.125764  64.483738   125.538   125.486  5 56273.15625608 15.490
 164 235.129721  64.484156   124.868   124.878  5 56283.07189957 14.750
 165 235.130330  64.483668   118.548   116.664  5 56292.98755133 13.295
 166 235.133700  64.482938   117.862   117.089  6 56302.90319889 13.391
 167 235.137698  64.482720   120.898   120.497  6 56312.81884237 12.390
 168 235.137318  64.482885   118.563   117.086  7 56322.73448329 12.902
 169 235.135973  64.483583   116.576   116.375  6 56332.65012355 12.738
 170 235.131125  64.483084   120.113   118.406  6 56342.56576292 11.894
 171 235.135670  64.483179   119.224   117.280  7 56352.48140089 11.171
 172 235.139487  64.482855   119.369   117.332  7 56362.39704230 10.904
 173 235.138599  64.482888   118.581   117.463  6 56372.31269140 11.361
 175 235.129869  64.484488   117.921   116.571  5 56392.14398169  9.177
 176 235.124213  64.484452   117.242   117.009  5 56402.05962400 10.144
 177 235.125157  64.484549   115.825   115.044  5 56411.97526413  8.779
 178 235.130043  64.484372    57.321    57.292  5 56421.89089961 29.478
 179 235.138173  64.485369   129.416   129.416  2 56431.80654082 18.403
 180 235.128763  64.484668   128.826   128.854  5 56441.72219260 16.396
 181 235.128859  64.485268    60.874    60.933  3 56451.63784280 37.678
 182 235.132374  64.485165   129.262   129.390  3 56461.55349086 13.056
 183 235.131137  64.483357   110.302   110.919  6 56471.46913506 22.177
 184 235.137998  64.482916   111.790   111.218  6 56481.38477655 23.866
 185 235.139781  64.482741   112.922   114.833  7 56491.30041380 18.983
 186 235.137081  64.482770   118.936   125.473  7 56501.21604819 21.113
 187 235.137870  64.483382   113.857   114.134  6 56511.13168149 23.718
 188 235.135357  64.483138   130.529   131.046  6 56521.04732617 18.407
 189 235.145561  64.484612    58.224    58.010  4 56530.96298042 21.400
 191 235.146557  64.484619    56.408    56.393  4 56550.79427498 28.775
 192 235.135038  64.484344    56.084    56.079  4 56560.70991669 41.697
 193 235.125154  64.484492    56.154    56.227  5 56570.62555748 41.417
 198 235.125486  64.484053   290.884   291.698  4 56620.20377670  1.530
 199 235.124961  64.484731   114.761   114.443  4 56630.11941919 20.384
 200 235.128641  64.484355   117.429   115.621  5 56640.03505853 17.122
 201 235.136709  64.483432   116.345   116.195  6 56649.95070537 15.546
 202 235.140978  64.482427   121.875   121.984  7 56659.86635662 13.666
 203 235.138954  64.482226   118.020   117.461  7 56669.78200365 13.891
 204 235.135182  64.483692   116.944   116.923  6 56679.69764834 13.148
 205 235.127333  64.484102   118.245   117.135  5 56689.61329090 13.639
 208 235.139958  64.482484   119.528   117.590  7 56719.36020818 12.007
 209 235.137399  64.483212   122.984   122.664  6 56729.27586030 12.335
 210 235.125278  64.483897   116.849   116.592  5 56739.19150765 12.146
 211 235.122447  64.485717   116.257   115.722  5 56749.10715206 12.042
 212 235.120125  64.485459   115.710   115.732  4 56759.02279164 12.163
 215 235.131473  64.484324   124.474   131.005  5 56788.76973042 24.537
 216 235.131681  64.485663   128.924   129.020  3 56798.68538279 18.958
 217 235.123567  64.485484   129.099   129.154  4 56808.60102831 19.486
 218 235.124379  64.484877   125.535   125.270  5 56818.51666893 22.412
 219 235.128600  64.483139   112.650   111.941  5 56828.43230614 25.145
 220 235.140103  64.482182   109.997   102.506  6 56838.34794088 22.581
 221 235.141907  64.481524    59.734    59.761  6 56848.26357207 33.484
 222 235.136995  64.482982   112.905   112.681  6 56858.17922572 19.883
 223 235.135895  64.485390    56.566    56.566  2 56868.09487933 33.036
 224 235.126888  64.484684   128.946   128.944  5 56878.01053009 19.047
 225 235.128717  64.484037   107.285   107.812  4 56887.92617860 22.695
 226 235.141107  64.484706    55.806    55.806  2 56897.84182546 43.073
 227 235.139721  64.484901    55.500    55.486  3 56907.75746838 43.234
 228 235.126004  64.484769   127.439   127.130  4 56917.67310807 21.162
 229 235.123180  64.486323   129.503   129.583  4 56927.58874687 19.910
 230 235.120476  64.485949   128.219   128.243  5 56937.50438163 13.608
 234 235.126283  64.483472   122.843   124.972  5 56977.16696000 17.220
 235 235.127073  64.484599   125.760   125.777  4 56987.08260003 15.132
 236 235.130737  64.484332   125.625   125.753  5 56996.99823432 14.169
 237 235.136252  64.483324   126.154   126.062  6 57006.91388070 12.810
 238 235.141178  64.482560   126.155   126.111  7 57016.82953511 12.758
 239 235.140808  64.482533   126.017   126.136  7 57026.74518539 12.189
 240 235.131758  64.483075   124.494   125.032  6 57036.66083299 12.084
 241 235.128568  64.484420   124.062   124.755  5 57046.57647858 10.982
 242 235.126446  64.484424   121.247   121.654  5 57056.49212064 11.282
 243 235.132171  64.483802   125.052   124.908  5 57066.40775806 10.724
 244 235.137809  64.483418   123.067   124.863  7 57076.32339108  9.882
 245 235.136431  64.482860   124.608   125.316  7 57086.23902048  9.021
 246 235.125866  64.483855   122.416   121.572  5 57096.15467783  9.084
 247 235.121828  64.485565   120.294   119.467  5 57106.07033381  8.888
 248 235.119112  64.485722   121.345   121.190  4 57115.98598515  8.239
 249 235.124932  64.485331   120.264   118.408  4 57125.90163095  5.894
 250 235.128107  64.484034   117.940   115.099  5 57135.81727110 19.436
 252 235.139263  64.484412   129.389   129.627  4 57155.64854109 19.754
 253 235.130723  64.483462    57.701    57.733  6 57165.56418103 48.054
 255 235.134972  64.483901    56.958    57.037  5 57185.39549083 51.501
 256 235.136843  64.482891   129.731   128.959  7 57195.31113972 13.102
 257 235.137931  64.482826   113.350   114.428  7 57205.22677496 23.199
 258 235.144896  64.485265    56.264    56.264  2 57215.14242113 45.308
 259 235.126973  64.483782    56.352    56.376  5 57225.05806333 36.575
 260 235.127239  64.484294   121.377   122.063  5 57234.97370542 18.730
 261 235.131493  64.484229    56.676    56.746  4 57244.88934447 37.727
 263 235.130196  64.483257   123.040   122.560  5 57264.72061512 18.985
 265 235.123156  64.485098   130.069   128.968  4 57284.55191258 12.528
 267 235.128833  64.485263    55.544    55.568  4 57304.38321818 48.342
 268 235.126993  64.483924   120.231   120.556  5 57314.29886480 18.369
 269 235.137449  64.485426    55.130    55.130  2 57324.21450957 50.788
 270 235.123800  64.483331   190.035   190.771  3 57334.13014997  0.135
 271 235.128985  64.484116   115.525   115.727  5 57344.04579039 19.509
 272 235.128526  64.483870   124.003   125.454  5 57353.96144399 14.968
 273 235.132751  64.483573   126.042   126.063  5 57363.87708835 14.157
 274 235.137074  64.483240   125.894   126.061  7 57373.79272930 14.815
 275 235.136893  64.483227   125.888   125.910  7 57383.70836802 13.387
 276 235.136326  64.483630   124.414   125.139  6 57393.62400630 12.911
 277 235.133648  64.483636   125.506   125.538  5 57403.53964342 12.490
 278 235.140999  64.485056    58.377    58.377  2 57413.45528950 22.301
 279 235.129649  64.483559   125.666   126.096  5 57423.37093988 12.749
 280 235.127870  64.484028   125.832   126.006  5 57433.28658847 12.598
 281 235.125556  64.484920   126.063   126.233  5 57443.20223527 12.250
 282 235.123135  64.485530   126.073   126.102  5 57453.11788138 11.806
 283 235.122212  64.485505   125.723   125.919  5 57463.03352590 11.620
 284 235.127489  64.484976   126.201   126.240  5 57472.94916734 10.799
 285 235.128786  64.483554   122.421   126.010  5 57482.86480455 11.181
 286 235.134309  64.483337   124.062   125.691  5 57492.78043920 11.024
 287 235.133292  64.483009   128.060   127.898  6 57502.69607117  7.068
 289 235.134685  64.484054    57.444    57.445  5 57522.52737756 50.202
 291 235.138145  64.483143   129.332   129.157  6 57542.35867980 23.982
 292 235.138086  64.483271   129.207   129.050  6 57552.27432638 19.744
 293 235.131766  64.483251   117.435   129.883  5 57562.18997095 16.776
 294 235.131445  64.484276   108.134   108.093  5 57572.10561574 22.905
 295 235.127569  64.483880   113.105   112.747  5 57582.02126001 23.171
 297 235.128004  64.483346   128.874   128.775  5 57601.85254304 14.064
