# NaN NaN NaN ;Mean Elev.(m), Avg Gradient(m/km), RMS Gradient(m/km) - SRTM1     
#   84.492  -4.097  12.171 ;Mean Elev.(m), Avg Gradient(m/km), RMS Gradient(m/km) - ASTER GDEM
#   90.664  -3.548  11.916 ;Mean Elev.(m), Avg Gradient(m/km), RMS Gradient(m/km) - GMTED2010 
   1 235.938114  63.879163   194.498   194.539  7 54668.93461349  5.952
   2 235.932167  63.880952   193.573   193.715  9 54678.85025700  4.974
   4 235.881050  63.894330   281.762   281.736 12 54698.68153524  1.810
   5 235.864616  63.896914   309.386   309.304  5 54708.59717683  0.418
  10 235.945724  63.875730   195.280   195.235  6 54758.17542832 11.087
  11 235.941619  63.876908   194.344   194.241  6 54768.09107256 11.021
  12 235.947936  63.874660   195.409   195.509  6 54778.00671471  5.589
  13 235.949575  63.873016   197.711   195.683  6 54787.92235400  5.319
  14 235.951211  63.872581   163.592   163.037  5 54797.83799221  5.404
  15 235.947050  63.875336   193.522   193.695  6 54807.75362957  4.926
  16 235.934787  63.880234   167.068   165.005  8 54817.66926545  5.473
  17 235.909876  63.885946   167.069   167.115 17 54827.58491283  6.139
  18 235.935548  63.880093   164.907   164.695  8 54837.50055477  6.019
  19 235.938203  63.878851   162.955   163.341  8 54847.41620452  6.116
  20 235.939102  63.878716   206.118   206.416  8 54857.33185338  3.640
  21 235.934780  63.880395   205.515   205.585  9 54867.24750164  3.462
  22 235.933515  63.880727   204.959   205.155  9 54877.16314964  3.675
  23 235.938330  63.878847   207.588   207.545  7 54887.07879538  2.445
  24 235.947381  63.874963   215.243   214.564  6 54896.99443830  1.925
  25 235.950569  63.872709   217.942   216.904  5 54906.91007795  1.619
  26 235.951088  63.872613   222.986   222.924  6 54916.82571603  1.503
  27 235.947622  63.874453   221.782   221.738  5 54926.74135346  0.884
  29 235.942212  63.877169   223.214   223.267  7 54946.57262545  1.594
  30 235.941744  63.876959   195.190   195.322  6 54956.48825860 17.084
  35 235.920743  63.882539   287.956   287.956  2 55006.06649388  0.485
  36 235.934184  63.880021   299.336   299.248  6 55015.98213921  1.498
  38 235.876634  63.892250   280.024   280.592  4 55035.81341747  0.656
  39 235.907780  63.886876   194.913   195.164 18 55045.72906207  6.649
  40 235.906815  63.887041   195.210   195.224 17 55055.64470148  6.584
  41 235.935276  63.880075   194.732   194.258  9 55065.56034190  5.639
  42 235.944382  63.876162   195.429   195.411  6 55075.47599154  5.777
  43 235.947780  63.874209   196.250   196.297  6 55085.39163987  5.415
  44 235.948062  63.874279   196.656   196.582  6 55095.30728605  3.483
  45 235.948134  63.874748   196.029   195.876  5 55105.22293196  6.448
  46 235.946123  63.875146   195.096   195.166  5 55115.13857742  9.496
  47 235.948393  63.874012   195.122   195.266  5 55125.05422099  9.951
  48 235.950446  63.873021   195.189   195.702  5 55134.96986189 10.947
  49 235.948697  63.873361   172.032   167.709  5 55144.88550023  2.789
  50 235.947182  63.874801   158.181   161.133  5 55154.80113789  5.306
  51 235.942325  63.877181   162.798   162.792  6 55164.71677548  3.923
  52 235.933863  63.880350   165.112   165.053  8 55174.63241248  3.099
  53 235.912568  63.885160   163.050   162.460 15 55184.54804983  5.080
  54 235.932122  63.880935   165.052   165.226  9 55194.46370320  3.654
  55 235.934498  63.880409   164.082   164.449  9 55204.37935334  4.288
  56 235.910963  63.885630   164.414   165.767 17 55214.29499991  4.920
  57 235.910244  63.885780   163.227   164.778 17 55224.21064849  4.785
  58 235.939098  63.878665   163.758   164.005  7 55234.12629867  3.538
  59 235.948378  63.874567   159.781   159.847  6 55244.04194358  3.951
  60 235.951382  63.872097   210.367   210.125  5 55253.95758475  0.636
  62 235.947166  63.874655   172.357   177.958  5 55273.78886084  3.483
  63 235.943185  63.876934   212.665   212.490  6 55283.70449775  0.277
  66 235.949211  63.872862   308.788   308.787  5 55313.45141934  3.026
  70 235.937023  63.879097   195.472   195.684  7 55353.11399472  7.221
  71 235.941472  63.878027   194.985   194.557  7 55363.02963664  6.317
  72 235.938599  63.878832   197.427   197.583  7 55372.94527588  4.684
  73 235.879901  63.891625   283.782   283.849  6 55382.86090768  1.406
  74 235.867367  63.895510   281.982   281.982  2 55392.77654375  0.188
  75 235.883582  63.893053   293.630   293.593 11 55402.69218147  2.187
  76 235.912124  63.885314   196.115   196.125 17 55412.60783646  3.734
  77 235.944847  63.875766   195.840   195.765  6 55422.52348960  4.797
  78 235.950402  63.872418    99.127   106.469  6 55432.43913700 16.367
  79 235.950903  63.872498   197.133   197.074  5 55442.35478162  6.483
  80 235.947025  63.874869    81.056    81.024  6 55452.27042410 41.516
  81 235.941130  63.877617   196.317   196.181  6 55462.18606556  5.787
  83 235.948171  63.874275   195.910   196.118  5 55482.01734474  8.070
  84 235.951378  63.872459   195.834   195.805  6 55491.93298067  7.783
  85 235.948274  63.874306   194.953   195.071  6 55501.84861399  9.428
  86 235.939910  63.878113   194.331   194.865  7 55511.76425757  5.851
  87 235.919592  63.883722   165.965   167.204 14 55521.67990490  6.385
  88 235.912581  63.885238   169.167   169.014 16 55531.59555258  4.558
  89 235.936647  63.879407   195.795   194.250  8 55541.51120208  5.752
  90 235.942209  63.877546   196.527   194.873  7 55551.42684742  5.562
  91 235.938003  63.878893   200.115   201.576  7 55561.34249007  5.724
  92 235.908568  63.886143   198.253   197.176 17 55571.25812911  2.642
  93 235.906757  63.887033   192.251   192.171 18 55581.17377008  3.183
  94 235.935140  63.879950   203.174   205.420  8 55591.08941144  2.576
  95 235.946086  63.875372   207.422   207.594  5 55601.00504781  5.051
  96 235.949804  63.873275   207.542   207.641  6 55610.92068115  3.740
  97 235.945786  63.875313   207.799   207.865  5 55620.83631242  2.974
  98 235.941421  63.877823   207.678   207.783  7 55630.75196455  3.095
  99 235.935195  63.880072   207.145   206.895  9 55640.66761474  2.379
 100 235.938679  63.878313   223.590   223.566  7 55650.58326355  2.115
 101 235.950277  63.873402   229.777   229.765  5 55660.49890978  1.357
 102 235.951140  63.871738   233.748   233.674  6 55670.41455129  1.449
 104 235.940608  63.877988    80.355    80.333  7 55690.24582665 39.146
 105 235.905524  63.887493   288.390   288.331 18 55700.16145852 12.186
 106 235.897336  63.889702   281.865   282.293 15 55710.07709677  4.075
 107 235.874113  63.892764   276.790   275.936  4 55719.99274456  1.769
 108 235.938381  63.879094   195.189   195.203  7 55729.90839956  9.036
 109 235.937080  63.879430   195.248   195.008  7 55739.82404607  8.352
 110 235.930806  63.881314   143.323   143.125 10 55749.73969079 24.269
 111 235.930426  63.881471   194.339   194.332  9 55759.65533384  4.222
 112 235.939828  63.878543   195.303   195.449  7 55769.57097521  9.313
 113 235.948120  63.874883   195.771   195.626  6 55779.48661324  7.305
 117 235.937063  63.879698   194.373   194.254  8 55819.14917446  9.815
 118 235.927408  63.881334   279.421   280.167  5 55829.06481793  1.066
 120 235.947418  63.874241   194.960   194.996  5 55848.89609753 14.515
 121 235.945780  63.875632   195.096   195.478  6 55858.81173233  9.945
 122 235.938379  63.879199   194.101   193.993  8 55868.72737944 10.020
 123 235.907445  63.887157   169.908   169.442 18 55878.64302752  5.934
 124 235.905667  63.887970   168.860   169.138 17 55888.55867228  7.407
 125 235.907646  63.886883   162.772   167.346 18 55898.47431175  8.774
 126 235.910214  63.885952   163.571   167.339 17 55908.38994626  7.473
 127 235.921177  63.883374   155.282   158.269 13 55918.30559613 10.375
 128 235.925190  63.882423   165.425   165.265 11 55928.22124956  5.799
 129 235.936971  63.879588   165.362   164.186  8 55938.13690035  5.773
 130 235.942633  63.876754   166.594   165.327  6 55948.05254567  8.033
 131 235.948817  63.873809   159.718   159.850  5 55957.96818653  5.607
 132 235.950838  63.872864   161.575   159.138  5 55967.88382445  5.638
 133 235.947565  63.874653   162.487   160.555  6 55977.79946083  5.297
 134 235.941266  63.877698   164.629   162.553  7 55987.71509621  5.361
 135 235.934223  63.880069   206.942   206.706  8 55997.63073494  2.253
 136 235.940797  63.877730   216.797   216.554  6 56007.54638714  2.305
 137 235.946024  63.875108   214.264   214.407  5 56017.46203503  0.820
 138 235.949579  63.873725   224.944   224.951  6 56027.37767970  3.262
 139 235.946883  63.875070    80.222    80.388  6 56037.29332185 21.456
 140 235.937100  63.878997    89.395    90.583  7 56047.20896115 23.949
 141 235.880884  63.891939   274.945   276.790  8 56057.12459262  2.315
 142 235.902702  63.888800   288.440   287.865 17 56067.04022831  5.290
 143 235.893201  63.889795   282.760   282.989 13 56076.95587597  3.231
 144 235.873322  63.892771   278.842   280.226  3 56086.87152284  2.310
 146 235.933667  63.880224   194.328   194.430  8 56106.70282039  6.422
 147 235.940768  63.878031   194.810   194.889  7 56116.61845122  6.411
 149 235.944234  63.875978   195.078   195.195  6 56136.44972353  5.831
 150 235.945845  63.875488   195.238   195.185  6 56146.36536743  4.519
 151 235.952901  63.874426    80.548    80.547  4 56156.28101761 54.354
 152 235.943373  63.876896   194.959   194.945  6 56166.19666502  6.918
 153 235.943093  63.876951   195.158   194.908  7 56176.11231115 12.622
 154 235.936969  63.877793   294.246   294.251  4 56186.02795171  1.187
 156 235.943693  63.876557    80.057    80.009  7 56205.85922441 40.688
 157 235.933347  63.880449    79.368    79.362  8 56215.77485622 53.113
 158 235.905003  63.888006   173.393   174.871 18 56225.69049234  4.080
 159 235.904719  63.888156   158.123   157.784 18 56235.60614772 10.965
 160 235.907104  63.886913   169.043   168.336 18 56245.52179957  6.089
 161 235.923667  63.882819   167.098   166.368 11 56255.43744785  6.892
 162 235.921917  63.883219   164.807   166.054 13 56265.35309008  6.798
 163 235.908372  63.886249   166.908   167.513 18 56275.26872925  6.545
 164 235.934410  63.880535   164.607   165.061  9 56285.18437761  6.193
 165 235.944401  63.876623   165.570   162.579  6 56295.10002942  5.188
 166 235.949176  63.873478   159.321   159.356  6 56305.01567651  5.158
 167 235.950811  63.872455   162.306   159.088  6 56314.93131955  4.280
 168 235.948527  63.874139   206.727   206.736  5 56324.84696011  3.985
 169 235.942422  63.877217   205.117   206.386  6 56334.76259946  2.864
 170 235.937077  63.879027   192.966   192.779  7 56344.67823813  3.018
 171 235.942572  63.877502   206.544   206.723  7 56354.59387575  1.979
 172 235.945570  63.875535   207.597   207.090  6 56364.50952091  1.383
 173 235.948262  63.874422   206.567   206.424  5 56374.42517021  1.380
 175 235.938358  63.879201   218.286   219.705  8 56394.25645873  0.853
 176 235.899069  63.888108   203.469   202.498 10 56404.17209633  0.972
 178 235.906411  63.886905   194.437   192.806 17 56424.00337016  7.332
 179 235.916617  63.884374   292.927   293.868 15 56433.91901646  5.684
 180 235.917355  63.883668   289.732   289.923  3 56443.83466884  0.850
 181 235.930344  63.881347   194.908   194.870  9 56453.75031997  8.884
 182 235.936421  63.879457   197.018   196.258  7 56463.66596772  6.552
 183 235.947136  63.875623   194.848   194.785  6 56473.58161264  6.494
 184 235.948436  63.873506   195.363   195.358  5 56483.49725315  8.566
 185 235.949617  63.873056   127.676   127.756  6 56493.41289008 29.614
 186 235.946748  63.875568   195.247   195.418  6 56503.32852402  4.523
 187 235.913647  63.885005    80.979    81.035 15 56513.24415295 53.443
 188 235.916253  63.884947   196.613   195.643 14 56523.15980232  2.155
 191 235.948595  63.874231   196.139   196.141  5 56552.90675116  4.336
 193 235.907783  63.886655   197.041   197.055 17 56572.73803063  6.806
 194 235.902376  63.889419   194.496   194.140 18 56582.65366939  5.975
 195 235.918939  63.886133   194.910   193.513 13 56592.56930625  6.481
 196 235.913618  63.885035   191.720   192.209 16 56602.48495689  9.524
 197 235.936861  63.879008   157.292   157.761  7 56612.40060889  8.949
 198 235.937051  63.879521   164.279   164.385  8 56622.31625380  6.841
 199 235.907588  63.886267   167.361   166.790 17 56632.23189252  7.211
 200 235.906825  63.886659   166.843   167.040 17 56642.14753008  6.726
 201 235.941102  63.877610   160.698   162.449  6 56652.06318328 10.096
 202 235.948752  63.873428   162.553   159.351  6 56661.97883406  6.118
 203 235.951544  63.871909   157.635   157.736  5 56671.89448124  6.294
 204 235.949081  63.874189   210.373   210.379  6 56681.81012593  6.582
 205 235.940542  63.878179   206.964   207.166  7 56691.72576794  2.409
 206 235.928359  63.881880   184.596   185.057 11 56701.64140582  5.407
 207 235.935845  63.879614   182.822   182.938  8 56711.55704111  5.756
 208 235.946964  63.875555   163.264   161.871  6 56721.47268736  5.838
 210 235.942430  63.877201   206.209   206.401  6 56741.30398631  2.302
 211 235.906522  63.886875   196.537   196.241 17 56751.21962575  3.493
 212 235.902598  63.889336   192.430   192.412 18 56761.13526366  3.894
 213 235.900262  63.889766   118.550   119.409 18 56771.05089524 11.082
 214 235.933718  63.880574   297.367   297.312  8 56780.96655332  5.218
 215 235.930064  63.879345   296.733   296.733  2 56790.88220796  0.395
 216 235.942876  63.876462   195.222   195.304  6 56800.79786119 13.186
 218 235.936675  63.879123   195.420   195.275  7 56820.62914550  8.645
 219 235.942469  63.877010   195.953   196.403  6 56830.54478237 10.914
 221 235.949105  63.874128   196.254   196.261  5 56850.37605129  4.798
 222 235.945602  63.875543   195.856   195.615  6 56860.29170525  4.996
 223 235.929676  63.880466   221.223   232.268  3 56870.20735697  4.488
 224 235.932896  63.880513   193.508   193.045  8 56880.12300821  6.066
 225 235.941891  63.877623   195.351   195.394  7 56890.03865664  6.173
 226 235.948248  63.874490   195.092   194.620  5 56899.95430207  7.307
 227 235.949669  63.873986   195.338   195.136  5 56909.86994471  6.413
 228 235.940888  63.877616   195.228   195.097  6 56919.78558441  5.236
 229 235.906334  63.887275   195.258   193.997 18 56929.70121914  4.329
 230 235.901491  63.889937   191.103   191.221 18 56939.61685254  6.682
 231 235.905763  63.888775   198.426   198.442 16 56949.53248974  2.645
 232 235.929492  63.881567   193.241   194.142  9 56959.44814496 10.144
 233 235.940401  63.877830   192.390   192.540  7 56969.36379356  7.933
 234 235.942077  63.877623   168.561   170.348  7 56979.27943705  7.817
 235 235.933468  63.880384   167.182   165.424  8 56989.19507488  4.808
 236 235.910877  63.885631   168.193   168.167 17 56999.11070495  4.903
 237 235.940624  63.878267   167.362   163.720  7 57009.02635985  5.285
 238 235.949171  63.874474   162.163   160.284  5 57018.94201359  5.469
 239 235.948150  63.873807   204.541   206.416  6 57028.85766314  2.881
 240 235.948914  63.874498   162.551   160.863  5 57038.77331111  5.115
 241 235.941652  63.877560   206.449   206.492  6 57048.68895578  2.411
 242 235.934372  63.880205   180.039   182.842  8 57058.60459659  4.162
 243 235.934562  63.880226   171.274   171.045  8 57068.52023263  4.061
 244 235.936822  63.879638   185.995   185.872  8 57078.43586458  4.117
 245 235.925612  63.882373   196.371   199.316 11 57088.35149806  1.130
 246 235.903302  63.887202   199.617   198.793 15 57098.26715401  1.133
 247 235.894968  63.889790   199.240   197.232 14 57108.18280846  0.763
 248 235.884337  63.892100   204.747   201.932 10 57118.09845761  0.382
 250 235.936151  63.879674   194.164   194.223  7 57137.92974639  9.625
 251 235.936653  63.879364   195.520   195.638  7 57147.84538139 15.215
 252 235.927094  63.882052   295.371   297.786 10 57157.76101270  3.773
 253 235.931338  63.881237   194.982   194.773 10 57167.67665984 10.607
 254 235.938696  63.878688   195.272   195.590  7 57177.59231711  9.804
 255 235.944259  63.876097   196.290   196.590  6 57187.50797015 10.300
 256 235.947582  63.874534   196.086   196.242  6 57197.42361873  7.040
 257 235.947930  63.874566   195.812   196.242  5 57207.33925320  7.925
 258 235.946846  63.875789   194.946   195.192  6 57217.25489767  7.356
 259 235.941591  63.877856   195.261   195.386  7 57227.17054061  4.491
 260 235.922711  63.882172   289.873   289.873  2 57237.08618002  0.927
 261 235.935768  63.879826   194.042   193.477  7 57247.00181950  7.661
 262 235.932426  63.880910   194.515   194.380  8 57256.91745464  5.739
 263 235.875764  63.893394   274.751   274.626  6 57266.83308276  0.428
 264 235.888216  63.892007   280.074   280.124 13 57276.74872974  2.448
 265 235.895356  63.890589   278.264   278.351 16 57286.66438726  3.003
 266 235.893625  63.889794   282.836   284.170 13 57296.58004103  4.752
 267 235.934751  63.880195   194.488   194.640  8 57306.49569582  5.399
 268 235.939911  63.878045   195.418   195.310  7 57316.41134283  7.589
 269 235.942640  63.877194   195.519   195.497  7 57326.32698621  7.015
 270 235.938759  63.878381   195.213   195.274  7 57336.24262671  7.741
 271 235.941021  63.877560   198.836   195.585  6 57346.15827390  4.837
 272 235.946803  63.875276   159.481   160.899  6 57356.07392182  5.823
 273 235.948280  63.874094   158.402   159.342  6 57365.98956555  6.295
 274 235.948218  63.874213   159.867   160.619  6 57375.90520576  6.393
 275 235.943311  63.876617   163.231   162.411  6 57385.82084352  6.277
 276 235.937212  63.879429   165.644   164.444  8 57395.73648064  6.416
 277 235.909903  63.885960   164.618   163.619 17 57405.65211450  6.948
 278 235.932557  63.880846   160.834   161.786  9 57415.56776627  6.723
 279 235.938063  63.878917   160.804   158.295  7 57425.48341830  6.742
 280 235.938277  63.878886   204.461   206.083  8 57435.39906667  2.840
 281 235.912351  63.885243   198.031   199.236 15 57445.31471032  3.049
 282 235.906631  63.887609   173.055   173.992 17 57455.23035536  3.676
 283 235.904836  63.888166   186.592   186.314 18 57465.14599893  1.984
 284 235.906895  63.886657   223.341   223.382 17 57475.06163924  2.715
 285 235.937421  63.879374   220.069   220.002  7 57484.97727921  0.834
 286 235.936592  63.879408   227.861   227.731  8 57494.89291299  2.112
 287 235.919324  63.884463   106.768   108.101 14 57504.80854307 14.355
 288 235.909650  63.886304   292.975   292.649 17 57514.72419840  5.743
 289 235.934545  63.880226   195.225   195.242  9 57524.63985552 13.512
 291 235.949871  63.873207   196.630   196.871  5 57544.47115853 11.746
 292 235.950078  63.873390   195.626   195.571  5 57554.38680512  8.975
 293 235.944976  63.876257   195.857   195.714  6 57564.30244941  5.443
 294 235.935521  63.879758   127.602   127.532  8 57574.21809263 28.901
 295 235.937279  63.879599   196.819   195.423  8 57584.13373678  3.867
 296 235.939676  63.878437   194.674   194.930  7 57594.04937909  5.900
 297 235.941169  63.877854   209.940   207.563  7 57603.96501915  5.299
