# NaN NaN NaN ;Mean Elev.(m), Avg Gradient(m/km), RMS Gradient(m/km) - SRTM1     
#   45.603   0.393   4.977 ;Mean Elev.(m), Avg Gradient(m/km), RMS Gradient(m/km) - ASTER GDEM
#   60.991 -10.615  15.907 ;Mean Elev.(m), Avg Gradient(m/km), RMS Gradient(m/km) - GMTED2010 
   3 235.081776  64.540542    -0.636    -0.510  3 54681.81675234  2.269
   5 235.084526  64.541389     2.088     1.965  3 54701.64803528  4.175
   7 235.081002  64.538417     5.014     5.085  4 54721.47933380 16.379
   8 235.081095  64.536659   188.819   189.340  4 54731.39498247  3.169
   9 235.079643  64.536610   188.863   189.446  4 54741.31062919  1.894
  10 235.080745  64.536767   188.244   189.115  4 54751.22627604  1.918
  14 235.078229  64.535925   180.170   179.720  4 54790.88884610  5.937
  15 235.081948  64.536305   184.490   184.702  4 54800.80448382  5.163
  16 235.081211  64.537826   178.780   178.457  3 54810.72012113  5.215
  17 235.081641  64.539053   184.030   184.273  4 54820.63576107  3.848
  18 235.081597  64.538893   179.986   180.976  3 54830.55141337  3.371
  19 235.082859  64.538454   180.308   180.307  4 54840.46705231  2.596
  21 235.082447  64.539673   190.661   190.404  3 54860.29834972  0.677
  22 235.081179  64.540433   205.523   205.332  3 54870.21399817  0.220
  24 235.082756  64.537156   119.673   118.241  4 54890.04529010  8.104
  25 235.077351  64.535904   117.856   117.273  4 54899.96093082  8.596
  27 235.076336  64.537144   163.467   163.467  2 54919.79220743  1.558
  30 235.078223  64.537010    54.688    54.609  4 54949.53911636 26.189
  31 235.080024  64.535897   201.750   202.377  4 54959.45475489  3.030
  34 235.081904  64.538235   110.385   109.393  4 54989.20169805 28.278
  35 235.080569  64.538442   194.021   192.833  4 54999.11734519  2.751
  37 235.080845  64.538299   192.981   192.212  4 55018.94863444  3.214
  38 235.081170  64.539296   193.607   192.216  3 55028.86427682  1.741
  39 235.083794  64.540196   177.830   177.565  3 55038.77991889  3.234
  40 235.082866  64.541196   130.802   130.646  3 55048.69555942 20.687
  42 235.080336  64.538431   176.750   176.078  3 55068.52683692  5.799
  43 235.087951  64.534667   202.088   202.088  2 55078.44248786  0.795
  44 235.079139  64.535514   184.295   181.958  5 55088.35813466  0.943
  45 235.080267  64.536531   135.333   132.791  4 55098.27378082  5.152
  46 235.080125  64.537946   187.968   185.377  4 55108.18942634  1.535
  47 235.078381  64.537926   116.921   117.297  4 55118.10507089 18.548
  48 235.078055  64.536104   180.314   180.422  4 55128.02071337  6.974
  49 235.079113  64.534334   180.098   180.243  5 55137.93635383  8.366
  51 235.086359  64.536213    55.207    55.207  2 55157.76763103 30.572
  52 235.080378  64.539496   179.198   178.984  4 55167.68326817  4.013
  54 235.081059  64.539339   116.497   116.412  3 55187.51454972 10.941
  55 235.083108  64.538111   116.204   115.937  4 55197.43020090  9.924
  56 235.081743  64.538823   116.330   116.177  3 55207.34585049  9.530
  57 235.083275  64.539961   115.914   115.708  3 55217.26149972  9.207
  58 235.083364  64.540224   116.283   115.799  3 55227.17714821  8.558
  59 235.081691  64.538826   116.679   117.047  4 55237.09279394  8.229
  60 235.080659  64.536143   186.728   187.153  4 55247.00843638  1.672
  61 235.079347  64.534209   205.801   205.863  4 55256.92407622  1.304
  63 235.081880  64.536370   193.112   193.139  4 55276.75535342  0.496
  64 235.087451  64.537289   173.814   173.814  2 55286.67099108  0.539
  66 235.077848  64.536789   186.407   186.601  4 55306.50226589  1.056
  67 235.076683  64.535051   198.114   197.213  4 55316.41791275  2.446
  69 235.081095  64.536959   192.557   192.381  4 55336.24920281  1.828
  70 235.081107  64.539055    55.722    56.122  3 55346.16484653 49.961
  71 235.078458  64.539995   180.382   180.390  3 55356.08048884  1.496
  72 235.080672  64.539154   180.338   180.338  2 55365.99612974  0.666
  74 235.081215  64.539421   165.732   162.918  4 55385.82740714  8.640
  75 235.078566  64.541109   206.359   206.359  2 55395.74304411  0.151
  76 235.081215  64.541403   174.439   175.205  3 55405.65868492  6.597
  78 235.080992  64.536906   184.666   184.006  4 55425.48998485  3.155
  79 235.076518  64.535363   196.903   196.541  4 55435.40563006  0.900
  80 235.079263  64.534777   186.661   181.113  3 55445.32127443  1.811
  81 235.077216  64.536711   188.259   186.970  4 55455.23691727  0.790
  83 235.080442  64.538205   192.164   190.602  3 55475.06819946  1.284
  84 235.079696  64.536808   183.581   185.000  4 55484.98383605  4.404
  85 235.080945  64.535059   111.338   111.399  4 55494.89947077 23.328
  86 235.077044  64.536488   180.686   180.732  4 55504.81510390  6.508
  87 235.080095  64.537877   179.759   179.500  4 55514.73075422  6.447
  88 235.083316  64.539419   114.149   113.611  4 55524.64640407 16.056
  89 235.081490  64.540227   116.048   115.866  3 55534.56205166 14.358
  90 235.081668  64.539291   181.490   180.240  4 55544.47769760  4.332
  91 235.080405  64.538702   178.797   178.616  3 55554.39334146  5.113
  92 235.081455  64.538800   178.353   177.919  3 55564.30898442  5.093
  93 235.081638  64.539583   178.389   178.051  3 55574.22462663  4.442
  94 235.080820  64.539630   183.071   183.050  4 55584.14026731  3.176
  95 235.080245  64.538544   192.710   192.310  4 55594.05590470  1.463
  97 235.082109  64.536112   192.444   192.197  4 55613.88717110  1.142
  98 235.086537  64.535989   203.424   203.424  2 55623.80280925  0.226
 105 235.081717  64.537866   193.354   193.239  4 55693.21231904  0.627
 106 235.081017  64.540122   194.768   194.689  4 55703.12795455  4.968
 107 235.083026  64.540512   191.625   190.741  3 55713.04359887  0.555
 108 235.081761  64.540072   186.936   186.369  3 55722.95924807  0.978
 109 235.081050  64.539582   129.677   131.045  3 55732.87489538 24.246
 110 235.082883  64.539115   130.532   130.986  3 55742.79054168  6.508
 111 235.082825  64.539010   108.060   107.082  4 55752.70618647 27.055
 112 235.081487  64.538594   180.141   180.545  3 55762.62182888  5.031
 114 235.080271  64.536380   194.115   195.383  4 55782.45310480  1.394
 115 235.080644  64.536409   186.826   186.796  4 55792.36873837  1.432
 116 235.082471  64.537298   130.186   130.713  4 55802.28437225 22.450
 117 235.082977  64.537827   181.182   180.693  4 55812.20002220  1.992
 119 235.082361  64.537239   191.217   191.787  4 55832.03131401  1.311
 120 235.078185  64.537162   190.732   190.782  4 55841.94695268  1.691
 121 235.077686  64.537366   186.658   181.669  3 55851.86258863  1.751
 122 235.081961  64.538272   178.196   177.793  4 55861.77822291  6.521
 123 235.083180  64.538971   179.301   179.585  4 55871.69387713  5.840
 124 235.083221  64.539696   115.427   115.371  3 55881.60952708 16.878
 125 235.081732  64.540058   177.629   176.979  3 55891.52517032  6.056
 126 235.082198  64.540093   116.001   115.884  4 55901.44080796 13.879
 127 235.081191  64.540851   115.751   115.514  3 55911.35644133 13.446
 128 235.081626  64.540431   115.657   115.308  4 55921.27209593 13.546
 129 235.081682  64.539609   115.505   115.640  3 55931.18774790 12.688
 130 235.080543  64.538062   116.022   116.200  3 55941.10339582 11.697
 131 235.077186  64.536549   113.033   112.947  4 55951.01903902 13.049
 132 235.080907  64.535156   206.049   205.904  4 55960.93467904  0.593
 133 235.080147  64.536149   193.579   192.863  4 55970.85031626  0.636
 134 235.080486  64.537921   204.056   204.250  3 55980.76595240  0.861
 135 235.080505  64.538892   203.399   203.434  4 55990.68158749  0.574
 137 235.085451  64.535662   201.801   201.801  2 56010.51288376  0.375
 139 235.076954  64.537048   209.169   209.169  2 56030.34417301  0.281
 142 235.082442  64.540207   187.463   187.546  4 56060.09109102  4.114
 143 235.081787  64.540259   205.583   205.580  3 56070.00672698  3.384
 144 235.083024  64.539317   196.885   198.034  3 56079.92237808  0.727
 145 235.082519  64.539364   203.120   203.347  3 56089.83802627  0.305
 146 235.075296  64.541111   200.431   200.431  2 56099.75367128  0.861
 147 235.080832  64.539820   192.086   192.086  2 56109.66930366  0.426
 148 235.080478  64.538234   132.923   133.487  3 56119.58494408 13.869
 150 235.079706  64.535944    55.167    55.193  4 56139.41621425 49.971
 152 235.082772  64.537994   107.926   106.424  4 56159.24751279 25.652
 153 235.083034  64.538632   108.792   108.094  4 56169.16316045 24.102
 154 235.081981  64.537578    54.728    54.730  4 56179.07880484 26.695
 155 235.080684  64.536125   193.856   193.600  4 56188.99444495  1.629
 156 235.080123  64.535836   189.935   189.775  4 56198.91008186  1.260
 157 235.079991  64.537837   184.819   182.126  4 56208.82571593  1.888
 158 235.080577  64.540691   181.519   180.887  3 56218.74134833  1.513
 159 235.084053  64.541511   188.479   188.048  4 56228.65699502  3.253
 160 235.082372  64.540911   179.710   179.719  4 56238.57264891  4.372
 161 235.083099  64.539323   180.602   179.828  3 56248.48829921  6.066
 162 235.079886  64.538997   179.521   179.365  4 56258.40394410  5.917
 163 235.082477  64.539261   179.305   179.651  4 56268.31958637  5.212
 164 235.082325  64.540086   185.197   187.377  3 56278.23522661  4.726
 165 235.083609  64.539481   179.991   179.591  4 56288.15087582  2.826
 166 235.079599  64.537885   180.147   179.790  4 56298.06652446  2.918
 167 235.079346  64.535412   180.154   179.623  4 56307.98216960  3.151
 168 235.076879  64.534793   186.415   188.804  4 56317.89781180  2.488
 169 235.079012  64.536044   116.344   116.553  4 56327.81345300 11.099
 170 235.083104  64.537852   192.704   192.668  4 56337.72909338  2.118
 171 235.081310  64.539543   192.969   188.261  3 56347.64473145  1.445
 172 235.083530  64.538399   202.731   202.731  2 56357.56036741  0.522
 173 235.077532  64.536894   115.752   116.014  4 56367.47601610  9.221
 176 235.083239  64.539243   115.395   115.070  4 56397.22295377  7.804
 179 235.083026  64.540002   188.109   188.103  4 56426.96986482  4.939
 180 235.081536  64.538707   203.211   203.538  3 56436.88551642  2.013
 181 235.078466  64.538964   193.665   193.665  2 56446.80116775  0.267
 182 235.083335  64.538968   180.940   180.465  4 56456.71681757  2.070
 183 235.081395  64.539065   127.898   128.024  3 56466.63246360 25.894
 184 235.076438  64.538313   196.771   196.771  2 56476.54810544  0.498
 185 235.078281  64.536014   191.029   191.200  4 56486.46374439  2.115
 187 235.080267  64.536929   122.656   123.950  3 56506.29501465 20.685
 188 235.082959  64.539347    55.752    55.692  3 56516.21064877 47.655
 189 235.082385  64.539954   180.763   180.939  4 56526.12630317  1.542
 190 235.081750  64.538855   188.611   188.953  4 56536.04195360  1.333
 192 235.077350  64.536785   191.991   192.229  4 56555.87324396  0.850
 193 235.080616  64.537749   189.784   189.600  4 56565.78888695  0.808
 194 235.076319  64.541097   191.904   191.904  2 56575.70452774  0.237
 195 235.084863  64.541617    53.664    53.687  3 56585.62016678 48.629
 196 235.084960  64.541605   191.372   188.413  3 56595.53580422  1.880
 197 235.083320  64.539773   112.676   112.955  3 56605.45145679 23.701
 198 235.081856  64.538471   179.190   179.030  4 56615.36710447  8.282
 199 235.080396  64.538673   178.508   178.826  3 56625.28274833  8.871
 200 235.081558  64.539055   178.474   177.991  3 56635.19838962  6.474
 201 235.080932  64.539578   178.595   178.172  3 56645.11402768  5.253
 202 235.082912  64.537643   184.029   180.220  4 56655.02968062  3.489
 203 235.078403  64.536395   116.892   116.865  4 56664.94532866 11.735
 204 235.079981  64.535274   186.996   181.787  4 56674.86097462  2.208
 206 235.082350  64.537654   197.513   197.258  4 56694.69226199  2.615
 207 235.080691  64.539326   204.530   204.470  3 56704.60789993  1.949
 208 235.081202  64.539248   205.340   204.671  4 56714.52353278  1.242
 209 235.080301  64.537676   116.664   116.935  3 56724.43918387 10.272
 210 235.078577  64.537206   207.386   208.362  4 56734.35483391  0.555
 211 235.078602  64.538515   208.622   208.766  3 56744.27048055  0.314
 214 235.082921  64.541224   190.033   190.807  4 56774.01739538  1.800
 215 235.083232  64.539205   203.687   203.654  3 56783.93305274  3.044
 216 235.079311  64.538438   203.606   203.552  4 56793.84870601  0.343
 217 235.082440  64.537442   205.132   205.090  4 56803.76435678  2.561
 218 235.082916  64.537514   188.279   188.071  4 56813.67999971  1.948
 220 235.081536  64.536963   106.320   106.233  4 56833.51127432 26.698
 221 235.080038  64.537134   178.826   181.748  4 56843.42690600  4.892
 223 235.078300  64.537963   180.832   180.832  2 56863.25820157  0.859
 224 235.079414  64.538192    55.351    55.336  4 56873.17385499 47.151
 225 235.079579  64.538122   189.434   189.429  4 56883.08950519  1.712
 227 235.080558  64.537250   194.004   194.004  2 56902.92079571  0.120
 228 235.078923  64.538125   126.605   126.345  4 56912.83643720 22.105
 229 235.081465  64.539034   132.438   132.419  4 56922.75207746  7.886
 230 235.082630  64.540438   187.851   187.483  3 56932.66771522  1.143
 231 235.082203  64.541381   187.171   184.448  4 56942.58334762  1.978
 232 235.083500  64.540508   185.511   180.203  3 56952.49899200  2.530
 233 235.081004  64.539471   178.614   178.445  3 56962.41464265  5.770
 234 235.082041  64.538705   179.941   180.312  4 56972.33028867  5.556
 235 235.082315  64.538833   111.509   111.405  3 56982.24593034 18.170
 236 235.082412  64.538987   111.461   111.298  3 56992.16156744 16.407
 237 235.082790  64.538521   115.688   115.326  4 57002.07720106 14.344
 238 235.078697  64.537365   114.828   114.984  4 57011.99285796 13.493
 239 235.079676  64.536312   116.788   116.576  5 57021.90850961 11.963
 240 235.082100  64.536647   115.791   115.339  4 57031.82415856 11.569
 241 235.083030  64.537570   184.189   183.583  4 57041.73980533  2.475
 242 235.081787  64.538410   182.402   179.702  3 57051.65544982  2.134
 243 235.080063  64.538422   187.404   188.649  4 57061.57109007  1.736
 244 235.082958  64.537844   167.984   167.771  4 57071.48672532  1.501
 245 235.081421  64.538974   193.698   187.785  3 57081.40235579  0.740
 246 235.083707  64.540008   192.153   192.403  4 57091.31799918  0.732
 247 235.081178  64.541312   202.668   202.668  2 57101.23365631  0.210
 251 235.081390  64.538517   188.852   188.923  3 57140.89623949  2.650
 252 235.082244  64.539451   188.476   188.308  3 57150.81187380  5.426
 253 235.083493  64.540454   198.549   198.174  3 57160.72750498  0.841
 254 235.077732  64.540214   194.916   192.877  3 57170.64315888  0.430
 255 235.081461  64.537392   188.091   188.913  4 57180.55881465  1.094
 256 235.078584  64.536037   185.899   185.086  4 57190.47446574  4.659
 257 235.079187  64.536002   183.669   182.424  4 57200.39011362  2.854
 258 235.081335  64.537189   188.646   189.333  4 57210.30574782  2.538
 259 235.079864  64.539006   170.606   164.812  4 57220.22139145  5.768
 260 235.081586  64.538959   184.246   186.119  3 57230.13703437  2.874
 261 235.081252  64.538489   179.659   179.435  4 57240.05267484  4.730
 262 235.081000  64.538118   181.780   181.371  3 57249.96831249  3.187
 264 235.083585  64.540928   193.310   193.651  4 57269.79958213  1.905
 265 235.083661  64.542229   190.331   190.059  4 57279.71523452  0.875
 266 235.081458  64.542202   181.054   180.420  3 57289.63089000  6.221
 267 235.082555  64.540176   192.851   192.808  4 57299.54654302  0.975
 268 235.081059  64.538140   123.675   123.710  3 57309.46219214 22.332
 269 235.084519  64.536618    53.224    53.224  2 57319.37783815 52.587
 270 235.081385  64.537749   180.949   178.888  3 57329.29348035  5.092
 271 235.082750  64.539041   179.958   180.395  4 57339.20912074  6.027
 272 235.083090  64.538551   181.989   181.136  4 57349.12476997  5.666
 273 235.080247  64.537106   182.070   179.667  4 57359.04041556  5.593
 274 235.077237  64.535595   180.976   180.879  4 57368.95605795  6.058
 275 235.078941  64.535443   180.679   180.158  4 57378.87169805  5.137
 276 235.081271  64.537547   179.813   179.818  4 57388.78733661  4.410
 277 235.082355  64.540042   187.176   178.181  3 57398.70297417  4.279
 278 235.083519  64.540790   186.830   180.036  3 57408.61861102  3.642
 279 235.082877  64.539002   181.914   178.522  3 57418.53426422  3.571
 280 235.081715  64.537598   192.279   190.923  4 57428.44991470  3.040
 281 235.082467  64.537827   193.488   195.221  4 57438.36556269  2.628
 282 235.082898  64.539849   198.658   198.843  4 57448.28120917  1.197
 283 235.082964  64.541600   115.012   115.479  3 57458.19685444  9.385
 284 235.084471  64.541382   201.987   201.937  3 57468.11249717  0.987
 285 235.084119  64.539740   207.949   206.353  3 57478.02813584  0.564
 286 235.081425  64.538361   204.332   204.753  4 57487.94377115  0.514
 288 235.082703  64.539349   125.938   126.867  4 57507.77504433 17.425
 289 235.083020  64.539693   202.700   202.780  4 57517.69070057  2.299
 290 235.082053  64.539334   197.282   197.065  4 57527.60635387  0.389
 291 235.080707  64.537445   191.804   192.760  3 57537.52200448  1.388
 292 235.080581  64.535512   167.325   164.882  4 57547.43765254  8.150
 294 235.079977  64.537159   173.784   173.784  2 57567.26894396  4.338
 295 235.082049  64.538944   121.561   114.945  3 57577.18458851 17.386
