-138377.239  1567.450     0.00  108.89
-138091.536  1525.267  -147.64  124.89
-137805.819  1480.647  -156.16  138.35
-137520.088  1438.540  -147.36  150.93
-137234.344  1399.923  -135.14  158.86
-136948.585  1354.175  -160.09  154.75
-136662.813  1285.289  -241.04  132.97
-136377.027  1236.471  -170.81  138.50
-136091.227  1175.796  -212.29  140.13
-135805.413  1130.493  -158.50  156.66
-135519.585  1065.095  -228.79  156.37
-135233.743  1000.440  -226.18  140.12
-134947.887   937.661  -219.61  111.93
-134662.018   886.911  -177.52   75.41
-134376.134   854.320  -114.00   55.83
-134090.237   829.696   -86.12   35.95
-133804.326   814.297   -53.86   23.28
-133518.401   803.850   -36.54   15.58
-133232.462   796.700   -25.01   11.97
-132946.509   791.177   -19.31    9.57
-132660.542   787.041   -14.46    7.88
-132374.561   785.403    -5.73    8.55
-132088.566   790.046    16.24   20.64
-131802.558   806.305    56.84   48.68
-131516.535   838.397   112.20   81.45
-131230.499   880.305   146.51  106.18
-130944.448   928.388   168.09  113.45
-130658.384   962.676   119.86  106.30
-130372.306   977.085    50.36   97.23
-130086.214   981.971    17.08  100.52
-129800.108   972.618   -32.69  106.50
-129513.988   959.624   -45.41  103.60
-129227.854   954.723   -17.13  105.14
-128941.706   947.510   -25.20  103.90
-128655.544   948.021     1.79  117.69
-128369.368   957.460    32.98  120.04
-128083.178   961.200    13.07  120.29
-127796.974   962.986     6.24  107.53
-127510.757   968.163    18.09  102.30
-127224.525   976.874    30.43  102.33
-126938.279   995.312    64.41  110.87
-126652.020  1025.681   106.08  117.89
-126365.746  1029.486    13.29  120.54
-126079.459  1015.068   -50.36  126.38
-125793.157   980.251  -121.61  127.45
-125506.842   947.861  -113.12  119.59
-125220.513   926.351   -75.12  107.45
-124934.169   916.327   -35.00  106.70
-124647.812   919.397    10.72  128.47
-124361.440   929.259    34.44  156.45
-124075.055   948.173    66.04  176.98
-123788.656   963.959    55.12  187.16
-123502.242   968.514    15.90  182.67
-123215.815   966.184    -8.13  176.16
-122929.374   942.800   -81.63  139.01
-122642.918   914.570   -98.55  128.35
-122356.449   881.015  -117.13  107.07
-122069.966   844.162  -128.63  103.85
-121783.468   813.729  -106.22   89.75
-121496.957   781.183  -113.59   77.59
-121210.432   755.604   -89.27   57.88
-120923.892   739.275   -56.99   45.91
-120637.339   729.681   -33.48   40.73
-120350.772   719.847   -34.31   36.29
-120064.190   716.139   -12.94   34.99
-119777.595   709.619   -22.75   30.75
-119490.985   707.964    -5.78   30.96
-119204.362   703.428   -15.82   29.59
-118917.724   701.387    -7.12   30.95
-118631.073   698.648    -9.55   33.33
-118344.407   696.831    -6.34   36.47
-118057.727   692.940   -13.57   38.08
-117771.034   687.736   -18.15   38.25
-117484.326   680.921   -23.77   35.01
-117197.604   674.906   -20.98   30.59
-116910.868   668.895   -20.96   24.57
-116624.118   666.132    -9.63   20.05
-116337.354   663.189   -10.26   16.57
-116050.576   663.396     0.72   18.67
-115763.784   665.335     6.76   22.92
-115476.978   668.735    11.86   27.13
-115190.158   671.480     9.57   28.90
-114903.324   673.157     5.85   27.60
-114616.475   674.178     3.56   26.60
-114329.613   678.429    14.82   29.77
-114042.736   690.977    43.74   49.41
-113755.846   704.484    47.08   60.50
-113468.941   720.009    54.11   70.07
-113182.023   726.968    24.26   70.28
-112895.090   731.590    16.11   76.86
-112608.143   726.109   -19.10   79.44
-112321.182   716.463   -33.61   80.45
-112034.207   698.904   -61.18   75.06
-111747.218   686.556   -43.02   75.76
-111460.214   673.012   -47.19   70.80
-111173.197   656.297   -58.24   50.34
-110886.165   646.167   -35.29   27.51
-110599.120   640.773   -18.79    6.82
-110312.060   641.741     3.37    6.36
-110024.986   645.002    11.36   11.08
-109737.898   646.703     5.93   11.74
-109450.796   647.359     2.28   11.56
-109163.680   647.312    -0.16   11.41
-108876.550   646.374    -3.27   10.76
-108589.406   645.463    -3.18    9.78
-108302.247   644.599    -3.01    8.33
-108015.074   645.951     4.71   11.59
-107727.888   655.515    33.30   28.25
-107440.687   670.012    50.47   42.04
-107153.472   691.562    75.03   55.01
-106866.242   712.094    71.48   61.73
-106578.999   737.252    87.58   62.06
-106291.741   763.827    92.51   57.42
-106004.470   793.259   102.45   55.33
-105717.184   818.671    88.45   59.61
-105429.884   844.312    89.24   58.06
-105142.570   857.612    46.29   51.70
-104855.242   861.260    12.69   49.13
-104567.899   860.098    -4.04   52.31
-104280.543   853.911   -21.53   57.10
-103993.172   852.297    -5.61   57.72
-103705.787   852.628     1.15   62.34
-103418.388   869.758    59.60   77.79
-103130.975   904.854   122.10   93.93
-102843.547   942.181   129.86   88.09
-102556.106   963.914    75.60   75.15
-102268.650   962.554    -4.73   84.28
-101981.180   942.808   -68.69   96.20
-101693.696   920.752   -76.72   98.29
-101406.197   898.816   -76.30   87.49
-101118.685   899.477     2.30   84.90
-100831.158   927.765    98.38  113.99
-100543.617   969.681   145.77  114.51
-100256.062   993.211    81.83  102.34
 -99968.493   993.977     2.66   98.44
 -99680.909   977.692   -56.62  106.68
 -99393.311   945.072  -113.42  114.51
 -99105.699   905.839  -136.40  100.37
 -98818.073   870.778  -121.89   66.18
 -98530.433   856.870   -48.35   60.44
 -98242.778   853.613   -11.32   79.72
 -97955.109   837.458   -56.16   90.33
 -97667.426   814.651   -79.28   96.21
 -97379.729   788.388   -91.28   90.53
 -97092.017   757.816  -106.26   67.47
 -96804.292   741.964   -55.09   43.83
 -96516.552   735.643   -21.97   34.38
 -96228.798   746.673    38.33   40.08
 -95941.029   761.576    51.78   42.60
 -95653.246   777.157    54.14   37.81
 -95365.449   788.179    38.30   29.14
 -95077.638   789.521     4.66   30.08
 -94789.813   782.874   -23.09   39.39
 -94501.973   768.485   -49.99   49.82
 -94214.119   748.103   -70.81   57.58
 -93926.251   726.441   -75.25   60.32
 -93638.369   707.737   -64.97   57.64
 -93350.472   689.380   -63.76   52.68
 -93062.561   673.989   -53.46   46.67
 -92774.636   660.434   -47.08   35.93
 -92486.696   650.951   -32.93   27.55
 -92198.742   645.020   -20.60   20.05
 -91910.774   644.986    -0.12   18.66
 -91622.792   649.755    16.56   23.14
 -91334.795   659.827    34.97   27.79
 -91046.784   672.986    45.69   29.75
 -90758.759   688.145    52.63   31.83
 -90470.720   704.089    55.35   33.98
 -90183.624   723.629    68.06   37.06
 -89898.518   741.671    63.28   37.76
 -89613.398   760.223    65.07   36.77
 -89328.266   776.070    55.57   32.64
 -89043.120   791.282    53.35   27.13
 -88757.962   804.103    44.96   23.36
 -88472.790   815.790    40.98   20.28
 -88187.604   827.404    40.72   24.22
 -87902.406   844.606    60.31   35.62
 -87617.195   871.358    93.80   57.30
 -87331.970   897.959    93.26   67.97
 -87046.732   921.694    83.21   72.10
 -86761.481   934.485    44.84   75.76
 -86476.217   942.558    28.30   80.39
 -86190.939   929.006   -47.50   98.18
 -85905.648   907.740   -74.54  114.05
 -85620.345   872.641  -123.02  119.17
 -85335.028   836.397  -127.03  106.54
 -85049.697   813.274   -81.03   80.39
 -84764.354   803.994   -32.52   73.98
 -84478.997   827.042    80.76  102.66
 -84193.627   862.445   124.06  130.36
 -83908.244   907.512   157.92  137.94
 -83622.848   951.948   155.69  120.13
 -83337.439   978.764    93.96   95.91
 -83052.016   998.966    70.78   77.56
 -82766.580   997.245    -6.03   79.18
 -82481.131   974.007   -81.41   82.02
 -82195.668   941.947  -112.31   67.57
 -81910.193   925.297   -58.32   52.75
 -81624.704   929.088    13.28   61.40
 -81339.202   925.597   -12.23   63.23
 -81053.687   922.320   -11.48   69.32
 -80768.158   908.056   -49.95   67.98
 -80482.616   904.917   -10.99   66.99
 -80197.062   898.399   -22.83   61.87
 -79911.493   894.974   -11.99   58.58
 -79625.912   902.297    25.64   70.36
 -79340.317   913.515    39.28   74.10
 -79054.709   914.366     2.98   76.27
 -78769.088   894.147   -70.79   91.46
 -78483.453   868.966   -88.16  102.26
 -78197.806   834.651  -120.13  114.49
 -77912.145   806.581   -98.26  111.63
 -77626.470   767.297  -137.51   87.52
 -77340.783   742.124   -88.11   64.38
 -77055.082   717.613   -85.79   58.01
 -76769.368   702.492   -52.92   64.02
 -76483.641   686.636   -55.49   64.53
 -76197.900   675.534   -38.85   63.30
 -75912.146   658.872   -58.31   57.01
 -75626.379   642.381   -57.71   44.80
 -75340.599   636.199   -21.63   43.38
 -75054.805   641.551    18.72   45.28
 -74768.998   649.933    29.33   48.04
 -74483.178   658.656    30.52   48.25
 -74197.345   670.598    41.78   44.55
 -73911.498   682.858    42.89   34.67
 -73625.638   691.668    30.82   23.17
 -73339.764   692.933     4.43   22.30
 -73053.877   690.924    -7.03   28.34
 -72767.977   689.024    -6.65   33.60
 -72482.064   681.831   -25.16   43.39
 -72196.138   673.566   -28.91   52.94
 -71910.198   666.236   -25.63   60.76
 -71624.244   662.760   -12.16   63.79
 -71338.278   658.196   -15.96   66.18
 -71052.298   646.827   -39.75   65.71
 -70766.305   636.735   -35.29   65.10
 -70480.298   631.388   -18.69   67.74
 -70194.279   624.827   -22.94   68.15
 -69908.245   623.909    -3.21   69.78
 -69622.199   607.475   -57.45   69.32
 -69336.139   595.171   -43.01   70.62
 -69050.066   580.632   -50.82   64.55
 -68763.980   572.891   -27.06   64.10
 -68477.880   563.797   -31.79   59.12
 -68191.767   563.455    -1.19   61.65
 -67905.640   563.766     1.09   63.89
 -67619.501   569.184    18.94   66.90
 -67333.348   561.558   -26.65   61.19
 -67047.181   553.854   -26.92   59.00
 -66761.001   542.948   -38.11   48.93
 -66474.808   540.748    -7.68   45.70
 -66188.602   538.351    -8.38   37.97
 -65902.382   545.957    26.57   42.61
 -65616.149   561.405    53.97   49.34
 -65329.902   574.275    44.96   49.20
 -65043.642   583.527    32.32   47.06
 -64757.369   581.790    -6.07   49.99
 -64471.082   570.035   -41.06   67.61
 -64184.782   538.505  -110.13   96.64
 -63898.469   505.622  -114.85  111.96
 -63612.142   475.261  -106.04  109.03
 -63325.802   450.095   -87.88   98.65
 -63039.448   428.994   -73.69   90.22
 -62753.081   416.520   -43.56   84.53
 -62466.701   412.726   -13.25   83.89
 -62180.307   406.686   -21.09   82.19
 -61893.900   409.797    10.86   85.88
 -61607.480   409.858     0.21   87.29
 -61321.046   413.854    13.95   90.18
 -61034.599   409.024   -16.86   89.75
 -60748.138   409.395     1.29   94.82
 -60461.664   396.251   -45.88   96.21
 -60175.176   377.469   -65.56  101.08
 -59888.676   343.874  -117.26  100.99
 -59602.161   326.357   -61.14  102.52
 -59315.634   305.754   -71.90   90.75
 -59029.093   302.768   -10.42   87.68
 -58742.538   306.404    12.69   85.38
 -58455.970   317.357    38.22   88.79
 -58169.389   331.808    50.43   93.04
 -57882.794   356.823    87.28  102.29
 -57596.186   394.227   130.50  113.89
 -57309.564   445.529   178.98  125.59
 -57022.929   514.358   240.12  131.41
 -56736.281   574.124   208.50  120.89
 -56449.619   623.327   171.64  107.78
 -56162.944   664.583   143.91   81.77
 -55876.255   689.004    85.18   61.59
 -55589.553   703.380    50.14   54.90
 -55302.837   698.666   -16.44   65.07
 -55016.108   688.891   -34.09   72.02
 -54729.366   672.515   -57.11   82.18
 -54442.610   652.031   -71.43   84.69
 -54155.840   627.351   -86.06   80.43
 -53869.058   602.402   -86.99   69.00
 -53582.261   581.472   -72.98   58.03
 -53295.451   563.417   -62.95   48.72
 -53008.628   553.743   -33.73   46.00
 -52721.792   544.139   -33.48   46.56
 -52434.941   535.076   -31.60   44.99
 -52148.078   522.962   -42.23   44.41
 -51861.201   513.267   -33.79   40.24
 -51574.310   505.433   -27.31   32.67
 -51287.406   501.918   -12.25   29.56
 -51000.489   501.388    -1.85   30.76
 -50713.558   503.628     7.81   32.73
 -50426.613   506.182     8.90   33.97
 -50139.655   512.230    21.08   31.49
 -49852.684   519.843    26.53   26.47
 -49565.699   522.581     9.54   25.96
 -49278.700   515.191   -25.75   28.18
 -48991.688   501.538   -47.57   35.21
 -48704.663   477.297   -84.45   51.46
 -48417.624   451.966   -88.25   65.54
 -48130.572   419.620  -112.68   68.19
 -47843.506   392.951   -92.90   60.85
 -47556.426   371.104   -76.10   51.41
 -47269.333   352.733   -63.99   37.16
 -46982.227   337.467   -53.17   25.58
 -46695.107   328.954   -29.65   23.11
 -46407.974   320.366   -29.91   20.62
 -46120.827   314.705   -19.72   21.18
 -45833.666   305.656   -31.51   22.84
 -45546.492   298.577   -24.65   23.85
 -45259.305   291.243   -25.54   23.53
 -44972.104   284.861   -22.22   23.61
 -44684.889   279.435   -18.89   22.06
 -44397.661   274.920   -15.72   20.84
 -44110.419   270.465   -15.51   18.24
 -43823.164   264.590   -20.45   19.42
 -43535.895   259.199   -18.77   18.80
 -43248.613   253.079   -21.30   21.57
 -42961.317   245.736   -25.56   23.13
 -42674.008   235.906   -34.21   32.46
 -42386.685   223.190   -44.26   40.01
 -42099.349   207.753   -53.73   48.88
 -41811.999   193.467   -49.71   51.87
 -41524.635   181.802   -40.59   51.89
 -41237.258   169.514   -42.76   50.10
 -40949.867   159.842   -33.65   46.59
 -40662.463   149.428   -36.23   41.71
 -40375.045   140.994   -29.35   36.03
 -40087.614   134.451   -22.76   29.83
 -39800.169   131.601    -9.91   24.80
 -39512.710   128.236   -11.71   20.61
 -39225.238   131.894    12.73   24.69
 -38937.753   133.089     4.16   27.05
 -38650.253   142.365    32.26   38.63
 -38362.741   145.120     9.58   41.97
 -38075.214   156.726    40.36   50.42
 -37787.674   164.297    26.33   54.24
 -37500.121   175.661    39.52   56.49
 -37212.553   184.151    29.52   56.47
 -36924.973   192.603    29.39   54.26
 -36637.378   197.512    17.07   50.80
 -36349.770   197.141    -1.29   47.00
 -36062.149   191.327   -20.21   44.48
 -35774.514   181.638   -33.69   41.96
 -35486.865   173.879   -26.97   40.24
 -35199.203   165.486   -29.18   35.36
 -34911.527   158.797   -23.25   32.31
 -34623.837   154.320   -15.56   29.13
 -34336.134   151.880    -8.48   32.08
 -34048.417   149.709    -7.55   33.18
 -33760.687   145.618   -14.22   35.08
 -33472.943   140.658   -17.24   33.30
 -33185.185   136.727   -13.66   31.10
 -32897.414   131.697   -17.48   28.60
 -32609.629   131.177    -1.81   27.96
 -32321.830   129.120    -7.15   27.59
 -32034.018   131.786     9.26   29.85
 -31746.192   131.627    -0.55   29.44
 -31458.352   134.586    10.28   30.71
 -31170.499   134.373    -0.74   28.65
 -30882.633   137.223     9.90   29.07
 -30594.752   140.366    10.91   28.54
 -30306.858   143.926    12.37   28.66
 -30018.950   147.166    11.25   27.77
 -29731.029   150.705    12.29   27.10
 -29443.094   151.781     3.74   25.99
 -29155.145   153.623     6.40   25.26
 -28867.183   154.984     4.72   24.17
 -28579.207   154.320    -2.31   24.89
 -28292.440   153.759    -1.95   24.44
 -28007.277   154.681     3.23   24.63
 -27722.101   156.732     7.19   23.66
 -27436.913   159.678    10.33   22.51
 -27151.712   163.144    12.15   19.84
 -26866.499   166.401    11.42   16.88
 -26581.273   169.989    12.58   12.37
 -26296.034   173.742    13.16    6.17
 -26010.783   174.388     2.27    4.46
 -25725.519   174.201    -0.66    5.95
 -25440.243   174.129    -0.25    6.85
 -25154.954   175.335     4.23    7.71
 -24869.652   176.424     3.82    8.88
 -24584.338   178.706     8.00   10.61
 -24299.012   182.079    11.82   11.83
 -24013.672   186.663    16.07   13.70
 -23728.320   191.051    15.38   16.15
 -23442.956   195.312    14.93   18.15
 -23157.579   199.898    16.07   21.88
 -22872.189   205.974    21.29   25.41
 -22586.787   210.154    14.65   28.79
 -22301.372   217.143    24.49   32.43
 -22015.945   222.879    20.10   35.45
 -21730.505   229.259    22.35   37.63
 -21445.052   235.801    22.92   39.14
 -21159.587   243.658    27.52   39.53
 -20874.109   249.933    21.98   41.52
 -20588.619   255.258    18.65   39.98
 -20303.115   260.064    16.84   40.38
 -20017.600   263.167    10.87   38.57
 -19732.071   266.675    12.29   37.20
 -19446.530   268.081     4.92   33.18
 -19160.977   273.081    17.51   32.16
 -18875.411   276.812    13.07   29.78
 -18589.832   280.094    11.49   26.71
 -18304.240   275.843   -14.89   27.22
 -18018.636   268.148   -26.94   34.10
 -17733.020   254.236   -48.71   43.00
 -17447.390   239.520   -51.52   47.10
 -17161.748   219.365   -70.56   42.45
 -16876.094   202.259   -59.88   28.56
 -16590.426   190.070   -42.67   16.56
 -16304.746   184.831   -18.34    9.72
 -16019.054   182.223    -9.13    7.38
 -15733.349   182.220    -0.01    7.47
 -15447.631   182.908     2.41    8.25
 -15161.900   184.418     5.29    8.67
 -14876.157   185.871     5.08    9.15
 -14590.401   186.935     3.72    9.19
 -14304.633   187.461     1.84    9.80
 -14018.852   187.419    -0.15    9.61
 -13733.058   186.816    -2.11    9.94
 -13447.251   187.229     1.44    9.21
 -13161.432   188.805     5.51    9.67
 -12875.600   190.971     7.58    9.68
 -12589.756   193.775     9.81    9.31
 -12303.899   196.581     9.82    8.60
 -12018.029   198.935     8.23    8.08
 -11732.146   200.497     5.46    8.15
 -11446.251   200.765     0.94    9.39
 -11160.343   200.097    -2.34   10.62
 -10874.423   198.040    -7.19   12.58
 -10588.490   195.389    -9.27   13.78
 -10302.544   191.559   -13.40   14.52
 -10016.585   188.443   -10.90   14.69
  -9730.614   184.199   -14.84   14.69
  -9444.630   180.259   -13.78   14.45
  -9158.633   175.327   -17.24   13.80
  -8872.624   170.394   -17.25   12.98
  -8586.601   165.801   -16.06   12.40
  -8300.567   161.366   -15.51   11.67
  -8014.519   157.062   -15.04   11.25
  -7728.459   153.081   -13.92   10.65
  -7442.386   148.979   -14.34   10.34
  -7156.300   145.861   -10.90   10.05
  -6870.202   141.892   -13.87    9.68
  -6584.091   138.415   -12.15    9.19
  -6297.967   134.549   -13.51    8.17
  -6011.831   130.957   -12.55    7.33
  -5725.681   127.587   -11.78    6.92
  -5439.519   124.564   -10.56    6.19
  -5153.345   121.503   -10.70    5.42
  -4867.157   118.909    -9.06    4.41
  -4580.957   116.729    -7.62    4.13
  -4294.744   114.748    -6.92    3.54
  -4008.519   112.763    -6.94    3.98
  -3722.280   110.070    -9.41    5.04
  -3436.029   106.851   -11.25    6.35
  -3149.765   103.820   -10.59    7.14
  -2863.489   100.297   -12.31    8.45
  -2577.199    96.446   -13.45   10.09
  -2290.897    92.153   -14.99   11.88
  -2004.582    87.778   -15.28   14.57
  -1718.255    80.866   -24.14   22.04
  -1431.915    70.320   -36.83   31.62
  -1145.561    54.663   -54.68   37.96
   -859.196    40.439   -49.67   38.54
   -572.817    25.267   -52.98   34.13
   -286.426    15.083   -35.56   27.02
     -0.021     9.251   -20.36   18.91
    286.395    11.981     9.53   19.48
    572.825    18.544    22.91   22.79
    859.268    28.449    34.58   25.01
   1145.723    38.646    35.60   25.98
   1432.191    51.183    43.77   23.59
   1718.672    62.238    38.59   16.97
   2005.165    68.923    23.33   12.66
   2291.671    74.196    18.40    9.67
   2578.191    77.595    11.86    5.94
   2864.722    79.372     6.20    1.85
   3151.267    78.835    -1.87    1.90
   3437.825    77.764    -3.74    2.13
   3724.395    76.640    -3.92    2.31
   4010.978    75.585    -3.68    2.12
   4297.574    74.774    -2.83    1.77
   4584.183    74.298    -1.66    1.57
   4870.804    74.135    -0.57    1.64
   5157.438    74.218     0.29    1.96
   5444.085    74.602     1.34    2.26
   5730.745    74.927     1.13    2.22
   6017.418    74.663    -0.92    2.20
   6304.103    74.298    -1.28    2.35
   6590.802    74.297    -0.00    2.81
   6877.513    75.889     5.55    5.43
   7164.237    78.797    10.14    8.52
   7450.974    82.607    13.29   10.87
   7737.723    87.767    18.00   11.83
   8024.486    93.548    20.16   11.22
   8311.261    98.534    17.39    8.75
   8598.049   102.185    12.73    5.59
   8884.850   104.418     7.79    3.86
   9171.664   105.831     4.93    2.49
   9458.490   106.468     2.22    1.49
   9745.330   106.641     0.60    1.22
  10032.182   106.782     0.49    1.37
  10319.047   107.236     1.58    1.63
  10605.925   108.139     3.15    2.35
  10892.816   109.651     5.27    3.55
  11179.719   112.246     9.05    5.52
  11466.636   118.068    20.29   15.71
  11753.565   132.930    51.80   37.41
  12040.507   160.259    95.24   68.16
  12327.463   201.761   144.63   94.75
  12614.430   255.824   188.39  119.34
  12901.411   317.474   214.83  131.51
  13188.405   375.053   200.63  115.89
  13475.411   417.350   147.37   83.31
  13762.431   440.714    81.40   58.68
  14049.463   446.514    20.21   45.53
  14336.508   438.320   -28.55   43.95
  14623.566   423.648   -51.11   39.77
  14910.637   406.520   -59.67   21.49
  15197.721   398.834   -26.77    9.48
  15484.817   396.808    -7.06    6.24
  15771.927   397.805     3.47    7.50
  16059.049   402.472    16.26   12.03
  16346.185   410.105    26.58   18.20
  16633.333   420.989    37.90   23.55
  16920.494   434.670    47.64   26.95
  17207.668   450.228    54.18   29.17
  17494.855   467.180    59.03   31.18
  17782.055   483.441    56.62   31.16
  18069.267   492.130    30.25   30.25
  18356.493   493.595     5.10   38.03
  18643.731   493.572    -0.08   44.05
  18930.983   498.721    17.93   49.67
  19218.247   505.077    22.13   57.07
  19505.524   515.014    34.59   62.81
  19792.814   523.208    28.52   66.17
  20080.117   533.560    36.03   69.97
  20367.433   550.585    59.25   72.32
  20654.762   566.673    55.99   70.38
  20942.104   584.709    62.77   68.25
  21229.459   596.875    42.34   69.34
  21516.826   618.488    75.21   68.93
  21804.207   634.094    54.30   70.75
  22091.600   656.305    77.29   70.45
  22379.007   677.575    74.01   69.70
  22666.426   702.524    86.80   64.52
  22953.858   724.521    76.53   60.92
  23241.304   751.143    92.62   49.32
  23528.762   768.141    59.13   41.32
  23816.233   785.365    59.92   35.10
  24103.717   798.031    44.06   37.55
  24391.214   812.763    51.24   36.91
  24678.724   822.921    35.33   33.38
  24966.247   830.020    24.69   30.05
  25253.783   835.551    19.24   31.47
  25541.332   840.699    17.90   34.72
  25828.894   843.179     8.63   40.77
  26116.468   848.532    18.61   41.81
  26404.056   856.031    26.08   39.28
  26691.657   865.736    33.75   32.98
  26979.271   873.145    25.76   24.15
  27266.897   874.618     5.12   20.17
  27554.537   872.048    -8.93   24.59
  27842.189   868.585   -12.04   26.84
  28129.855   861.746   -23.77   31.81
  28417.534   855.758   -20.82   37.19
  28705.225   849.132   -23.03   44.55
  28992.930   841.205   -27.55   52.22
  29280.647   836.201   -17.39   55.23
  29568.378   832.556   -12.67   55.09
  29856.121   823.453   -31.64   61.47
  30143.878   813.503   -34.58   61.84
  30431.647   805.715   -27.06   68.89
  30719.430   787.879   -61.98   76.88
  31007.225   764.282   -82.00   84.98
  31295.033   740.164   -83.80   78.27
  31582.855   721.805   -63.79   70.59
  31870.689   697.588   -84.13   63.03
  32158.537   670.966   -92.49   59.82
  32446.397   652.147   -65.38   63.58
  32734.271   647.411   -16.45   64.27
  33022.157   633.623   -47.89   64.54
  33310.057   610.327   -80.92   52.92
  33596.552   592.517   -62.17   53.24
  33881.786   572.625   -69.74   57.90
  34167.032   555.061   -61.58   57.24
  34452.289   539.820   -53.43   51.02
  34737.559   529.208   -37.20   37.60
  35022.840   521.839   -25.83   27.05
  35308.134   520.004    -6.43   26.03
  35593.439   523.706    12.98   25.62
  35878.757   529.607    20.68   25.62
  36164.086   535.260    19.81   34.65
  36449.428   546.431    39.15   48.96
  36734.781   566.172    69.18   64.35
  37020.146   590.381    84.84   68.75
  37305.523   607.001    58.24   73.24
  37590.913   620.608    47.68   69.22
  37876.314   635.407    51.86   64.95
  38161.727   656.661    74.47   61.99
  38447.152   676.401    69.16   69.51
  38732.589   693.474    59.81   71.39
  39018.038   712.127    65.35   75.19
  39303.500   730.411    64.05   75.47
  39588.973   748.202    62.32   70.80
  39874.458   773.479    88.54   74.61
  40159.955   795.053    75.57   78.37
  40445.464   800.090    17.64   77.23
  40730.985   796.969   -10.93   84.62
  41016.518   775.805   -74.12   95.40
  41302.063   753.281   -78.88  100.12
  41587.620   723.717  -103.53   96.58
  41873.189   692.953  -107.73   75.91
  42158.770   677.268   -54.93   76.90
  42444.363   661.220   -56.19   78.55
  42729.968   654.475   -23.61   87.68
  43015.585   641.756   -44.53   85.46
  43301.214   628.683   -45.77   84.45
  43586.855   607.700   -73.46   81.95
  43872.508   585.595   -77.39   72.66
  44158.173   563.915   -75.89   67.87
  44443.850   543.289   -72.20   59.40
  44729.539   524.313   -66.43   43.01
  45015.241   508.572   -55.10   24.93
  45300.954   498.835   -34.08   20.47
  45586.679   489.350   -33.19   16.90
  45872.416   483.493   -20.50   16.01
  46158.165   476.022   -26.14   15.24
  46443.927   468.816   -25.22   15.30
  46729.700   459.899   -31.20   15.05
  47015.485   452.070   -27.39   14.92
  47301.283   444.312   -27.14   14.23
  47587.092   437.869   -22.55   14.51
  47872.913   430.510   -25.75   12.99
  48158.747   423.489   -24.56   10.45
  48444.592   418.086   -18.90   10.17
  48730.450   413.161   -17.23   10.46
  49016.320   408.651   -15.78    9.27
  49302.201   404.566   -14.29    8.42
  49588.095   400.994   -12.49    7.32
  49874.001   398.577    -8.45    6.66
  50159.919   396.577    -7.00    5.62
  50445.848   395.109    -5.13    5.04
  50731.790   394.641    -1.64    5.33
  51017.744   394.483    -0.55    5.74
  51303.710   394.426    -0.20    6.27
  51589.688   395.660     4.32    7.52
  51875.679   397.808     7.51    9.13
  52161.681   400.742    10.26   10.00
  52447.695   403.411     9.33    9.44
  52733.722   405.157     6.10    9.59
  53019.760   407.608     8.57    7.58
  53305.811   408.460     2.98    7.43
  53591.873   409.167     2.47    6.86
  53877.948   409.298     0.46    7.38
  54164.035   410.079     2.73    7.36
  54450.134   410.747     2.34    7.23
  54736.245   412.108     4.76    7.76
  55022.368   412.873     2.67    7.88
  55308.503   414.079     4.22    8.18
  55594.650   414.600     1.82    7.55
  55880.809   414.520    -0.28    7.49
  56166.981   414.168    -1.23    7.44
  56453.164   412.643    -5.33    7.98
  56739.360   410.721    -6.72    8.62
  57025.568   407.385   -11.66    9.35
  57311.787   403.718   -12.81   10.19
  57598.019   399.217   -15.73   11.42
  57884.263   394.732   -15.67   12.44
  58170.519   389.039   -19.88   12.96
  58456.788   383.400   -19.70   12.46
  58743.068   378.215   -18.11   11.42
  59029.360   374.123   -14.29   10.06
  59315.665   369.653   -15.61    9.74
  59601.982   365.698   -13.82    9.46
  59888.311   362.555   -10.98    9.81
  60174.651   359.261   -11.50    9.54
  60461.005   356.661    -9.08    9.05
  60747.370   352.765   -13.60    9.74
  61033.747   349.169   -12.56   10.55
  61320.137   344.598   -15.96   11.54
  61606.538   339.146   -19.04   11.76
  61892.952   334.030   -17.86   11.27
  62179.378   328.320   -19.94    9.89
  62465.816   323.458   -16.97    8.45
  62752.266   318.868   -16.03    7.91
  63038.728   314.456   -15.40    8.06
  63325.202   309.991   -15.59    8.87
  63611.689   305.114   -17.03    9.27
  63898.188   300.269   -16.91   10.57
  64184.699   294.222   -21.11   11.65
  64471.222   288.749   -19.10   13.05
  64757.757   282.104   -23.19   14.48
  65044.304   275.974   -21.39   15.93
  65330.863   268.831   -24.93   16.26
  65617.435   261.824   -24.45   14.81
  65904.019   254.199   -26.60   10.90
  66190.615   248.782   -18.90    9.27
  66477.223   244.053   -16.50    7.79
  66763.843   239.671   -15.29    6.74
  67050.476   235.927   -13.06    6.64
  67337.120   231.861   -14.18    7.20
  67623.777   228.276   -12.51    7.26
  67910.446   224.327   -13.77    7.73
  68197.127   220.283   -14.11    7.76
  68483.821   215.956   -15.09    7.09
  68770.526   212.768   -11.12    6.14
  69057.244   209.899   -10.01    4.89
  69343.974   208.059    -6.42    4.06
  69630.716   206.312    -6.09    3.14
  69917.470   204.373    -6.76    3.62
  70204.236   202.204    -7.56    5.09
  70491.015   199.418    -9.72    7.02
  70777.806   195.947   -12.10    8.12
  71064.609   191.509   -15.47    8.80
  71351.424   186.092   -18.89    9.32
  71638.251   180.733   -18.68    9.86
  71925.091   176.050   -16.33    8.94
  72211.943   172.502   -12.37    7.51
  72498.807   169.886    -9.12    5.70
  72785.683   168.149    -6.05    3.65
  73072.572   167.396    -2.63    1.70
  73359.472   167.739     1.20    1.04
  73646.385   167.809     0.24    0.67
  73933.310   167.548    -0.91    0.95
  74220.247   167.221    -1.14    1.27
  74507.197   166.920    -1.05    1.49
  74794.159   166.489    -1.50    1.85
  75081.133   165.923    -1.97    2.01
  75368.119   165.414    -1.78    2.14
