# NaN NaN NaN ;Mean Elev.(m), Avg Gradient(m/km), RMS Gradient(m/km) - SRTM1     
#   17.277  -2.067   3.485 ;Mean Elev.(m), Avg Gradient(m/km), RMS Gradient(m/km) - ASTER GDEM
#   40.082  -2.872   7.414 ;Mean Elev.(m), Avg Gradient(m/km), RMS Gradient(m/km) - GMTED2010 
   1 231.191270  65.685545    84.687    82.437  5 54667.91829528 16.873
   2 231.193726  65.686131    74.850    75.043  5 54677.83393985  6.768
   3 231.189995  65.688217    -5.575    -5.603  5 54687.74958252 14.329
   4 231.192509  65.689326    79.635    81.528  6 54697.66522395  9.606
   5 231.191450  65.688734    -5.070     0.068  6 54707.58086567 14.545
   6 231.191301  65.686213    82.026    82.248  4 54717.49651766  9.747
   7 231.189795  65.683681    -4.116   -12.846  5 54727.41216697 25.980
   8 231.192278  65.682581    83.347    82.710  5 54737.32781493  5.409
   9 231.191729  65.683681    84.725    82.334  4 54747.24346212 21.488
  10 231.190052  65.685221    68.407    68.869  5 54757.15910879 17.782
  11 231.191459  65.685285    79.706    79.466  4 54767.07475387 27.032
  12 231.191246  65.683767    77.538    79.349  5 54776.99039563 16.380
  13 231.192258  65.682013    83.580    84.358  4 54786.90603513 19.749
  14 231.192263  65.681882    84.931    86.987  4 54796.82167337 18.255
  15 231.189979  65.684061    76.600    73.205  5 54806.73731103 13.145
  16 231.188297  65.686364    76.218    76.245  5 54816.65294813 11.414
  17 231.193526  65.686762    43.077    41.084  5 54826.56859705 19.904
  18 231.193471  65.686010    57.440    57.246  5 54836.48423634 17.610
  19 231.191973  65.685741    55.300    54.847  5 54846.39988576 16.223
  20 231.191011  65.686175    54.114    56.972  5 54856.31553453 15.208
  21 231.192034  65.687227    66.837    69.126  5 54866.23118343 11.994
  22 231.190809  65.687612    70.522    69.653  5 54876.14683163  9.909
  23 231.192494  65.686605    74.006    74.576  5 54886.06247726  9.085
  24 231.192084  65.684523    75.663    75.837  4 54895.97811931  9.402
  25 231.192162  65.682711    77.146    76.853  5 54905.89375875  8.222
  26 231.191999  65.682470    77.613    77.618  4 54915.80939699  8.101
  27 231.190744  65.683610    77.168    78.309  5 54925.72503483  7.715
  28 231.190323  65.684815    75.883    75.395  4 54935.64067206  7.721
  29 231.192136  65.684991    77.118    77.517  5 54945.55630762  6.015
  30 231.192113  65.684089    81.070    80.944  5 54955.47194052 11.771
  31 231.193070  65.682585    85.243    85.284  4 54965.38758813 10.861
  32 231.191855  65.682511    84.322    84.314  5 54975.30323597 16.835
  33 231.190784  65.683928    78.996    80.515  5 54985.21888351 16.825
  34 231.189816  65.685602    33.222    33.173  5 54995.13453102 34.528
  35 231.189367  65.686474    81.093    80.724  5 55005.05017715  6.736
  36 231.190969  65.686326    84.319    84.265  4 55014.96582136 16.331
  37 231.189206  65.686311    81.051    80.423  5 55024.88146386 29.098
  38 231.192241  65.686709    84.347    81.572  5 55034.79710628 22.558
  39 231.192275  65.687458    80.073    80.140  5 55044.71274769  6.991
  40 231.190017  65.687667    76.729    78.091  5 55054.62838721 14.951
  41 231.188408  65.686451    82.183    82.299  5 55064.54402459  6.892
  42 231.192962  65.684272    78.904    79.955  5 55074.45967202  9.634
  43 231.190664  65.683253    81.868    82.401  5 55084.37531980  7.011
  44 231.191265  65.683312    83.472    84.018  5 55094.29096619  9.273
  45 231.189725  65.683976    84.432    84.669  5 55104.20661221  6.762
  46 231.192160  65.684114    70.671    70.694  5 55114.12225840 13.570
  47 231.191611  65.683737    73.342    74.578  4 55124.03790188 20.494
  48 231.190044  65.683183    78.708    77.273  4 55133.95354247 17.531
  49 231.192137  65.682527    80.383    83.210  5 55143.86918129 23.423
  50 231.192178  65.683110    78.566    78.424  4 55153.78481929 19.392
  51 231.191148  65.684396    76.431    76.567  5 55163.70045754 14.312
  52 231.190732  65.685865    85.062    86.478  4 55173.61609558 13.080
  53 231.188245  65.686839    76.598    76.311  5 55183.53173333 11.216
  54 231.193323  65.686401    82.670    89.064  5 55193.44738506 10.343
  55 231.191617  65.686696    84.229    88.787  5 55203.36303485 13.486
  56 231.191394  65.687244    83.412    86.668  5 55213.27868408 11.883
  57 231.190492  65.687397    83.012    86.545  5 55223.19433279 14.573
  58 231.190335  65.686284    79.846    85.730  5 55233.10998015  9.654
  59 231.191905  65.684279    75.622    74.550  5 55243.02562450 10.494
  60 231.191241  65.682760    75.310    72.894  5 55252.94126540 11.313
  61 231.192543  65.682396    72.852    76.932  4 55262.85690431 10.392
  62 231.192318  65.683600    75.312    75.774  4 55272.77254209 11.214
  63 231.191397  65.684607    75.269    76.706  4 55282.68817956  9.556
  64 231.190058  65.684537    77.336    76.804  5 55292.60381581  8.482
  65 231.192756  65.683335    31.864    31.989  5 55302.51945169 30.118
  66 231.190153  65.682477    85.088    85.344  4 55312.43509923 11.122
  67 231.191161  65.682691    81.758    81.687  4 55322.35074472 24.336
  68 231.191311  65.683934    83.763    83.194  4 55332.26638884  9.511
  69 231.190588  65.685254    80.398    80.440  4 55342.18203284 24.498
  70 231.188521  65.685814    80.378    80.937  5 55352.09767650 23.392
  71 231.192938  65.685481    80.034    80.975  5 55362.01331861  7.184
  72 231.192746  65.685772    71.151    73.268  5 55371.92895826 10.369
  73 231.192625  65.686738    80.753    80.551  5 55381.84459650  6.066
  74 231.189879  65.688049    77.657    77.533  5 55391.76023378  7.148
  75 231.188491  65.688400    77.249    76.489  5 55401.67586986 17.816
  76 231.188384  65.686686    80.369    79.926  5 55411.59152004 21.658
  77 231.189860  65.683970    81.046    80.649  4 55421.50717001 11.839
  78 231.189922  65.682275    74.131    75.372  4 55431.42281693  8.338
  79 231.192844  65.682484    87.422    85.764  4 55441.33846180 21.438
  80 231.189362  65.684258    74.733    75.982  5 55451.25410447  6.015
  81 231.191463  65.685127    76.966    76.900  4 55461.16974701  7.593
  82 231.191515  65.684400    72.248    70.747  5 55471.08538811  7.666
  83 231.190309  65.683020    77.083    78.434  5 55481.00102619 12.618
  84 231.193417  65.681857    66.035    64.454  4 55490.91666223 16.397
  85 231.192115  65.682951    80.536    80.910  5 55500.83229579 25.428
  86 231.190099  65.685032    79.617    79.600  5 55510.74793835 24.644
  87 231.193103  65.686156    83.578    85.889  5 55520.66358833 12.708
  88 231.188598  65.686778    78.272    76.472  5 55530.57923659 10.485
  89 231.191647  65.685887    75.240    76.215  5 55540.49488393  9.604
  90 231.188643  65.685781    77.115    76.926  5 55550.41052851 11.024
  91 231.189799  65.686332    75.389    76.262  5 55560.32617181 11.626
  92 231.188466  65.687692    75.838    75.843  5 55570.24181401  9.978
  93 231.188999  65.687888    76.021    76.531  5 55580.15745541  9.327
  94 231.191713  65.685974    76.420    76.250  5 55590.07309429 10.387
  95 231.189960  65.683542    78.995    78.795  4 55599.98872967  7.726
  96 231.190654  65.682036    78.937    78.374  4 55609.90436296  7.232
  97 231.191324  65.682976    76.334    76.821  4 55619.81999477  7.676
  98 231.189724  65.685181    75.054    73.532  5 55629.73564490  7.883
  99 231.190661  65.686171    70.805    70.544  5 55639.65129597  7.789
 100 231.191720  65.684955    71.160    71.131  4 55649.56694476  7.278
 101 231.191205  65.682549    78.461    78.635  5 55659.48259015  6.438
 102 231.192340  65.681200    72.083    71.968  4 55669.39823195  6.983
 103 231.191750  65.682475    76.221    76.176  5 55679.31387131  5.983
 104 231.189828  65.685328    31.763    31.705  5 55689.22950852 18.794
 105 231.190691  65.687304    81.624    83.133  5 55699.14514455 12.764
 106 231.193756  65.687282    81.098    81.121  5 55709.06078245 31.195
 107 231.193292  65.686125    78.959    80.210  5 55718.97643306  9.260
 108 231.192253  65.685613    81.053    81.413  5 55728.89208116 27.218
 109 231.192180  65.686094    75.540    76.039  5 55738.80772790  8.045
 110 231.190212  65.687124    86.182    89.616  5 55748.72337322 29.445
 111 231.188969  65.687214    77.319    77.094  5 55758.63901635  9.448
 112 231.191612  65.685596    68.358    68.342  5 55768.55465711  8.369
 113 231.191813  65.683330    80.657    80.550  4 55778.47029452 19.052
 114 231.192151  65.681941    70.077    71.164  5 55788.38592932  8.454
 115 231.191994  65.682822    83.954    81.217  5 55798.30156263 26.732
 116 231.191173  65.684674    69.185    70.176  4 55808.21720705  8.671
 117 231.191567  65.686038    81.190    74.636  5 55818.13285594  9.389
 118 231.190565  65.685526    77.657    79.921  5 55828.04850084  7.217
 119 231.192635  65.683547    77.650    78.389  5 55837.96414173  8.330
 120 231.191894  65.682160    77.105    75.585  5 55847.87977927  4.454
 121 231.190564  65.683330    71.138    71.239  5 55857.79541446 16.820
 122 231.189470  65.685772    79.819    79.730  5 55867.71106015 21.788
 123 231.191702  65.687551    79.915    80.577  5 55877.62671225 20.872
 124 231.193862  65.687691    81.202    81.298  5 55887.54235799 17.500
 125 231.190933  65.687074    80.900    81.852  5 55897.45799755 15.251
 126 231.192001  65.686255    83.459    85.338  5 55907.37363241 13.885
 127 231.188519  65.686574    82.420    83.799  5 55917.28927856 12.919
 128 231.190768  65.686790    81.497    82.411  5 55927.20493204 15.242
 129 231.193599  65.686441    76.307    76.002  5 55937.12058219  8.797
 130 231.191035  65.685033    83.342    84.328  4 55947.03622697 11.886
 131 231.192906  65.682842    80.010    80.307  4 55956.95186764  8.626
 132 231.190450  65.682072    71.343    71.723  4 55966.86750537  9.534
 133 231.191474  65.682938    75.635    78.572  5 55976.78314244  8.721
 134 231.193223  65.684636    80.827    85.303  5 55986.69877884 10.121
 135 231.189720  65.686044    83.181    87.154  5 55996.61441598 11.875
 136 231.188897  65.685234    75.424    75.769  5 56006.53006756  8.402
 137 231.190031  65.683397    76.818    76.680  4 56016.44571526  8.529
 138 231.190946  65.682587    78.397    78.762  5 56026.36135993  7.161
 139 231.192772  65.683439    80.581    79.782  5 56036.27700290  7.844
 140 231.185787  65.686116    80.604    80.536  4 56046.19264297 11.862
 141 231.192314  65.687271    84.555    82.212  5 56056.10828152 10.678
 142 231.191566  65.687921    78.629    80.353  5 56066.02391529 12.573
 143 231.193632  65.686958    78.571    81.932  5 56075.93956219 18.850
 144 231.188152  65.686735    81.352    81.847  5 56085.85521091  8.279
 145 231.193566  65.686055    83.251    83.251  5 56095.77085828 24.490
 146 231.190383  65.686285    82.386    83.650  5 56105.68650272  7.170
 147 231.190602  65.685604    73.072    71.003  4 56115.60213304  6.672
 148 231.190504  65.684765    76.624    77.538  4 56125.51777116  7.022
 149 231.190186  65.683789    69.744    70.960  5 56135.43340528  8.849
 150 231.189716  65.683450    76.462    77.710  4 56145.34904718  7.424
 151 231.191795  65.683589    83.753    84.184  5 56155.26469719 13.192
 152 231.191636  65.684464    79.970    79.964  4 56165.18034593  7.158
 153 231.189866  65.685065    82.347    81.131  5 56175.09599234 17.635
 154 231.189261  65.684890    83.684    83.862  5 56185.01163379 11.085
 155 231.192107  65.683841    84.117    84.028  4 56194.92727181 10.215
 156 231.192268  65.683760    78.568    79.311  4 56204.84290666 10.049
 157 231.189104  65.685273    79.614    79.380  5 56214.75853968 28.973
 158 231.191070  65.687112    79.254    79.274  5 56224.67417660 28.652
 159 231.190229  65.687962    81.346    79.862  5 56234.58983226 21.988
 160 231.191256  65.687623    83.063    80.743  5 56244.50548420 17.226
 161 231.192934  65.686708    78.036    75.629  5 56254.42113126 13.556
 162 231.188901  65.686808    76.538    76.501  5 56264.33677355 13.590
 163 231.190321  65.686828    76.189    76.341  5 56274.25241453 12.427
 164 231.189475  65.686541    75.003    76.716  5 56284.16805880 13.459
 165 231.189645  65.685186    77.166    76.929  5 56294.08371001 12.409
 166 231.192018  65.683244    77.431    77.085  5 56303.99935715 12.387
 167 231.191894  65.682511    74.869    74.348  5 56313.91500007 12.504
 168 231.189596  65.683426    75.832    76.563  4 56323.83064070 12.186
 169 231.190464  65.684715    77.007    76.686  5 56333.74628097 10.218
 170 231.191107  65.685196    77.056    77.291  5 56343.66192065  8.804
 171 231.191475  65.684825    75.200    75.011  5 56353.57755804  8.555
 172 231.191240  65.683942    80.412    81.001  5 56363.49320107  8.210
 173 231.190247  65.683704    79.002    78.963  4 56373.40885004  8.288
 175 231.192519  65.685901    77.589    77.603  5 56393.24014048  7.660
 176 231.189720  65.687118    77.651    77.572  5 56403.15578255  6.591
 177 231.190562  65.687373    73.802    76.832  5 56413.07142211  5.873
 178 231.190949  65.687081    82.781    82.758  5 56422.98705670  3.295
 179 231.191145  65.686843    84.691    84.694  5 56432.90269958 20.781
 180 231.190263  65.686714    81.455    80.861  5 56442.81835197 23.951
 181 231.190872  65.686826    81.710    81.785  5 56452.73400195 28.426
 182 231.189156  65.686222    81.628    81.874  5 56462.64964919 26.143
 183 231.192702  65.684365    73.220    74.447  5 56472.56529365 11.589
 184 231.192791  65.682782    72.263    68.895  4 56482.48093433 12.467
 185 231.192219  65.682641    94.786    93.733  5 56492.39657127 27.746
 186 231.190335  65.684118    82.175    83.441  4 56502.31220552 14.671
 187 231.190492  65.685992    77.692    81.742  5 56512.22783835 12.113
 188 231.191972  65.686232    78.750    81.865  5 56522.14348553 11.814
 189 231.192892  65.685039    79.984    82.504  5 56532.05913823 12.938
 191 231.190259  65.683690    76.413    75.145  5 56551.89043176 12.904
 192 231.189721  65.685271    80.245    80.225  5 56561.80607437 23.780
 193 231.193772  65.687010    82.668    82.373  5 56571.72171625  8.246
 194 231.190168  65.688601    75.201    74.716  5 56581.63735573 25.642
 195 231.193327  65.688017    74.213    75.015  5 56591.55299167 17.565
 196 231.188602  65.686897    74.300    76.063  5 56601.46864040 18.582
 197 231.191068  65.685742    79.332    82.200  5 56611.38429049 20.995
 198 231.190188  65.686457    80.940    81.117  5 56621.29993561 20.122
 199 231.188993  65.687383    78.061    78.537  5 56631.21557767 18.214
 200 231.189800  65.687054    81.477    81.287  5 56641.13121604 15.531
 201 231.188926  65.684992    82.933    83.299  5 56651.04686377 12.106
 202 231.193101  65.682334    79.790    80.117  4 56660.96251454  9.097
 203 231.193421  65.681791    79.115    78.039  4 56670.87816162  9.058
 204 231.192173  65.683781    85.013    84.862  5 56680.79380647  6.486
 205 231.192487  65.685766    83.443    83.797  5 56690.70944963 12.168
 206 231.190321  65.686535    82.606    82.468  5 56700.62508918 13.614
 207 231.192535  65.685095    83.440    84.432  5 56710.54072446  9.259
 208 231.190943  65.683807    79.528    78.414  5 56720.45636709  7.579
 209 231.192268  65.683509    32.325    32.324  4 56730.37201923 22.104
 210 231.190870  65.685563    79.604    80.873  4 56740.28766715  7.416
 211 231.193808  65.687608    77.709    78.252  5 56750.20331133  8.331
 212 231.189591  65.688969    87.028    88.489  5 56760.11894997 12.836
 213 231.188339  65.688444    86.402    86.664  4 56770.03458252  7.753
 214 231.191499  65.686283    76.777    76.165  5 56779.95023436 14.056
 215 231.192655  65.685021    82.082    82.184  5 56789.86588982 27.032
 216 231.193078  65.685147    80.990    82.225  5 56799.78154191 12.790
 217 231.189580  65.686409    78.257    77.269  5 56809.69718714 10.784
 218 231.189993  65.686419    63.157    63.895  5 56819.61282756 13.288
 219 231.193039  65.684745    79.493    80.092  5 56829.52846444  8.396
 220 231.190689  65.683061    32.351    32.358  4 56839.44409763 28.852
 221 231.192152  65.682644    85.019    82.239  4 56849.35973074 25.078
 222 231.192109  65.683873    76.329    77.387  5 56859.27538518  7.818
 223 231.189330  65.686148    69.478    66.661  5 56869.19103838 21.488
 224 231.190323  65.686748    99.550   101.113  5 56879.10668968  9.507
 225 231.190839  65.685547    67.758    64.314  4 56889.02233757 13.173
 226 231.191473  65.683739    80.236    80.846  5 56898.93798280 21.341
 227 231.192516  65.683588    71.863    70.419  5 56908.85362565 11.742
 228 231.191534  65.685626    80.984    81.835  5 56918.76926638  9.879
 229 231.189574  65.688329    73.799    77.512  5 56928.68490496 15.930
 230 231.191965  65.689294    79.094    79.069  6 56938.60053969 22.484
 231 231.190786  65.688602    81.545    80.620  6 56948.51617380 27.239
 232 231.189854  65.686431    81.640    80.609  5 56958.43182688 24.349
 233 231.190726  65.685093    80.608    82.856  5 56968.34747483 23.866
 234 231.192107  65.685372    81.527    84.043  5 56978.26311879 18.864
 235 231.188412  65.686743    84.312    85.916  5 56988.17875775 16.845
 236 231.191007  65.686812    86.031    87.010  4 56998.09439120 17.446
 237 231.189644  65.685459    82.073    86.273  5 57008.01003990 17.588
 238 231.191789  65.683265    83.801    87.053  5 57017.92569341 13.857
 239 231.191580  65.682590    83.186    85.423  5 57027.84134337 14.683
 240 231.190194  65.683935    83.709    85.687  4 57037.75699143 16.908
 241 231.191091  65.685595    86.770    87.842  4 57047.67263718 14.487
 242 231.189609  65.686695    82.941    85.891  5 57057.58827898 12.601
 243 231.190675  65.686064    85.453    86.368  4 57067.50391554 13.762
 244 231.190953  65.685449    85.271    86.632  5 57077.41954770 10.726
 245 231.193454  65.685563    81.189    81.318  5 57087.33517982 11.400
 246 231.193202  65.686718    82.603    83.071  5 57097.25083846 12.574
 248 231.192245  65.688578    82.144    78.735  5 57117.08214502  5.079
 249 231.188655  65.687812    81.226    80.588  5 57126.99778942 15.125
 250 231.193125  65.685966    73.314    73.133  5 57136.91342921 10.701
 251 231.192243  65.685368    80.249    80.596  5 57146.82906443 14.921
 252 231.193549  65.685687    83.143    84.238  5 57156.74469740 17.907
 253 231.192380  65.686226    80.798    80.282  5 57166.66034116 17.318
 254 231.190992  65.685970    64.334    65.931  5 57176.57599758 11.770
 255 231.190953  65.684753    64.604    64.593  4 57186.49165019 10.800
 256 231.191240  65.683531    83.628    82.731  5 57196.40729869 25.706
 257 231.192491  65.683171    76.462    79.234  4 57206.32293356  8.478
 258 231.190664  65.684341    63.761    65.067  4 57216.23857835 12.599
 259 231.192817  65.685475    81.329    82.093  5 57226.15422230 18.009
 260 231.192265  65.686238    85.761    89.863  5 57236.06986398 25.866
 261 231.191479  65.686186    75.015    76.398  5 57245.98550222  8.690
 262 231.193147  65.685842    79.674    79.625  5 57255.90113813 28.277
 263 231.190501  65.686848    82.528    82.488  5 57265.81677237  8.806
 264 231.191197  65.688012    79.626    81.639  6 57275.73241577 17.914
 265 231.192900  65.688492    76.861    80.282  5 57285.64807293 14.153
 266 231.191046  65.688057    82.235    82.120  6 57295.56372690  9.559
 267 231.193732  65.686611    80.977    80.815  5 57305.47937767  9.209
 268 231.191038  65.685689    75.794    77.223  4 57315.39502405 10.918
 269 231.191187  65.685286    69.409    70.702  4 57325.31066741 16.397
 270 231.193156  65.685300    79.739    81.427  5 57335.22630893 21.911
 271 231.191728  65.685341    81.124    79.833  5 57345.14195498 20.127
 272 231.189867  65.684696    81.143    80.376  5 57355.05760249 23.211
 273 231.192486  65.683744    81.109    82.387  5 57364.97324648 16.142
 274 231.191746  65.683498    80.704    80.685  4 57374.88888676  9.293
 275 231.192103  65.684194    76.906    76.849  4 57384.80452530 12.063
 276 231.190504  65.685357    73.602    76.652  4 57394.72016323 12.764
 277 231.188268  65.686501    77.448    77.096  5 57404.63580018 10.847
 278 231.193152  65.686080    75.610    75.621  5 57414.55144804 11.458
 279 231.188521  65.686140    75.394    76.669  5 57424.46709909 11.599
 280 231.190719  65.686085    76.544    76.571  4 57434.38274781  9.607
 281 231.188429  65.687249    79.524    79.145  5 57444.29839426  9.529
 282 231.188779  65.688208    70.393    75.528  5 57454.21404024 10.969
 283 231.189326  65.688399    75.254    75.300  5 57464.12968446  8.586
 284 231.193920  65.687039    80.986    81.867  5 57474.04532542 11.979
 286 231.190053  65.685672    80.007    80.009  5 57493.87659599 10.491
 287 231.192584  65.686363    79.419    79.658  5 57503.79222826 10.583
 288 231.192379  65.686586    83.096    82.825  5 57513.70788210 15.620
 289 231.192437  65.685824    77.834    76.927  5 57523.62353683 11.443
 290 231.191599  65.684298    81.076    80.884  4 57533.53918919 27.236
 291 231.191263  65.683065    79.542    83.108  4 57543.45483845 12.536
 292 231.189652  65.683388    75.079    75.627  4 57553.37048486 11.960
 293 231.191649  65.684599    72.769    70.413  5 57563.28613001 12.530
 294 231.190895  65.685918    75.609    70.953  5 57573.20177439 17.936
 295 231.192868  65.685917    83.454    80.651  5 57583.11741888 27.274
 296 231.191644  65.685555    72.696    76.022  5 57593.03306120  9.335
 297 231.190806  65.685479    80.663    80.892  4 57602.94870115 23.641
