# NaN NaN NaN ;Mean Elev.(m), Avg Gradient(m/km), RMS Gradient(m/km) - SRTM1     
#   78.390 -38.115  37.667 ;Mean Elev.(m), Avg Gradient(m/km), RMS Gradient(m/km) - ASTER GDEM
#   87.455 -17.019  37.554 ;Mean Elev.(m), Avg Gradient(m/km), RMS Gradient(m/km) - GMTED2010 
  13   207.892 54781.82751439  9.55 236.192323  63.621053 19.128 -100.00 -100.00 -100.00
  13   217.300 54781.82751498  6.62 236.197662  63.622175 11.043 -100.00 -100.00 -100.00
  13   227.616 54781.82751557  7.92 236.203002  63.623298 13.316 -100.00 -100.00 -100.00
  14   216.467 54791.74315290  8.90 236.192933  63.620793 15.951 -100.00 -100.00 -100.00
  14   226.744 54791.74315349  6.56 236.198273  63.621916  9.604 -100.00 -100.00 -100.00
  14   227.844 54791.74315408  8.11 236.203612  63.623039 13.194 -100.00 -100.00 -100.00
  15   215.809 54801.65879028  7.90 236.192761  63.621736 10.869 -100.00 -100.00 -100.00
  15   226.820 54801.65879087 10.13 236.198100  63.622859 15.071 -100.00 -100.00 -100.00
  15   218.082 54801.65879146  7.89 236.203440  63.623981  8.853 -100.00 -100.00 -100.00
  18    84.547 54831.40572104 21.65 236.194873  63.623460   -100 -100.00 -100.00 -100.00
  18    84.344 54831.40572163 19.08 236.200213  63.624583   -100 -100.00 -100.00 -100.00
  31   395.880 54960.30906095  0.99 236.191072  63.617897  3.673 -100.00 -100.00 -100.00
  31   395.356 54960.30906154  0.34 236.196409  63.619020  3.757 -100.00 -100.00 -100.00
  31   405.946 54960.30906213  0.18 236.201747  63.620143  3.333 -100.00 -100.00 -100.00
  32   229.225 54970.22471002  9.80 236.194206  63.619864  4.846 -100.00 -100.00 -100.00
  32   231.221 54970.22471061 10.87 236.199544  63.620987  5.473 -100.00 -100.00 -100.00
  36    86.627 55009.88729710 36.61 236.188426  63.622847   -100 -100.00 -100.00 -100.00
  36    86.773 55009.88729769 39.16 236.193765  63.623970 30.326 -100.00 -100.00 -100.00
  36    86.866 55009.88729828 41.14 236.199104  63.625093 28.669 -100.00 -100.00 -100.00
  37   242.485 55019.80294123  3.73 236.192166  63.623600  4.579 -100.00 -100.00 -100.00
  37   241.230 55019.80294182  4.77 236.197505  63.624722  5.022 -100.00 -100.00 -100.00
  37   236.601 55019.80294241  6.40 236.202845  63.625845  5.115 -100.00 -100.00 -100.00
  38    86.726 55029.71858374 43.01 236.191865  63.624759 23.676 -100.00 -100.00 -100.00
  38    86.055 55029.71858434 55.02 236.197204  63.625882  5.829 -100.00 -100.00 -100.00
  38    86.050 55029.71858493 53.19 236.202544  63.627005 14.665 -100.00 -100.00 -100.00
  39    85.081 55039.63422519 40.22 236.187578  63.625310 32.000 -100.00 -100.00 -100.00
  39    85.365 55039.63422578 44.07 236.192917  63.626433 27.137 -100.00 -100.00 -100.00
  39    84.928 55039.63422637 54.43 236.198257  63.627555   -100 -100.00 -100.00 -100.00
  40    84.986 55049.54986568 38.02 236.187900  63.625656 20.934 -100.00 -100.00 -100.00
  40    84.773 55049.54986627 42.22 236.193239  63.626779 26.977 -100.00 -100.00 -100.00
  40    84.677 55049.54986686 47.33 236.198579  63.627902   -100 -100.00 -100.00 -100.00
  41    85.100 55059.46550395 39.95 236.189155  63.623880 20.341 -100.00 -100.00 -100.00
  41    84.586 55059.46550454 45.36 236.194494  63.625003 28.965 -100.00 -100.00 -100.00
  41    84.309 55059.46550513 56.12 236.199833  63.626125  0.145 -100.00 -100.00 -100.00
  42    85.953 55069.38114371 40.93 236.190699  63.621118 18.872 -100.00 -100.00 -100.00
  42    85.325 55069.38114430 45.43 236.196036  63.622241 32.083 -100.00 -100.00 -100.00
  42    85.200 55069.38114489 50.40 236.201375  63.623364   -100 -100.00 -100.00 -100.00
  44   104.659 55089.21244077  9.43 236.190431  63.620116  7.100 -100.00 -100.00 -100.00
  44    86.066 55089.21244136  9.26 236.195769  63.621238  6.681 -100.00 -100.00 -100.00
  44    85.694 55089.21244195  9.70 236.201108  63.622361  7.461 -100.00 -100.00 -100.00
  45    84.779 55099.12808748 42.12 236.191554  63.622774 23.283 -100.00 -100.00 -100.00
  45    84.519 55099.12808807 46.23 236.196893  63.623897   -100 -100.00 -100.00 -100.00
  45    84.475 55099.12808866 51.45 236.202232  63.625019   -100 -100.00 -100.00 -100.00
  46    84.643 55109.04373329 41.07 236.189453  63.624220 22.893 -100.00 -100.00 -100.00
  46    84.308 55109.04373388 43.91 236.194793  63.625342   -100 -100.00 -100.00 -100.00
  46    84.294 55109.04373447 49.23 236.200132  63.626465   -100 -100.00 -100.00 -100.00
  47   182.939 55118.95937787  1.90 236.189494  63.623550  6.077 -100.00 -100.00 -100.00
  47   185.020 55118.95937846  1.86 236.194833  63.624673  5.123 -100.00 -100.00 -100.00
  47   186.815 55118.95937905  7.85 236.200173  63.625796 15.835 -100.00 -100.00 -100.00
  48    83.806 55128.87502012 40.15 236.192226  63.621545 19.340 -100.00 -100.00 -100.00
  48    83.508 55128.87502071 52.04 236.197565  63.622668   -100 -100.00 -100.00 -100.00
  48    83.392 55128.87502130 53.68 236.202905  63.623791   -100 -100.00 -100.00 -100.00
  49    83.531 55138.79066022 43.26 236.193986  63.619858 25.856 -100.00 -100.00 -100.00
  49    83.198 55138.79066081 47.39 236.199326  63.620981   -100 -100.00 -100.00 -100.00
  49    83.630 55138.79066140 46.89 236.204665  63.622104   -100 -100.00 -100.00 -100.00
  50    82.389 55148.70629876 41.25 236.192731  63.619972 27.022 -100.00 -100.00 -100.00
  50    82.379 55148.70629935 44.17 236.198070  63.621094 31.911 -100.00 -100.00 -100.00
  50    82.319 55148.70629994 46.31 236.203410  63.622217   -100 -100.00 -100.00 -100.00
  51    86.382 55158.62193695 22.90 236.191529  63.621874   -100 -100.00 -100.00 -100.00
  51    86.497 55158.62193754 25.09 236.196868  63.622997   -100 -100.00 -100.00 -100.00
  51    86.358 55158.62193813 26.13 236.202207  63.624120   -100 -100.00 -100.00 -100.00
  52    86.330 55168.53757499 20.10 236.191938  63.623669   -100 -100.00 -100.00 -100.00
  52    86.249 55168.53757558 17.03 236.197277  63.624792 32.643 -100.00 -100.00 -100.00
  52    86.382 55168.53757617 19.89 236.202617  63.625915   -100 -100.00 -100.00 -100.00
  66   228.696 55307.35657228  7.96 236.190376  63.619553  5.916 -100.00 -100.00 -100.00
  66   231.158 55307.35657287  6.47 236.195713  63.620676  5.520 -100.00 -100.00 -100.00
  66   235.232 55307.35657346  6.35 236.201051  63.621799  5.939 -100.00 -100.00 -100.00
  68    86.003 55327.18786413 44.28 236.190722  63.619516 29.417 -100.00 -100.00 -100.00
  68    85.907 55327.18786472 46.33 236.196060  63.620639   -100 -100.00 -100.00 -100.00
  68    85.715 55327.18786531 50.56 236.201398  63.621762   -100 -100.00 -100.00 -100.00
  70    85.017 55347.01915280 40.03 236.187976  63.623206 21.296 -100.00 -100.00 -100.00
  70    84.855 55347.01915339 44.03 236.193315  63.624329   -100 -100.00 -100.00 -100.00
  70    84.786 55347.01915398 50.61 236.198654  63.625452   -100 -100.00 -100.00 -100.00
  71    85.587 55356.93479575 25.89 236.191148  63.624393 31.360 -100.00 -100.00 -100.00
  71    86.015 55356.93479634 27.25 236.196487  63.625516 26.954 -100.00 -100.00 -100.00
  71    86.038 55356.93479693 29.51 236.201826  63.626638   -100 -100.00 -100.00 -100.00
  72    84.958 55366.85043622 37.10 236.191105  63.623997   -100 -100.00 -100.00 -100.00
  72    85.060 55366.85043681 40.18 236.196444  63.625120 26.945 -100.00 -100.00 -100.00
  72    84.856 55366.85043741 43.33 236.201783  63.626243   -100 -100.00 -100.00 -100.00
  73    84.914 55376.76607495 30.31 236.188889  63.622986 19.692 -100.00 -100.00 -100.00
  73    84.587 55376.76607554 32.94 236.194228  63.624109   -100 -100.00 -100.00 -100.00
  73    84.697 55376.76607613 35.43 236.199567  63.625232   -100 -100.00 -100.00 -100.00
  74    85.874 55386.68171290 35.59 236.187633  63.622803 27.114 -100.00 -100.00 -100.00
  74    85.734 55386.68171349 39.17 236.192972  63.623926   -100 -100.00 -100.00 -100.00
  74    86.189 55386.68171408 42.24 236.198311  63.625049 26.008 -100.00 -100.00 -100.00
  74    86.046 55386.68171467 45.47 236.203650  63.626172   -100 -100.00 -100.00 -100.00
  75    84.844 55396.59735057 44.21 236.192111  63.623999   -100 -100.00 -100.00 -100.00
  75    85.024 55396.59735116 48.38 236.197449  63.625122   -100 -100.00 -100.00 -100.00
  75    84.855 55396.59735175 52.24 236.202789  63.626244   -100 -100.00 -100.00 -100.00
  76   216.891 55406.51299208  4.21 236.188469  63.622977  3.100 -100.00 -100.00 -100.00
  76   216.142 55406.51299267  5.04 236.193807  63.624100  3.654 -100.00 -100.00 -100.00
  76   215.699 55406.51299326  4.76 236.199146  63.625223  3.343 -100.00 -100.00 -100.00
  77    83.582 55416.42864353 10.40 236.191722  63.622875  6.240 -100.00 -100.00 -100.00
  77    83.528 55416.42864412 10.01 236.197061  63.623998  6.074 -100.00 -100.00 -100.00
  77    83.513 55416.42864471  8.10 236.202399  63.625120  4.132 -100.00 -100.00 -100.00
  78    84.168 55426.34429130 40.24 236.192812  63.621385 28.139 -100.00 -100.00 -100.00
  78    84.025 55426.34429189 45.48 236.198150  63.622508   -100 -100.00 -100.00 -100.00
  78    83.760 55426.34429248 49.42 236.203489  63.623630 11.092 -100.00 -100.00 -100.00
  80    84.446 55446.17558037 41.25 236.192986  63.620901 31.752 -100.00 -100.00 -100.00
  80    84.430 55446.17558096 47.61 236.198324  63.622023   -100 -100.00 -100.00 -100.00
  80    84.367 55446.17558155 48.23 236.203663  63.623146   -100 -100.00 -100.00 -100.00
  81    83.934 55456.09122367 10.73 236.191285  63.622098  5.334 -100.00 -100.00 -100.00
  81    84.084 55456.09122426 10.79 236.196623  63.623220  6.042 -100.00 -100.00 -100.00
  81    83.822 55456.09122485 11.21 236.201962  63.624343  6.317 -100.00 -100.00 -100.00
  82    83.784 55466.00686653 41.25 236.192195  63.623401 27.884 -100.00 -100.00 -100.00
  82    83.348 55466.00686712 47.61 236.197535  63.624524   -100 -100.00 -100.00 -100.00
  82    83.201 55466.00686771 50.66 236.202874  63.625647 27.758 -100.00 -100.00 -100.00
  83    82.898 55475.92250599 12.41 236.191649  63.622463  9.591 -100.00 -100.00 -100.00
  83    83.040 55475.92250658 12.79 236.196988  63.623586 10.642 -100.00 -100.00 -100.00
  83    83.024 55475.92250717 12.44 236.202328  63.624709 10.184 -100.00 -100.00 -100.00
  84   195.709 55485.83814239  0.51 236.193134  63.620650  4.816 -100.00 -100.00 -100.00
  84   186.757 55485.83814357  5.14 236.203812  63.622895 10.945 -100.00 -100.00 -100.00
  85    83.401 55495.75377650 40.16 236.193250  63.618960 18.288 -100.00 -100.00 -100.00
  85    83.181 55495.75377709 45.69 236.198589  63.620083 27.050 -100.00 -100.00 -100.00
  85    82.845 55495.75377768 51.12 236.203928  63.621206   -100 -100.00 -100.00 -100.00
  87    82.157 55515.58506162 40.35 236.191855  63.621634 27.073 -100.00 -100.00 -100.00
  87    82.311 55515.58506221 42.34 236.197194  63.622757 27.899 -100.00 -100.00 -100.00
  87    82.342 55515.58506280 45.39 236.202533  63.623880   -100 -100.00 -100.00 -100.00
  88    82.521 55525.50071136 23.20 236.191703  63.623750   -100 -100.00 -100.00 -100.00
  88    82.742 55525.50071195 19.69 236.197042  63.624873 31.806 -100.00 -100.00 -100.00
  88    82.568 55525.50071254 24.25 236.202382  63.625996   -100 -100.00 -100.00 -100.00
 105    90.394 55694.06662447 27.69 236.190887  63.621939 32.304 -100.00 -100.00 -100.00
 105    90.459 55694.06662506 28.00 236.196226  63.623062 31.875 -100.00 -100.00 -100.00
 105    90.779 55694.06662565 27.12 236.201564  63.624185 23.849 -100.00 -100.00 -100.00
 107   229.270 55713.89790596  7.41 236.189436  63.622481  6.182 -100.00 -100.00 -100.00
 107   229.443 55713.89790655  7.93 236.194775  63.623604  6.317 -100.00 -100.00 -100.00
 107   230.314 55713.89790714  9.20 236.200114  63.624727  9.027 -100.00 -100.00 -100.00
 108   258.578 55723.81355518  2.13 236.189303  63.623088  3.423 -100.00 -100.00 -100.00
 108   243.824 55723.81355577  3.42 236.194642  63.624211  4.537 -100.00 -100.00 -100.00
 108   243.213 55723.81355636  3.33 236.199981  63.625334  4.176 -100.00 -100.00 -100.00
 109   217.342 55733.72920222  4.75 236.187330  63.623509  4.593 -100.00 -100.00 -100.00
 109   220.174 55733.72920281  4.79 236.192669  63.624632  4.348 -100.00 -100.00 -100.00
 109   222.245 55733.72920340  4.36 236.198008  63.625755  3.914 -100.00 -100.00 -100.00
 109   219.109 55733.72920399  5.19 236.203348  63.626878  4.600 -100.00 -100.00 -100.00
 110    87.493 55743.64484867 44.51 236.192005  63.625138 26.783 -100.00 -100.00 -100.00
 110    87.185 55743.64484926 49.85 236.197344  63.626261   -100 -100.00 -100.00 -100.00
 110    86.996 55743.64484985 52.58 236.202684  63.627383  8.299 -100.00 -100.00 -100.00
 111    85.655 55753.56049285 41.44 236.190124  63.624442 24.547 -100.00 -100.00 -100.00
 111    85.183 55753.56049344 47.69 236.195463  63.625564   -100 -100.00 -100.00 -100.00
 111    85.056 55753.56049403 52.48 236.200802  63.626687  0.199 -100.00 -100.00 -100.00
 113    86.133 55773.39177399 41.55 236.190562  63.620567 19.836 -100.00 -100.00 -100.00
 113    85.648 55773.39177459 46.81 236.195899  63.621690 30.355 -100.00 -100.00 -100.00
 113    85.398 55773.39177518 51.45 236.201238  63.622812   -100 -100.00 -100.00 -100.00
 114    84.837 55783.30741024 43.59 236.194623  63.619960 28.184 -100.00 -100.00 -100.00
 114    84.584 55783.30741083 48.65 236.199961  63.621083   -100 -100.00 -100.00 -100.00
 115    85.568 55793.22304367 43.27 236.193780  63.620000 28.036 -100.00 -100.00 -100.00
 115    85.368 55793.22304426 48.37 236.199117  63.621123   -100 -100.00 -100.00 -100.00
 115    85.270 55793.22304485 52.47 236.204456  63.622245  1.158 -100.00 -100.00 -100.00
 116   226.369 55803.13867885  3.43 236.191572  63.620373  3.437 -100.00 -100.00 -100.00
 116   229.642 55803.13867944  3.86 236.196910  63.621496  3.743 -100.00 -100.00 -100.00
 116   234.341 55803.13868003  3.62 236.202248  63.622619  3.434 -100.00 -100.00 -100.00
 117    84.456 55813.05432871 39.28 236.190197  63.621116 23.866 -100.00 -100.00 -100.00
 117    84.254 55813.05432930 42.37 236.195535  63.622239   -100 -100.00 -100.00 -100.00
 117    83.998 55813.05432989 46.67 236.200874  63.623362   -100 -100.00 -100.00 -100.00
 118    83.709 55822.96997672 16.36 236.189578  63.620497  9.364 -100.00 -100.00 -100.00
 118    83.789 55822.96997731 17.02 236.194917  63.621621 11.433 -100.00 -100.00 -100.00
 118    83.770 55822.96997790 16.94 236.200255  63.622744 11.884 -100.00 -100.00 -100.00
 120    83.069 55842.80125892 20.05 236.189917  63.618549 14.328 -100.00 -100.00 -100.00
 120    83.330 55842.80125951 19.53 236.195255  63.619672 12.158 -100.00 -100.00 -100.00
 120    83.407 55842.80126010 25.12 236.200594  63.620795 27.730 -100.00 -100.00 -100.00
 121    83.389 55852.71689497 36.86 236.190987  63.619320 28.404 -100.00 -100.00 -100.00
 121    83.339 55852.71689556 39.44 236.196325  63.620443   -100 -100.00 -100.00 -100.00
 121    83.176 55852.71689615 43.25 236.201664  63.621566   -100 -100.00 -100.00 -100.00
 122    82.877 55862.63253009 38.58 236.190287  63.620718 22.093 -100.00 -100.00 -100.00
 122    83.505 55862.63253068 44.52 236.195625  63.621841 20.584 -100.00 -100.00 -100.00
 122    83.214 55862.63253127 53.45 236.200964  63.622964   -100 -100.00 -100.00 -100.00
 123    82.062 55872.54818450 40.53 236.190236  63.622867   -100 -100.00 -100.00 -100.00
 123    82.185 55872.54818509 42.24 236.195575  63.623990   -100 -100.00 -100.00 -100.00
 123    82.329 55872.54818569 44.56 236.200914  63.625113   -100 -100.00 -100.00 -100.00
 124   215.207 55882.46383361 10.09 236.188384  63.622968 14.748 -100.00 -100.00 -100.00
 124   208.012 55882.46383420 11.35 236.193722  63.624091 18.019 -100.00 -100.00 -100.00
 124   216.766 55882.46383479  8.89 236.199061  63.625214 11.922 -100.00 -100.00 -100.00
 125   156.002 55892.37947730  0.05 236.196655  63.624339  3.990 -100.00 -100.00 -100.00
 125   157.211 55892.37947789  0.26 236.201994  63.625462  4.273 -100.00 -100.00 -100.00
 143   228.808 56070.86103438  9.49 236.191485  63.622412  5.921 -100.00 -100.00 -100.00
 143   230.082 56070.86103497  9.53 236.196823  63.623535  5.221 -100.00 -100.00 -100.00
 143   231.811 56070.86103556 11.17 236.202163  63.624658  7.256 -100.00 -100.00 -100.00
 144    86.643 56080.77668517 41.56 236.191670  63.622750 27.468 -100.00 -100.00 -100.00
 144    86.388 56080.77668576 47.91 236.197009  63.623873   -100 -100.00 -100.00 -100.00
 144    86.462 56080.77668635 50.93 236.202348  63.624996   -100 -100.00 -100.00 -100.00
 145    90.194 56090.69233294 42.43 236.188328  63.623309 25.225 -100.00 -100.00 -100.00
 145    89.829 56090.69233353 46.95 236.193667  63.624432   -100 -100.00 -100.00 -100.00
 145    89.953 56090.69233412 52.07 236.199006  63.625555   -100 -100.00 -100.00 -100.00
 146    88.078 56100.60797863 41.64 236.188218  63.624603 21.302 -100.00 -100.00 -100.00
 146    87.568 56100.60797922 46.88 236.193557  63.625726   -100 -100.00 -100.00 -100.00
 146    87.412 56100.60797981 51.82 236.198897  63.626849  9.126 -100.00 -100.00 -100.00
 147    87.725 56110.52360996 41.62 236.187992  63.624093 22.459 -100.00 -100.00 -100.00
 147    87.437 56110.52361055 45.80 236.193331  63.625216   -100 -100.00 -100.00 -100.00
 147    87.119 56110.52361114 51.10 236.198670  63.626339   -100 -100.00 -100.00 -100.00
 148    85.511 56120.43924990 19.06 236.191545  63.622289 15.202 -100.00 -100.00 -100.00
 148    85.562 56120.43925049 15.15 236.196884  63.623412  8.047 -100.00 -100.00 -100.00
 148    85.291 56120.43925108 14.76 236.202222  63.624534  8.559 -100.00 -100.00 -100.00
 149    85.264 56130.35488590 42.64 236.193339  63.619472 23.252 -100.00 -100.00 -100.00
 149    84.525 56130.35488649 49.04 236.198676  63.620595   -100 -100.00 -100.00 -100.00
 149    84.528 56130.35488708 53.57 236.204014  63.621717  7.116 -100.00 -100.00 -100.00
 150    84.670 56140.27051921 41.70 236.194554  63.618253 24.398 -100.00 -100.00 -100.00
 150    84.381 56140.27051980 46.91 236.199892  63.619376   -100 -100.00 -100.00 -100.00
 151   215.440 56150.18617000  1.95 236.190330  63.619740  2.930 -100.00 -100.00 -100.00
 151   221.075 56150.18617059  2.81 236.195668  63.620863  4.055 -100.00 -100.00 -100.00
 151   226.754 56150.18617118  2.75 236.201006  63.621986  3.769 -100.00 -100.00 -100.00
 152    83.795 56160.10181929 39.61 236.189169  63.622242 27.383 -100.00 -100.00 -100.00
 152    83.773 56160.10181988 41.83 236.194507  63.623365   -100 -100.00 -100.00 -100.00
 152    83.774 56160.10182047 44.94 236.199846  63.624488   -100 -100.00 -100.00 -100.00
 153   241.073 56170.01746714  7.48 236.189916  63.623294  4.056 -100.00 -100.00 -100.00
 153   232.584 56170.01746773  6.98 236.195255  63.624416  4.232 -100.00 -100.00 -100.00
 153   234.530 56170.01746832  7.48 236.200594  63.625539  3.917 -100.00 -100.00 -100.00
 154    83.183 56179.93311124 27.50 236.192446  63.622235 25.405 -100.00 -100.00 -100.00
 154    83.512 56179.93311183 29.91 236.197785  63.623358 25.320 -100.00 -100.00 -100.00
 154    83.857 56179.93311242 30.78 236.203124  63.624481 22.051 -100.00 -100.00 -100.00
 156    83.436 56199.76438764 39.66 236.192195  63.619355 30.366 -100.00 -100.00 -100.00
 156    83.853 56199.76438824 41.84 236.197534  63.620478 24.574 -100.00 -100.00 -100.00
 156    83.480 56199.76438883 46.13 236.202872  63.621601   -100 -100.00 -100.00 -100.00
 158    83.911 56219.59565429  5.97 236.189787  63.622289  4.361 -100.00 -100.00 -100.00
 158    83.512 56219.59565488  6.87 236.195125  63.623412  5.887 -100.00 -100.00 -100.00
 158    83.385 56219.59565547  5.78 236.200464  63.624535  4.312 -100.00 -100.00 -100.00
 159    83.555 56229.51130295 41.96 236.190812  63.624365 20.136 -100.00 -100.00 -100.00
 159    83.227 56229.51130354 46.19 236.196151  63.625489 26.814 -100.00 -100.00 -100.00
 159    83.351 56229.51130413 49.88 236.201491  63.626611   -100 -100.00 -100.00 -100.00
 160    81.895 56239.42695629 41.83 236.189783  63.624140 27.421 -100.00 -100.00 -100.00
 160    81.979 56239.42695688 43.85 236.195122  63.625263 28.907 -100.00 -100.00 -100.00
 160    81.861 56239.42695747 47.85 236.200461  63.626386   -100 -100.00 -100.00 -100.00
 180   227.765 56437.73982359  8.82 236.188913  63.622422  4.178 -100.00 -100.00 -100.00
 180   229.213 56437.73982418 10.49 236.194252  63.623545  6.251 -100.00 -100.00 -100.00
 180   230.693 56437.73982477 10.81 236.199591  63.624668  4.791 -100.00 -100.00 -100.00
 182    86.216 56457.57112431 17.77 236.189597  63.624557 17.089 -100.00 -100.00 -100.00
 182    86.455 56457.57112490 19.33 236.194936  63.625680 21.252 -100.00 -100.00 -100.00
 182    86.535 56457.57112549 21.67 236.200275  63.626803 29.624 -100.00 -100.00 -100.00
 183    87.731 56467.48677013 41.98 236.189577  63.624263 16.522 -100.00 -100.00 -100.00
 183    87.020 56467.48677072 47.17 236.194916  63.625385 29.234 -100.00 -100.00 -100.00
 183    87.114 56467.48677131 51.64 236.200256  63.626508   -100 -100.00 -100.00 -100.00
 184    86.839 56477.40241168 10.86 236.188593  63.622421  4.960 -100.00 -100.00 -100.00
 184    86.804 56477.40241227 10.77 236.193932  63.623544  4.953 -100.00 -100.00 -100.00
 184    86.958 56477.40241286 10.18 236.199271  63.624666  4.262 -100.00 -100.00 -100.00
 185    86.428 56487.31804978 42.02 236.190549  63.620546 20.502 -100.00 -100.00 -100.00
 185    86.008 56487.31805038 47.14 236.195887  63.621669   -100 -100.00 -100.00 -100.00
 185    85.765 56487.31805097 51.93 236.201225  63.622792  1.776 -100.00 -100.00 -100.00
 186    85.124 56497.23368567 44.13 236.194578  63.620389 30.155 -100.00 -100.00 -100.00
 186    84.935 56497.23368626 50.36 236.199916  63.621512   -100 -100.00 -100.00 -100.00
 187    84.873 56507.14931968 40.83 236.191570  63.620123   -100 -100.00 -100.00 -100.00
 187    84.845 56507.14932027 42.02 236.196908  63.621246   -100 -100.00 -100.00 -100.00
 187    84.948 56507.14932086 42.89 236.202246  63.622369   -100 -100.00 -100.00 -100.00
 188    84.487 56517.06495630 11.96 236.193671  63.621664  7.836 -100.00 -100.00 -100.00
 188    84.652 56517.06495689  9.93 236.199009  63.622787  5.303 -100.00 -100.00 -100.00
 189    84.026 56526.98061071 11.98 236.191849  63.622530  4.493 -100.00 -100.00 -100.00
 189    84.117 56526.98061130 11.09 236.197188  63.623653  3.756 -100.00 -100.00 -100.00
 189    84.058 56526.98061189 10.84 236.202527  63.624776  3.280 -100.00 -100.00 -100.00
 190    84.106 56536.89626086  8.57 236.191050  63.622119  5.506 -100.00 -100.00 -100.00
 190    84.056 56536.89626146  9.94 236.196389  63.623242  7.488 -100.00 -100.00 -100.00
 190    84.104 56536.89626205 10.06 236.201728  63.624365  7.773 -100.00 -100.00 -100.00
 193    84.222 56566.64319368 38.00 236.191279  63.623189 25.823 -100.00 -100.00 -100.00
 193    83.637 56566.64319427 43.70 236.196619  63.624312  2.143 -100.00 -100.00 -100.00
 193    83.497 56566.64319486 40.60 236.201958  63.625435 10.766 -100.00 -100.00 -100.00
 195    83.511 56586.47447261 41.01 236.187880  63.624731 20.798 -100.00 -100.00 -100.00
 195    83.718 56586.47447320 43.16 236.193218  63.625854 23.749 -100.00 -100.00 -100.00
 195    83.387 56586.47447379 48.82 236.198558  63.626977   -100 -100.00 -100.00 -100.00
 196   225.428 56596.39011195  6.09 236.191442  63.624552  6.161 -100.00 -100.00 -100.00
 196   226.652 56596.39011254  5.52 236.196781  63.625675  6.198 -100.00 -100.00 -100.00
 196   227.868 56596.39011313  7.51 236.202121  63.626798  7.744 -100.00 -100.00 -100.00
 197    82.790 56606.30576402 42.02 236.191707  63.624146 28.016 -100.00 -100.00 -100.00
 197    82.919 56606.30576461 45.64 236.197046  63.625269   -100 -100.00 -100.00 -100.00
 197    82.692 56606.30576520 44.40 236.202385  63.626392   -100 -100.00 -100.00 -100.00
 198    81.624 56616.22141079 38.68 236.187592  63.622958 30.918 -100.00 -100.00 -100.00
 198    81.709 56616.22141138 40.93 236.192931  63.624081 27.879 -100.00 -100.00 -100.00
 198    81.793 56616.22141197 44.16 236.198270  63.625204 31.721 -100.00 -100.00 -100.00
 198    81.355 56616.22141256 43.92 236.203610  63.626327   -100 -100.00 -100.00 -100.00
 199    83.809 56626.13705476 17.18 236.189511  63.623349 12.372 -100.00 -100.00 -100.00
 199    83.650 56626.13705535 17.52 236.194850  63.624472 13.258 -100.00 -100.00 -100.00
 199    83.733 56626.13705594 18.06 236.200190  63.625594 12.758 -100.00 -100.00 -100.00
 200    85.115 56636.05269558 10.63 236.187591  63.622793  8.529 -100.00 -100.00 -100.00
 200    85.094 56636.05269617  9.53 236.192930  63.623916  5.492 -100.00 -100.00 -100.00
 200    84.878 56636.05269676 11.04 236.198269  63.625039  8.692 -100.00 -100.00 -100.00
 200    85.033 56636.05269735 10.65 236.203609  63.626162  7.193 -100.00 -100.00 -100.00
 202    84.656 56655.88398813  9.07 236.191001  63.622090  6.102 -100.00 -100.00 -100.00
 202    84.678 56655.88398872  9.35 236.196341  63.623213  6.574 -100.00 -100.00 -100.00
 202    84.602 56655.88398931  9.99 236.201680  63.624335  8.748 -100.00 -100.00 -100.00
 203   208.803 56665.79963647  8.31 236.193730  63.621786  7.787 -100.00 -100.00 -100.00
 203   217.207 56665.79963706  5.26 236.199069  63.622909  4.604 -100.00 -100.00 -100.00
 205   262.567 56685.63092600  2.18 236.191668  63.622297  3.513 -100.00 -100.00 -100.00
 205   267.657 56685.63092659  1.57 236.197007  63.623420  3.849 -100.00 -100.00 -100.00
 205   269.387 56685.63092718  1.49 236.202347  63.624543  3.511 -100.00 -100.00 -100.00
 206   228.494 56695.54656844  7.78 236.192656  63.623356  6.707 -100.00 -100.00 -100.00
 206   230.560 56695.54656904  7.43 236.197995  63.624479  6.466 -100.00 -100.00 -100.00
 206   227.948 56695.54656963  8.07 236.203335  63.625601  6.772 -100.00 -100.00 -100.00
 207   228.850 56705.46220606  6.86 236.191896  63.622867  5.280 -100.00 -100.00 -100.00
 207   226.330 56705.46220665  8.13 236.197235  63.623990  7.531 -100.00 -100.00 -100.00
 207   231.195 56705.46220724  7.14 236.202575  63.625112  6.399 -100.00 -100.00 -100.00
 208   228.574 56715.37783827  7.22 236.192498  63.621574  6.870 -100.00 -100.00 -100.00
 208   229.987 56715.37783886  7.65 236.197836  63.622697  8.589 -100.00 -100.00 -100.00
 208   231.349 56715.37783945  7.76 236.203175  63.623820  7.495 -100.00 -100.00 -100.00
 218    86.450 56814.53430548 42.20 236.188364  63.624341 26.538 -100.00 -100.00 -100.00
 218    86.161 56814.53430607 47.42 236.193703  63.625463   -100 -100.00 -100.00 -100.00
 218    86.230 56814.53430666 52.01 236.199043  63.626586   -100 -100.00 -100.00 -100.00
 219    86.365 56824.44994449 36.28 236.190850  63.623060 28.284 -100.00 -100.00 -100.00
 219    86.140 56824.44994508 42.28 236.196188  63.624183   -100 -100.00 -100.00 -100.00
 219    86.199 56824.44994567 45.22 236.201528  63.625305   -100 -100.00 -100.00 -100.00
 221    85.915 56844.28121094 40.16 236.191605  63.620460 22.969 -100.00 -100.00 -100.00
 221    85.697 56844.28121153 45.15 236.196942  63.621583   -100 -100.00 -100.00 -100.00
 221    85.548 56844.28121212 49.44 236.202281  63.622706   -100 -100.00 -100.00 -100.00
 222    85.423 56854.19685578 13.99 236.198870  63.622814  5.340 -100.00 -100.00 -100.00
 222    85.268 56854.19685637 14.06 236.204209  63.623936  5.444 -100.00 -100.00 -100.00
 224    83.660 56874.02816199 28.38 236.189313  63.622980 20.510 -100.00 -100.00 -100.00
 224    83.609 56874.02816258 28.42 236.194652  63.624103 21.444 -100.00 -100.00 -100.00
 224    83.738 56874.02816317 32.55 236.199991  63.625225 29.856 -100.00 -100.00 -100.00
 225    83.261 56883.94381230 27.06 236.191700  63.623488   -100 -100.00 -100.00 -100.00
 225    83.314 56883.94381289 29.32 236.197039  63.624611   -100 -100.00 -100.00 -100.00
 225    83.282 56883.94381348 30.35 236.202378  63.625733   -100 -100.00 -100.00 -100.00
 226    83.460 56893.85945906 40.14 236.191581  63.623336 25.237 -100.00 -100.00 -100.00
 226    83.165 56893.85945965 45.29 236.196920  63.624459   -100 -100.00 -100.00 -100.00
 226    82.996 56893.85946024 48.24 236.202260  63.625581  5.512 -100.00 -100.00 -100.00
 227   229.748 56903.77510249  3.11 236.189835  63.623558  4.598 -100.00 -100.00 -100.00
 227   229.671 56903.77510308  4.31 236.195175  63.624680  5.358 -100.00 -100.00 -100.00
 227   231.341 56903.77510367  4.99 236.200514  63.625803  5.996 -100.00 -100.00 -100.00
 228    83.271 56913.69074408 39.98 236.189365  63.625008 19.394 -100.00 -100.00 -100.00
 228    82.811 56913.69074467 43.07 236.194705  63.626131 32.540 -100.00 -100.00 -100.00
 228    82.469 56913.69074526 54.69 236.200045  63.627253  4.589 -100.00 -100.00 -100.00
 229    82.536 56923.60638382 38.24 236.188296  63.625901 29.336 -100.00 -100.00 -100.00
 229    83.045 56923.60638441 42.10 236.193636  63.627023 25.067 -100.00 -100.00 -100.00
 229    82.361 56923.60638500 53.50 236.198976  63.628146 19.480 -100.00 -100.00 -100.00
 230    82.082 56933.52202120 14.72 236.189802  63.626112  3.744 -100.00 -100.00 -100.00
 230    82.069 56933.52202179 15.00 236.195142  63.627235  3.754 -100.00 -100.00 -100.00
 230    81.919 56933.52202238 14.92 236.200482  63.628357  3.904 -100.00 -100.00 -100.00
 231    82.370 56943.43765346 17.82 236.194268  63.625339 11.317 -100.00 -100.00 -100.00
 231    82.096 56943.43765405 20.83 236.199608  63.626462 19.918 -100.00 -100.00 -100.00
 232   208.976 56953.35329908  4.23 236.189472  63.623148  5.296 -100.00 -100.00 -100.00
 232   215.592 56953.35329967  6.07 236.194810  63.624271  6.811 -100.00 -100.00 -100.00
 232   217.988 56953.35330026  4.59 236.200149  63.625394  5.718 -100.00 -100.00 -100.00
 233    82.531 56963.26894970 41.10 236.191798  63.623666 27.591 -100.00 -100.00 -100.00
 233    82.450 56963.26895029 45.12 236.197136  63.624788   -100 -100.00 -100.00 -100.00
 233    82.473 56963.26895088 46.82 236.202476  63.625911   -100 -100.00 -100.00 -100.00
 234    81.752 56973.18459532 41.15 236.191266  63.624387 27.577 -100.00 -100.00 -100.00
 234    81.965 56973.18459591 43.41 236.196605  63.625510 26.477 -100.00 -100.00 -100.00
 234    81.926 56973.18459650 45.35 236.201945  63.626633   -100 -100.00 -100.00 -100.00
 235    84.039 56983.10023642 22.43 236.188694  63.624263   -100 -100.00 -100.00 -100.00
 235    83.934 56983.10023701 24.53 236.194033  63.625386   -100 -100.00 -100.00 -100.00
 235    83.913 56983.10023760 18.78 236.199373  63.626509 31.451 -100.00 -100.00 -100.00
 236   224.532 56993.01587310  8.04 236.189784  63.623229  7.865 -100.00 -100.00 -100.00
 236   225.490 56993.01587369  9.31 236.195123  63.624352  9.545 -100.00 -100.00 -100.00
 236   217.470 56993.01587428 10.13 236.200463  63.625475 11.223 -100.00 -100.00 -100.00
 251   334.930 57141.75054519  4.51 236.187992  63.622207  7.019 -100.00 -100.00 -100.00
 251   359.563 57141.75054578  1.14 236.193331  63.623330  4.034 -100.00 -100.00 -100.00
 251   359.746 57141.75054637  0.34 236.198670  63.624453  4.363 -100.00 -100.00 -100.00
 253   214.154 57161.58181021  6.87 236.189496  63.623074  3.682 -100.00 -100.00 -100.00
 253   214.440 57161.58181080  7.36 236.194835  63.624197  4.055 -100.00 -100.00 -100.00
 253   214.776 57161.58181139  8.09 236.200174  63.625320  5.344 -100.00 -100.00 -100.00
 254    86.148 57171.49746658 40.29 236.188233  63.622717 17.988 -100.00 -100.00 -100.00
 254    85.292 57171.49746717 45.25 236.193571  63.623840   -100 -100.00 -100.00 -100.00
 254    85.111 57171.49746776 50.31 236.198910  63.624963   -100 -100.00 -100.00 -100.00
 255    85.030 57181.41312167 41.30 236.193716  63.622265 27.982 -100.00 -100.00 -100.00
 255    84.983 57181.41312226 47.73 236.199054  63.623388   -100 -100.00 -100.00 -100.00
 256    84.142 57191.32877181 19.31 236.189450  63.620029 11.168 -100.00 -100.00 -100.00
 256    83.929 57191.32877240 17.95 236.194788  63.621152  8.828 -100.00 -100.00 -100.00
 256    83.761 57191.32877299 16.24 236.200126  63.622275  5.935 -100.00 -100.00 -100.00
 257    83.940 57201.24442001  8.94 236.193040  63.621383  5.029 -100.00 -100.00 -100.00
 257    83.902 57201.24442060 10.05 236.198378  63.622505  6.534 -100.00 -100.00 -100.00
 257    83.913 57201.24442119  9.99 236.203717  63.623628  6.227 -100.00 -100.00 -100.00
 258    83.835 57211.16005417 41.33 236.191341  63.623003 27.346 -100.00 -100.00 -100.00
 258    83.483 57211.16005476 50.71 236.196679  63.624125  6.586 -100.00 -100.00 -100.00
 258    83.865 57211.16005535 50.60 236.202018  63.625248   -100 -100.00 -100.00 -100.00
 259    84.918 57221.07569811 41.27 236.190246  63.624345 16.634 -100.00 -100.00 -100.00
 259    84.214 57221.07569870 47.46 236.195585  63.625468   -100 -100.00 -100.00 -100.00
 259    83.678 57221.07569929 52.76 236.200924  63.626590 26.630 -100.00 -100.00 -100.00
 260    83.859 57230.99134043 30.23 236.187265  63.623502 30.332 -100.00 -100.00 -100.00
 260    83.752 57230.99134103 32.31 236.192604  63.624625   -100 -100.00 -100.00 -100.00
 260    83.771 57230.99134162 33.45 236.197943  63.625748   -100 -100.00 -100.00 -100.00
 260    83.775 57230.99134221 28.74 236.203283  63.626870 32.084 -100.00 -100.00 -100.00
 263    82.797 57260.73825360 27.38 236.188618  63.621449 25.807 -100.00 -100.00 -100.00
 263    82.791 57260.73825419 28.79 236.193956  63.622573 32.466 -100.00 -100.00 -100.00
 263    82.997 57260.73825478 31.19 236.199295  63.623696   -100 -100.00 -100.00 -100.00
 265    83.062 57280.56954246 39.50 236.188118  63.625444 28.314 -100.00 -100.00 -100.00
 265    83.091 57280.56954305 45.39 236.193457  63.626567   -100 -100.00 -100.00 -100.00
 265    82.889 57280.56954364 54.95 236.198796  63.627690 22.286 -100.00 -100.00 -100.00
 266   229.769 57290.48519874  4.91 236.196569  63.627808  3.538 -100.00 -100.00 -100.00
 266   232.798 57290.48519933  4.72 236.201909  63.628931  3.730 -100.00 -100.00 -100.00
 268    83.070 57310.31649855 39.47 236.189264  63.622868 21.639 -100.00 -100.00 -100.00
 268    82.878 57310.31649914 43.31 236.194603  63.623991 31.715 -100.00 -100.00 -100.00
 268    82.737 57310.31649973 49.65 236.199942  63.625114   -100 -100.00 -100.00 -100.00
 269    83.206 57320.23214377 36.70 236.189018  63.622363 20.658 -100.00 -100.00 -100.00
 269    83.052 57320.23214436 39.41 236.194357  63.623486 21.801 -100.00 -100.00 -100.00
 269    82.950 57320.23214495 45.45 236.199696  63.624608 29.845 -100.00 -100.00 -100.00
 270    82.850 57330.14778683 42.48 236.192215  63.624258 25.245 -100.00 -100.00 -100.00
 270    82.738 57330.14778742 47.65 236.197554  63.625381 30.593 -100.00 -100.00 -100.00
 270    82.527 57330.14778801 47.27 236.202894  63.626503   -100 -100.00 -100.00 -100.00
 271    82.260 57340.06342736 41.46 236.191643  63.625500 23.368 -100.00 -100.00 -100.00
 271    82.238 57340.06342795 44.59 236.196982  63.626623 27.567 -100.00 -100.00 -100.00
 271    82.172 57340.06342854 42.41 236.202322  63.627745   -100 -100.00 -100.00 -100.00
 272    82.946 57349.97907729 15.83 236.190503  63.625263 23.666 -100.00 -100.00 -100.00
 272    82.955 57349.97907788 19.41 236.195843  63.626386 28.928 -100.00 -100.00 -100.00
 272    83.105 57349.97907847 19.91 236.201183  63.627509   -100 -100.00 -100.00 -100.00
 273    83.948 57359.89472265 10.81 236.191570  63.623207 11.059 -100.00 -100.00 -100.00
 273    84.042 57359.89472324 11.82 236.196909  63.624329 12.731 -100.00 -100.00 -100.00
 273    84.003 57359.89472383 11.64 236.202250  63.625452 13.025 -100.00 -100.00 -100.00
 274    84.278 57369.81036476 11.01 236.192377  63.620838 11.044 -100.00 -100.00 -100.00
 274    84.275 57369.81036535 11.39 236.197717  63.621961 12.941 -100.00 -100.00 -100.00
 274    84.320 57369.81036594 11.09 236.203057  63.623084 11.800 -100.00 -100.00 -100.00
 289   230.527 57518.54500887 12.17 236.198076  63.624657  5.163 -100.00 -100.00 -100.00
 289   231.296 57518.54500946 13.55 236.203415  63.625780  6.559 -100.00 -100.00 -100.00
 290   244.982 57528.46066109  2.94 236.190075  63.623373  3.679 -100.00 -100.00 -100.00
 290   241.806 57528.46066168  4.77 236.195414  63.624496  6.209 -100.00 -100.00 -100.00
 290   231.371 57528.46066227  7.11 236.200753  63.625619  7.422 -100.00 -100.00 -100.00
 291   231.548 57538.37631125  3.96 236.191607  63.622298  5.385 -100.00 -100.00 -100.00
 291   235.871 57538.37631185  3.73 236.196945  63.623420  4.766 -100.00 -100.00 -100.00
 291   232.911 57538.37631244  4.78 236.202284  63.624543  7.615 -100.00 -100.00 -100.00
 292   125.533 57548.29195920  8.87 236.196615  63.621982 10.969 -100.00 -100.00 -100.00
 292   125.480 57548.29195979  8.32 236.201953  63.623104 10.941 -100.00 -100.00 -100.00
 293    85.699 57558.20760495 43.61 236.192647  63.621118 22.721 -100.00 -100.00 -100.00
 293    85.462 57558.20760554 48.22 236.197986  63.622241   -100 -100.00 -100.00 -100.00
 293    85.228 57558.20760613 53.51 236.203324  63.623363  5.011 -100.00 -100.00 -100.00
 294    85.605 57568.12325050 44.73 236.193394  63.622961 31.360 -100.00 -100.00 -100.00
 294    85.369 57568.12325109 48.44 236.198733  63.624083   -100 -100.00 -100.00 -100.00
 295    84.004 57578.03889508 22.07 236.190684  63.624093 18.649 -100.00 -100.00 -100.00
 295    84.425 57578.03889567 20.83 236.196023  63.625216 14.551 -100.00 -100.00 -100.00
 295    84.124 57578.03889626 19.65 236.201362  63.626339 15.351 -100.00 -100.00 -100.00
 296   102.991 57587.95453811  9.99 236.187475  63.623994  7.782 -100.00 -100.00 -100.00
 296   102.903 57587.95453870  9.07 236.192814  63.625117  6.907 -100.00 -100.00 -100.00
 296    84.365 57587.95453929 10.01 236.198153  63.626240  8.945 -100.00 -100.00 -100.00
 296    84.531 57587.95453988  7.85 236.203493  63.627362  5.922 -100.00 -100.00 -100.00
 297    84.590 57597.87017929 41.45 236.191378  63.624161 21.000 -100.00 -100.00 -100.00
 297    84.224 57597.87017988 46.78 236.196718  63.625284   -100 -100.00 -100.00 -100.00
 297    83.998 57597.87018047 49.47 236.202057  63.626407   -100 -100.00 -100.00 -100.00
