-104534.614   444.668     0.00   43.68
-104247.524   453.351    30.24   42.37
-103960.426   468.947    54.32   46.14
-103673.321   486.062    59.61   51.38
-103386.209   512.077    90.61   53.41
-103099.089   535.179    80.46   54.80
-102811.961   563.126    97.33   51.72
-102524.826   586.784    82.39   42.88
-102237.684   606.052    67.10   31.87
-101950.534   620.315    49.67   29.62
-101663.377   631.792    39.97   27.24
-101376.212   640.863    31.59   23.58
-101089.040   649.597    30.41   17.01
-100801.860   654.083    15.62   12.29
-100514.673   654.610     1.84   10.94
-100227.479   654.327    -0.99    9.98
 -99940.277   653.025    -4.53    9.55
 -99653.067   651.018    -6.99    9.22
 -99365.850   647.932   -10.74    9.94
 -99078.625   643.648   -14.91   11.79
 -98791.393   638.032   -19.55   13.21
 -98504.154   632.052   -20.82   12.90
 -98217.163   626.614   -18.95   11.28
 -97931.433   621.967   -16.26    9.09
 -97645.697   618.438   -12.35    7.33
 -97359.954   616.093    -8.21    7.57
 -97074.205   613.707    -8.35    8.53
 -96788.449   611.032    -9.36    8.69
 -96502.686   608.561    -8.65    9.97
 -96216.917   605.446   -10.90   10.74
 -95931.141   601.524   -13.72   10.66
 -95645.358   597.428   -14.33   10.29
 -95359.569   593.567   -13.51   10.48
 -95073.773   589.112   -15.59    9.96
 -94787.971   584.322   -16.76    9.14
 -94502.162   580.286   -14.12    8.83
 -94216.346   577.031   -11.39    8.29
 -93930.524   573.912   -10.91    7.77
 -93644.695   571.377    -8.87    7.39
 -93358.859   569.605    -6.20    7.04
 -93073.017   568.301    -4.56    6.99
 -92787.168   567.397    -3.16    6.70
 -92501.312   566.235    -4.07    6.12
 -92215.450   565.721    -1.80    6.17
 -91929.581   563.975    -6.11    6.94
 -91643.706   562.030    -6.80    7.61
 -91357.824   560.593    -5.03    7.38
 -91071.935   561.222     2.20    8.16
 -90786.039   563.263     7.14   11.44
 -90500.137   568.003    16.58   15.26
 -90214.229   575.438    26.01   18.49
 -89928.313   582.996    26.43   18.69
 -89642.391   590.454    26.08   16.12
 -89356.463   595.136    16.37   14.72
 -89070.528   596.923     6.25   15.28
 -88784.586   594.420    -8.75   18.63
 -88498.637   590.079   -15.18   21.51
 -88212.682   583.031   -24.65   22.57
 -87926.720   574.003   -31.57   22.36
 -87640.752   564.804   -32.17   21.33
 -87354.777   556.258   -29.88   19.69
 -87068.795   548.161   -28.31   17.23
 -86782.806   541.823   -22.16   15.53
 -86496.811   536.086   -20.06   14.12
 -86210.810   531.948   -14.47   12.76
 -85924.801   527.489   -15.59   12.34
 -85638.786   524.634    -9.98   13.24
 -85352.765   523.376    -4.40   14.74
 -85066.736   522.151    -4.28   16.89
 -84780.701   522.726     2.01   19.72
 -84494.660   526.119    11.86   22.37
 -84208.611   529.613    12.21   24.99
 -83922.556   536.150    22.85   26.27
 -83636.495   543.924    27.18   25.70
 -83350.427   552.539    30.12   22.12
 -83064.352   556.689    14.51   17.71
 -82778.270   557.939     4.37   16.45
 -82492.182   551.902   -21.10   22.88
 -82206.087   541.740   -35.52   29.01
 -81919.985   527.425   -50.03   30.89
 -81633.877   512.088   -53.61   28.27
 -81347.762   497.886   -49.64   22.73
 -81061.641   486.045   -41.38   18.19
 -80775.513   475.380   -37.27   19.05
 -80489.378   461.046   -50.10   28.47
 -80203.236   451.176   -34.49   30.59
 -79917.088   444.214   -24.33   32.30
 -79630.933   438.444   -20.16   33.95
 -79344.772   431.169   -25.43   36.88
 -79058.604   421.471   -33.89   39.86
 -78772.429   423.198     6.04   41.56
 -78486.247   425.573     8.30   41.41
 -78200.059   425.771     0.69   42.14
 -77913.864   422.916    -9.98   42.70
 -77627.663   423.317     1.40   46.47
 -77341.455   430.489    25.06   48.23
 -77055.240   433.836    11.70   49.69
 -76769.018   437.887    14.15   51.68
 -76482.790   433.778   -14.36   54.71
 -76196.555   434.759     3.43   55.56
 -75910.314   438.960    14.67   56.41
 -75624.066   442.410    12.05   56.45
 -75337.811   447.877    19.10   51.82
 -75051.549   454.365    22.66   44.98
 -74765.281   459.568    18.18   37.71
 -74479.006   464.313    16.57   27.00
 -74192.724   462.777    -5.36   25.22
 -73906.436   454.715   -28.16   29.95
 -73620.141   451.851   -10.00   29.90
 -73333.840   448.911   -10.27   30.97
 -73047.531   449.571     2.31   27.85
 -72761.216   450.728     4.04   24.17
 -72474.895   455.852    17.90   18.14
 -72188.566   460.080    14.76   15.28
 -71902.231   464.152    14.22   12.08
 -71615.890   467.438    11.48   11.16
 -71329.541   471.273    13.39    9.77
 -71043.186   474.622    11.70    8.94
 -70756.825   476.961     8.17    9.17
 -70470.456   478.648     5.89    8.33
 -70184.081   480.496     6.45    6.94
 -69897.699   480.356    -0.49    5.75
 -69611.311   479.562    -2.77    5.56
 -69324.916   477.276    -7.98    6.76
 -69038.514   474.613    -9.30    7.28
 -68752.105   472.080    -8.84    7.72
 -68465.690   468.032   -14.13   13.91
 -68179.268   461.728   -22.01   21.00
 -67892.840   449.763   -41.77   34.19
 -67606.405   431.443   -63.96   48.36
 -67319.963   416.163   -53.35   54.34
 -67033.514   409.547   -23.10   55.84
 -66747.059   407.232    -8.08   56.56
 -66460.597   411.201    13.86   57.14
 -66174.128   418.658    26.03   58.98
 -65887.652   438.213    68.26   53.93
 -65601.170   453.268    52.55   41.43
 -65314.681   465.165    41.52   22.71
 -65028.186   469.250    14.26   11.89
 -64741.684   469.427     0.62    9.01
 -64455.175   467.662    -6.16   11.15
 -64168.659   464.010   -12.75   15.00
 -63882.137   460.564   -12.02   16.93
 -63595.608   453.024   -26.31   21.28
 -63309.072   445.454   -26.42   24.66
 -63022.530   437.308   -28.43   26.95
 -62735.981   426.583   -37.43   27.53
 -62449.425   418.031   -29.84   26.42
 -62162.863   409.143   -31.02   24.07
 -61876.293   402.852   -21.95   21.03
 -61589.717   397.655   -18.13   20.30
 -61303.135   392.855   -16.75   21.92
 -61016.546   388.291   -15.92   22.26
 -60729.950   384.619   -12.81   19.99
 -60443.347   380.612   -13.98   16.97
 -60156.737   377.548   -10.69   13.60
 -59870.121   374.475   -10.72   10.76
 -59583.499   371.619    -9.96    8.91
 -59296.869   367.658   -13.82   10.68
 -59010.233   363.108   -15.87   15.11
 -58723.590   355.527   -26.45   20.22
 -58436.940   344.931   -36.97   25.36
 -58150.284   331.677   -46.23   28.37
 -57863.621   319.868   -41.19   28.46
 -57576.951   305.644   -49.62   28.35
 -57290.274   294.478   -38.95   24.93
 -57003.591   284.350   -35.33   21.23
 -56716.901   275.430   -31.11   21.92
 -56430.205   266.265   -31.97   25.20
 -56143.501   260.967   -18.48   26.37
 -55856.791   257.338   -12.66   26.76
 -55570.074   256.940    -1.39   25.80
 -55283.351   254.692    -7.84   22.57
 -54996.621   255.170     1.67   21.56
 -54709.884   257.052     6.56   19.81
 -54423.140   260.239    11.11   18.19
 -54136.390   265.090    16.92   13.73
 -53849.633   267.496     8.39    9.51
 -53562.869   267.359    -0.48    7.74
 -53276.098   266.855    -1.76    7.62
 -52989.321   268.257     4.89    6.93
 -52702.537   270.554     8.01    8.86
 -52415.746   273.742    11.12   10.78
 -52128.949   277.273    12.31   11.17
 -51842.145   280.424    10.99   10.87
 -51555.334   281.882     5.08   10.73
 -51268.516   281.306    -2.01   11.58
 -50981.692   278.763    -8.86   12.63
 -50694.861   274.416   -15.16   13.86
 -50408.023   268.108   -21.99   15.91
 -50121.179   261.240   -23.94   17.76
 -49834.328   253.284   -27.74   19.29
 -49547.470   246.271   -24.45   19.69
 -49260.605   238.218   -28.07   19.35
 -48973.734   231.376   -23.85   17.62
 -48686.856   223.406   -27.78   14.12
 -48399.971   217.758   -19.69   11.64
 -48113.079   212.912   -16.89   11.60
 -47826.181   208.527   -15.28   11.90
 -47539.276   204.308   -14.71   11.33
 -47252.364   200.902   -11.87   10.47
 -46965.445   197.336   -12.43    8.66
 -46678.520   194.003   -11.62    6.23
 -46391.588   191.183    -9.83    4.19
 -46104.649   189.253    -6.73    3.85
 -45817.704   187.009    -7.82    4.57
 -45530.752   184.279    -9.51    5.62
 -45243.793   181.696    -9.00    6.35
 -44956.827   178.904    -9.73    6.82
 -44669.855   175.513   -11.82    6.94
 -44382.876   172.460   -10.64    6.66
 -44095.890   169.435   -10.54    5.89
 -43808.897   166.563   -10.01    4.83
 -43521.898   164.124    -8.50    3.85
 -43234.892   162.213    -6.66    3.68
 -42947.879   160.543    -5.82    3.33
 -42660.859   159.359    -4.12    2.95
 -42373.833   158.674    -2.39    2.53
 -42086.800   158.308    -1.28    1.98
 -41799.760   157.923    -1.34    1.90
 -41512.713   157.825    -0.34    1.61
 -41225.660   157.820    -0.02    1.52
 -40938.600   157.403    -1.45    1.68
 -40651.533   156.310    -3.81    2.62
 -40364.460   153.559    -9.58    6.23
 -40077.379   148.735   -16.80   11.37
 -39790.292   139.091   -33.59   21.63
 -39503.198   127.123   -41.68   27.57
 -39216.098   115.793   -39.47   27.64
 -38928.991   107.167   -30.04   24.19
 -38641.877   100.866   -21.95   19.58
 -38354.756    96.669   -14.62   15.54
 -38067.628    95.995    -2.35   14.13
 -37780.494    98.119     7.40   13.08
 -37493.353   101.271    10.98   11.23
 -37206.205   101.094    -0.62   10.69
 -36919.050   100.793    -1.05   10.21
 -36631.889    99.377    -4.93   10.06
 -36345.060    98.643    -2.56   10.36
 -36059.254    97.306    -4.68   11.40
 -35773.442    96.853    -1.58   11.71
 -35487.624    96.802    -0.18   11.82
 -35201.800    96.190    -2.14   11.62
 -34915.970    94.261    -6.75   13.41
 -34630.134    93.758    -1.76   13.85
 -34344.292    91.372    -8.35   13.70
 -34058.445    89.133    -7.83   12.74
 -33772.591    87.457    -5.86   11.28
 -33486.731    87.728     0.95   10.72
 -33200.866    89.933     7.71   10.13
 -32914.995    93.124    11.16    9.48
 -32629.117    96.802    12.86    8.35
 -32343.234   100.258    12.09    6.32
 -32057.345   103.247    10.46    5.10
 -31771.449   105.293     7.16    4.75
 -31485.548   106.953     5.81    4.77
 -31199.641   108.732     6.22    4.53
 -30913.728   110.552     6.37    4.74
 -30627.809   112.046     5.23    4.47
 -30341.885   112.960     3.20    4.12
 -30055.954   113.268     1.08    3.94
 -29770.017   113.223    -0.16    3.72
 -29484.074   112.989    -0.82    3.32
 -29198.126   113.184     0.68    3.09
 -28912.171   113.904     2.52    3.53
 -28626.211   115.457     5.43    3.94
 -28340.244   117.191     6.06    3.62
 -28054.272   118.699     5.27    2.98
 -27768.294   119.773     3.76    1.93
 -27482.309   119.746    -0.09    2.17
 -27196.319   118.397    -4.72    3.93
 -26910.323   116.257    -7.48    5.32
 -26624.321   114.053    -7.71    5.70
 -26338.313   111.289    -9.66    5.28
 -26052.299   109.317    -6.89    4.08
 -25766.279   107.917    -4.90    2.29
 -25480.253   107.380    -1.88    1.83
 -25194.221   105.682    -5.94    4.62
 -24908.184   101.865   -13.34    9.67
 -24622.140    97.387   -15.66   13.16
 -24336.090    91.217   -21.57   15.62
 -24050.035    84.684   -22.84   15.53
 -23763.973    78.400   -21.97   12.34
 -23477.906    73.918   -15.67    8.31
 -23191.832    71.510    -8.42    4.83
 -22905.753    70.420    -3.81    2.82
 -22619.667    70.338    -0.29    2.87
 -22333.576    70.024    -1.10    3.35
 -22047.479    69.672    -1.23    4.14
 -21761.376    68.561    -3.88    5.23
 -21475.266    66.975    -5.55    6.53
 -21189.151    65.274    -5.94    7.52
 -20903.030    63.637    -5.72    7.93
 -20616.903    61.692    -6.80    8.52
 -20330.770    60.291    -4.89    8.79
 -20044.631    59.496    -2.78    9.43
 -19758.486    58.334    -4.06   11.37
 -19472.336    56.351    -6.93   14.51
 -19186.179    52.097   -14.86   17.54
 -18900.016    47.160   -17.25   19.77
 -18613.847    41.544   -19.62   20.14
 -18327.673    35.732   -20.31   18.75
 -18041.492    29.758   -20.87   15.14
 -17755.305    23.772   -20.92    7.85
 -17469.113    21.120    -9.27    3.46
 -17182.914    19.974    -4.00    2.81
 -16896.710    19.460    -1.80    2.94
 -16610.499    19.017    -1.55    3.06
 -16324.283    18.694    -1.13    3.16
 -16038.061    19.066     1.30    4.07
 -15751.832    21.339     7.94    8.79
 -15465.598    23.739     8.38   11.75
 -15179.358    26.355     9.14   14.24
 -14893.112    28.932     9.00   16.03
 -14606.859    30.808     6.55   16.72
 -14320.601    32.017     4.23   17.26
 -14034.337    31.464    -1.93   17.69
 -13748.067    30.310    -4.03   18.26
 -13461.791    29.327    -3.44   18.74
 -13175.509    28.543    -2.74   19.08
 -12889.221    26.658    -6.58   18.96
 -12602.927    24.764    -6.61   18.46
 -12316.627    21.438   -11.62   16.43
 -12030.321    19.938    -5.24   15.06
 -11744.009    18.059    -6.56   12.54
 -11457.692    15.357    -9.44    7.77
 -11171.368    13.425    -6.75    4.64
 -10885.038    11.667    -6.14    3.14
 -10598.702    10.453    -4.24    3.96
 -10312.361     8.791    -5.80    4.55
 -10026.013     7.039    -6.12    4.47
  -9739.659     5.481    -5.44    3.61
  -9453.300     4.276    -4.21    2.35
  -9166.934     3.709    -1.98    1.83
  -8880.563     3.310    -1.39    1.66
  -8594.185     3.061    -0.87    1.42
  -8307.802     2.758    -1.06    1.33
  -8021.412     2.404    -1.24    1.16
  -7735.017     2.125    -0.98    0.90
  -7448.615     1.974    -0.52    0.65
  -7162.208     1.989     0.05    0.68
  -6875.794     2.191     0.71    0.81
  -6589.375     2.568     1.31    1.05
  -6302.950     3.080     1.79    1.17
  -6016.518     3.646     1.97    1.12
  -5730.081     4.039     1.37    1.00
  -5443.638     4.324     1.00    0.74
  -5157.188     4.439     0.40    0.57
  -4870.733     4.402    -0.13    0.68
  -4584.272     5.183     2.73    4.36
  -4297.805     8.254    10.72   11.91
  -4011.332    12.777    15.79   16.64
  -3724.852    17.607    16.86   18.35
  -3438.367    21.373    13.14   18.70
  -3151.876    23.320     6.80   18.50
  -2865.379    23.172    -0.51   19.12
  -2578.876    21.710    -5.10   19.81
  -2292.367    15.615   -21.28   19.03
  -2005.852     9.665   -20.77   15.48
  -1719.331     4.547   -17.86   10.88
  -1432.803     1.059   -12.17    4.88
  -1146.270    -0.011    -3.74    0.00
   -859.731    -0.011     0.00    0.00
   -573.186     0.082     0.32    0.49
   -286.635     0.087     0.02    0.50
     -0.078     0.054    -0.12    0.40
    286.485     0.010    -0.15    0.19
    573.054    -0.011    -0.08    0.00
    859.629    -0.011     0.00    0.00
   1146.210     0.104     0.40    1.07
   1432.797     1.341     4.32    6.62
   1719.389     2.531     4.15    9.62
   2005.988     4.009     5.16   12.15
   2292.593     4.144     0.47   12.29
   2579.204     4.622     1.67   12.04
   2865.821     6.404     6.22   13.95
   3152.444     8.801     8.36   15.41
   3439.073    10.163     4.75   15.07
   3725.708    11.817     5.77   14.78
   4012.349    13.881     7.20   14.09
   4298.996    15.336     5.08   12.97
   4585.649    17.186     6.45   11.75
   4872.307    18.742     5.43   11.29
   5158.972    19.410     2.33   11.73
   5445.643    20.975     5.46   12.79
   5732.320    22.275     4.54   13.69
   6019.003    23.615     4.67   14.02
   6305.692    25.432     6.34   14.01
   6592.387    27.954     8.80   13.50
   6879.088    30.016     7.19   13.05
   7165.795    33.806    13.22   10.37
   7452.507    37.246    12.00    7.80
   7739.226    40.228    10.40    5.54
   8025.951    42.872     9.22    4.73
   8312.682    44.821     6.80    4.63
   8599.419    46.660     6.41    4.10
   8886.162    47.996     4.66    4.03
   9172.911    48.315     1.11    3.77
   9459.666    48.384     0.24    3.39
   9746.427    48.105    -0.98    1.76
  10033.194    48.248     0.50    1.55
  10319.967    48.371     0.43    1.50
  10606.746    48.352    -0.06    1.52
  10893.531    48.133    -0.77    1.72
  11180.321    47.521    -2.13    2.38
  11467.118    46.391    -3.94    3.00
  11753.921    45.119    -4.44    3.41
  12040.730    43.506    -5.62    3.59
  12327.545    41.967    -5.37    3.66
  12614.366    40.443    -5.31    3.30
  12901.193    39.434    -3.52    2.70
  13188.026    38.681    -2.62    2.08
  13474.866    38.017    -2.31    1.45
  13761.711    37.722    -1.03    1.06
  14048.562    37.836     0.40    0.98
  14335.419    38.503     2.32    1.74
  14622.282    39.617     3.89    2.66
  14909.151    40.960     4.68    3.75
  15196.026    42.439     5.16    4.47
  15482.907    44.439     6.97    5.17
  15769.794    46.824     8.32    5.13
  16056.688    48.499     5.84    4.84
  16343.587    49.933     5.00    4.15
  16630.492    50.835     3.14    3.28
  16917.403    51.270     1.52    2.07
  17204.320    51.336     0.23    1.31
  17491.244    51.130    -0.72    1.18
  17778.173    50.900    -0.80    1.08
  18065.108    50.800    -0.35    1.05
  18352.050    51.003     0.71    1.46
  18638.997    51.701     2.43    2.11
  18925.950    53.036     4.65    2.91
  19212.910    54.380     4.68    3.22
  19499.875    56.147     6.16    3.04
  19786.847    57.632     5.17    2.82
  20073.824    58.975     4.68    2.69
  20360.808    60.129     4.02    2.67
  20647.797    61.132     3.49    2.71
  20934.793    62.032     3.14    2.82
  21221.794    63.003     3.38    2.91
  21508.802    63.841     2.92    2.95
  21795.815    64.903     3.70    3.34
  22082.835    65.924     3.56    3.77
  22369.861    67.003     3.76    3.84
  22656.892    67.947     3.29    3.85
  22943.930    68.373     1.48    3.89
  23230.974    68.651     0.97    4.11
  23518.024    69.507     2.98    4.79
  23805.079    70.036     1.85    5.27
  24092.141    70.596     1.95    5.43
  24379.209    70.547    -0.17    5.09
  24666.283    70.593     0.16    4.88
  24953.363    70.204    -1.36    4.51
  25240.449    69.558    -2.25    3.98
  25527.140    68.334    -4.27    2.38
  25813.021    67.624    -2.48    1.67
  26098.908    67.095    -1.85    1.05
  26384.799    66.758    -1.18    0.67
  26670.696    66.579    -0.63    0.52
  26956.598    66.503    -0.27    0.50
  27242.506    66.474    -0.10    0.50
  27528.419    66.503     0.10    0.57
  27814.336    66.688     0.65    0.95
  28100.259    66.953     0.93    1.41
  28386.188    67.443     1.71    2.08
  28672.121    68.197     2.64    2.98
  28958.060    69.926     6.05    4.70
  29244.004    72.660     9.56    7.22
  29529.953    77.723    17.71   11.79
  29815.908    83.960    21.81   15.43
  30101.868    91.257    25.52   17.38
  30387.832    98.113    23.98   15.77
  30673.803   103.206    17.81   12.33
  30959.778   106.756    12.41    8.43
  31245.759   108.496     6.08    7.49
  31531.745   109.377     3.08   10.71
  31817.736   113.828    15.56   19.49
  32103.732   125.492    40.79   37.06
  32389.734   139.643    49.48   51.88
  32675.740   165.760    91.32   86.35
  32961.752   205.499   138.94  132.21
  33247.770   252.189   163.24  162.20
  33533.792   297.618   158.83  169.54
  33819.820   342.632   157.38  164.87
  34105.853   373.532   108.03  150.05
  34391.891   398.457    87.14  123.58
  34677.934   405.562    24.84   96.53
  34963.983   404.010    -5.43   84.01
  35250.037   377.960   -91.07   92.74
  35536.096   338.660  -137.38   92.46
  35822.161   289.940  -170.31   72.72
  36108.230   258.400  -110.25   58.73
  36394.305   236.350   -77.08   44.25
  36680.385   220.554   -55.22   31.19
  36966.471   208.728   -41.34   20.27
  37252.561   201.436   -25.49   18.05
  37538.657   196.598   -16.91   19.27
  37824.758   194.359    -7.83   19.72
  38110.864   190.696   -12.80   18.60
  38396.976   185.860   -16.90   13.15
  38683.093   182.065   -13.26    7.59
  38969.215   179.115   -10.31    9.12
  39255.342   174.414   -16.43   16.10
  39541.475   169.607   -16.80   19.36
  39827.612   165.170   -15.51   19.98
  40113.755   160.863   -15.05   18.30
  40399.904   156.570   -15.00   15.09
  40686.057   154.407    -7.56   13.11
  40972.216   153.189    -4.26   12.38
  41258.380   152.108    -3.78   12.84
  41544.549   149.614    -8.72   14.29
  41830.724   143.093   -22.79   15.44
  42116.903   136.117   -24.38   15.64
  42403.088   129.767   -22.19   15.85
  42689.279   123.411   -22.21   15.27
  42975.474   118.349   -17.69   13.14
  43261.675   114.575   -13.19    9.85
  43547.881   112.235    -8.18    6.54
  43834.092   112.626     1.37    6.16
  44120.308   115.282     9.28    8.85
  44406.530   121.256    20.87   13.07
  44692.757   127.141    20.56   15.86
  44978.989   134.859    26.96   17.55
  45265.227   141.917    24.66   16.75
  45551.470   148.310    22.34   13.21
  45837.718   153.828    19.28    7.57
  46123.971   156.538     9.47    3.87
  46410.229   157.449     3.18    2.80
  46696.493   157.339    -0.39    3.38
  46982.762   156.608    -2.55    4.24
  47269.036   155.446    -4.06    5.17
  47555.316   153.637    -6.32    6.42
  47841.600   151.167    -8.63    7.68
  48127.890   148.546    -9.16    8.69
  48414.186   145.457   -10.79    8.45
  48700.486   143.345    -7.38    6.73
  48986.792   142.832    -1.79    5.59
  49273.103   144.903     7.23    7.86
  49559.419   149.180    14.94   11.36
  49845.741   154.553    18.77   12.58
  50132.068   160.194    19.70   11.89
  50418.400   165.010    16.82    9.42
  50704.737   167.750     9.57    6.70
  50991.079   168.320     1.99    6.28
  51277.427   165.499    -9.85   10.15
  51563.780   161.506   -13.94   12.33
  51850.139   156.262   -18.31   13.07
  52136.502   151.274   -17.42   13.87
  52422.871   146.800   -15.63   13.79
  52709.245   146.113    -2.40   12.84
  52995.625   147.524     4.93   13.89
  53282.009   151.059    12.34   16.57
  53568.399   155.303    14.82   18.69
  53854.794   160.765    19.07   19.57
  54141.195   165.667    17.12   17.84
  54427.601   169.777    14.35   12.24
  54714.011   170.873     3.82   10.71
  55000.428   171.774     3.15   11.13
  55286.849   173.315     5.38   13.28
  55573.276   176.801    12.17   16.32
  55859.708   182.655    20.44   18.34
  56146.145   190.274    26.60   19.13
  56432.588   201.061    37.66   26.23
  56719.036   220.239    66.95   43.90
  57005.489   246.720    92.45   66.68
  57291.947   280.492   117.90   82.99
  57578.411   311.816   109.35   88.53
  57864.879   345.320   116.95   87.54
  58151.354   373.866    99.65   75.68
  58437.833   397.892    83.87   60.98
  58724.318   406.010    28.34   55.15
  59010.808   404.715    -4.52   55.83
  59297.303   393.960   -37.54   53.74
  59583.803   380.091   -48.41   49.85
  59870.309   368.786   -39.46   46.59
  60156.820   355.197   -47.43   42.13
  60443.336   346.131   -31.65   40.62
  60729.858   334.415   -40.89   37.59
  61016.385   323.884   -36.76   32.95
  61302.917   314.644   -32.25   29.60
  61589.454   304.428   -35.65   26.53
  61875.997   295.824   -30.03   23.69
  62162.545   285.614   -35.63   21.43
  62449.098   276.087   -33.25   20.29
  62735.657   266.450   -33.63   19.42
  63022.220   256.989   -33.02   18.04
  63308.789   248.146   -30.86   17.20
  63595.364   238.597   -33.32   16.38
  63881.943   228.849   -34.02   17.53
  64168.528   220.315   -29.78   17.59
  64455.118   213.782   -22.80   15.90
  64741.714   208.239   -19.34   14.09
  65028.314   203.382   -16.95   12.35
  65314.920   199.086   -14.99   11.44
  65601.531   194.924   -14.52    8.93
  65888.148   192.032   -10.09    7.03
  66174.770   189.066   -10.35    3.75
  66461.397   187.703    -4.75    2.18
  66748.029   186.913    -2.76    2.30
  67034.667   186.445    -1.63    2.49
  67321.310   186.163    -0.99    3.13
  67607.958   186.275     0.39    3.68
  67894.611   187.509     4.30    5.97
  68181.270   189.614     7.34    8.27
  68467.934   193.938    15.09   12.42
  68754.603   199.348    18.87   16.65
  69041.278   206.141    23.70   19.82
  69327.958   213.850    26.89   21.91
  69614.643   222.108    28.80   23.06
  69901.334   231.382    32.35   22.57
  70188.029   239.174    27.18   21.09
  70474.730   250.190    38.42   26.52
  70761.437   259.517    32.53   28.19
  71048.148   265.606    21.24   26.90
  71334.865   270.189    15.98   24.81
  71621.587   276.370    21.56   26.61
  71908.315   286.806    36.40   32.18
  72195.047   298.954    42.37   34.72
  72481.785   311.374    43.32   33.99
  72768.529   321.053    33.75   30.87
  73055.277   331.904    37.84   22.23
  73342.031   339.618    26.90   10.81
  73628.790   342.940    11.58    2.63
  73915.555   343.460     1.81    1.43
  74202.324   343.224    -0.82    1.72
  74489.099   342.679    -1.90    2.33
  74775.880   341.413    -4.41    3.56
  75062.665   339.010    -8.38    5.12
  75349.456   336.233    -9.68    7.85
  75636.252   331.068   -18.01   14.47
  75923.054   322.706   -29.16   21.32
  76209.861   314.278   -29.38   24.32
  76496.673   305.085   -32.05   26.23
  76783.490   295.539   -33.28   27.19
  77070.313   285.219   -35.98   27.78
  77357.141   275.746   -33.03   26.37
  77643.974   266.410   -32.55   24.74
  77930.812   259.693   -23.42   23.66
  78217.656   252.216   -26.07   25.12
  78504.505   245.535   -23.29   25.83
  78791.360   239.669   -20.45   24.15
  79078.220   235.884   -13.19   22.98
  79365.085   234.102    -6.21   20.95
  79651.955   230.939   -11.03   20.38
  79938.830   224.592   -22.13   24.14
  80225.711   214.925   -33.70   34.29
  80512.598   195.801   -66.66   48.54
  80799.489   169.932   -90.17   55.85
  81086.386   145.068   -86.66   52.49
  81373.288   122.702   -77.96   42.95
  81660.195   104.429   -63.69   30.45
  81947.108    94.089   -36.04   20.33
  82234.026    86.552   -26.27    8.75
  82520.949    84.038    -8.76    0.22
