# NaN NaN NaN ;Mean Elev.(m), Avg Gradient(m/km), RMS Gradient(m/km) - SRTM1     
#   43.963  -3.675   6.268 ;Mean Elev.(m), Avg Gradient(m/km), RMS Gradient(m/km) - ASTER GDEM
#   60.238  -2.764   5.362 ;Mean Elev.(m), Avg Gradient(m/km), RMS Gradient(m/km) - GMTED2010 
   1 233.597171  65.150884    91.854    91.354 19 54664.95191452 27.478
   2 233.592800  65.152364    90.634    90.244 19 54674.86755873 25.282
   3 233.589544  65.154313    -0.377    -0.439 17 54684.78320164  3.439
   4 233.587724  65.155679    86.335    88.348 16 54694.69884326 14.199
   5 233.586338  65.155396     3.129     3.080 16 54704.61448251  5.577
   6 233.596414  65.151573    90.259    89.574 19 54714.53013487 27.156
   7 233.623853  65.145625     4.959     3.919 14 54724.44578815  5.274
   8 233.640813  65.142471    83.083    84.009 14 54734.36143813 20.514
   9 233.622814  65.145754    87.027    90.711 15 54744.27708325 20.816
  10 233.600345  65.149818   102.155   103.243 19 54754.19272751 27.681
  11 233.604457  65.149142    89.217    88.854 19 54764.10837364 20.366
  12 233.638846  65.143011    90.207    90.531 15 54774.02402018 23.025
  13 233.650740  65.139898    86.709    86.744 18 54783.93966186 14.470
  14 233.646320  65.140810    86.662    86.889 16 54793.85529983 15.207
  15 233.615825  65.146979    89.548    88.560 16 54803.77093423 14.321
  16 233.594952  65.151755    91.034    90.662 19 54813.68656924 13.036
  17 233.593062  65.152387    91.485    90.698 19 54823.60221319 12.434
  18 233.595155  65.150848    91.426    90.503 20 54833.51785362 12.376
  19 233.606927  65.148801    90.099    89.180 17 54843.43350486 11.406
  20 233.597225  65.150819    92.290    90.674 19 54853.34915283  9.868
  21 233.591532  65.153189    91.370    91.366 18 54863.26480085  9.336
  22 233.589924  65.154065    92.965    92.102 17 54873.18044917  8.301
  23 233.591840  65.152670    93.934    92.578 18 54883.09609572  8.304
  24 233.613158  65.147345    91.182    89.903 15 54893.01174091  7.827
  25 233.644323  65.141146    90.627    88.454 16 54902.92738434  7.075
  26 233.646618  65.140774    96.223    96.752 17 54912.84302349  7.028
  27 233.629682  65.144559    95.461    93.258 15 54922.75865980  7.217
  28 233.597604  65.150264    99.325    99.551 19 54932.67429386  6.959
  29 233.600069  65.150085    95.025    94.064 19 54942.58992965  6.688
  30 233.621738  65.146031    89.846    89.645 14 54952.50556557 19.657
  31 233.642721  65.141566    86.902    89.076 15 54962.42121079 22.443
  32 233.643750  65.141450    95.843    95.082 15 54972.33685950 26.201
  33 233.621390  65.145987    92.694    91.832 15 54982.25250474 26.717
  34 233.593738  65.151414    44.939    44.538 19 54992.16814914 46.844
  35 233.594532  65.151797    91.811    93.406 18 55002.08379574 15.157
  36 233.595902  65.151120    92.169    93.645 19 55011.99944063 15.840
  37 233.598043  65.150179    91.389    91.310 19 55021.91508419 29.541
  38 233.596419  65.151059    92.952    91.315 20 55031.83072640 22.458
  39 233.593586  65.152842    90.658    90.099 18 55041.74636777 27.606
  40 233.587289  65.154726    90.593    91.781 17 55051.66200733 13.226
  41 233.589926  65.153616    89.880    89.899 18 55061.57764571 27.555
  42 233.601318  65.149677    90.476    93.070 18 55071.49328971 15.522
  43 233.638885  65.142444   106.266   111.324 15 55081.40894235 19.443
  44 233.643681  65.141252    79.830    79.325 16 55091.32458991 19.507
  45 233.630080  65.144212    84.391    89.759 14 55101.24023491 19.572
  46 233.603992  65.149060    88.314    90.745 19 55111.15587823 16.502
  47 233.608154  65.148582    76.744    76.748 17 55121.07152262 28.823
  48 233.634849  65.143643    80.116    81.339 13 55130.98716656 25.668
  49 233.650202  65.139944    86.417    86.179 18 55140.90280743 22.884
  50 233.645558  65.140748    84.942    86.968 16 55150.81844546 18.887
  51 233.622276  65.145871    88.078    88.660 15 55160.73408158 15.127
  52 233.595032  65.151679    91.659    90.687 19 55170.64971691 13.015
  53 233.591310  65.153317    90.861    89.992 17 55180.56535323 12.021
  54 233.594488  65.152074    90.730    90.090 18 55190.48100177 11.434
  55 233.596309  65.151164    91.070    90.568 19 55200.39665235 12.000
  56 233.594030  65.151616    91.590    90.627 19 55210.31230175 11.279
  57 233.594204  65.152369    91.003    90.088 18 55220.22795085 10.571
  58 233.646003  65.145693    86.328    86.328  2 55230.14360412 10.065
  59 233.631335  65.146291    87.230    87.179  9 55240.05924768  9.655
  60 233.630330  65.144382    87.524    87.647 12 55249.97488905  9.715
  61 233.643313  65.141340    87.203    87.370 15 55259.89052949  9.433
  62 233.642144  65.141602    87.296    87.498 15 55269.80616771  9.016
  63 233.630881  65.144259    88.263    87.985 12 55279.72180477  8.450
  64 233.618516  65.146956    89.425    88.525 15 55289.63744046  8.318
  65 233.605590  65.148915    92.227    90.028 18 55299.55307377  6.557
  66 233.627856  65.144860    95.078    95.151 14 55309.46872069 19.940
  67 233.639579  65.142115    97.496    98.194 15 55319.38436781 22.980
  68 233.643161  65.141684    82.030    87.177 15 55329.30001297 20.620
  69 233.623923  65.145592    89.054    90.988 14 55339.21565541 22.201
  70 233.595650  65.150823    90.287    90.422 19 55349.13129661 23.697
  71 233.593924  65.151989    88.681    91.818 19 55359.04693852 14.690
  72 233.595766  65.151776    87.090    88.937 19 55368.96257871 14.259
  73 233.595187  65.151799    89.029    93.256 19 55378.87821722 16.712
  74 233.593574  65.152480    90.807    90.435 19 55388.79385489 26.920
  75 233.592158  65.153264    85.038    89.243 18 55398.70949161 14.669
  76 233.592740  65.152720    85.593    89.308 18 55408.62513724 15.443
  77 233.599748  65.150024    87.164    89.603 19 55418.54078887 16.082
  78 233.636122  65.143526    42.499    42.472 13 55428.45643996 49.669
  79 233.640302  65.142187    82.923    87.380 15 55438.37208511 19.261
  80 233.634549  65.143410    79.281    81.801 13 55448.28772779 17.965
  81 233.625993  65.145297    78.934    81.953 14 55458.20336986 20.117
  82 233.617703  65.146707    50.375    53.408 15 55468.11901126 30.685
  83 233.623468  65.145552    85.054    88.029 14 55478.03465084 17.858
  84 233.635429  65.143525    78.703    80.929 14 55487.95028797 22.941
  85 233.634735  65.143541    82.132    86.030 13 55497.86592161 23.434
  86 233.618221  65.146616    88.848    89.136 15 55507.78155777 21.908
  87 233.602183  65.149518    90.250    89.786 18 55517.69720652 19.694
  88 233.595486  65.151298    90.523    89.871 19 55527.61285527 12.807
  89 233.593610  65.151817    91.155    90.656 19 55537.52850258 10.933
  90 233.593621  65.151790    91.828    91.020 19 55547.44414782 10.394
  91 233.645440  65.145571    85.547    85.547  2 55557.35979634 10.527
  92 233.591668  65.152710    91.445    90.712 18 55567.27543353  9.345
  93 233.592732  65.152544    91.900    90.183 18 55577.19107541  9.650
  94 233.594764  65.151093    92.255    91.660 20 55587.10671543  9.947
  95 233.625139  65.145665    88.709    88.084 13 55597.02235515  8.874
  96 233.634410  65.143629    88.032    88.031 14 55606.93798987  8.849
  97 233.626925  65.145013    91.901    89.009 13 55616.85362085  7.427
  98 233.599763  65.149573   115.851   115.851  2 55626.76926183  6.009
  99 233.605082  65.149199    92.062    90.299 18 55636.68491413  6.514
 100 233.612838  65.147573    91.172    90.614 15 55646.60056468  5.997
 101 233.635686  65.143316    88.584    88.752 13 55656.51621397  5.540
 102 233.642862  65.141695    89.602    88.912 15 55666.43185724  6.211
 103 233.637988  65.142871    88.689    88.968 15 55676.34749632  6.116
 104 233.611498  65.147815    87.038    88.329 16 55686.26313134 11.639
 105 233.595338  65.151429    94.344    91.236 20 55696.17876620 15.228
 106 233.594961  65.152355    94.591    93.953 18 55706.09440141 18.254
 107 233.592856  65.152148    91.812    90.943 19 55716.01005048 28.231
 108 233.596114  65.151395    94.345    93.865 19 55725.92569957 18.242
 109 233.595254  65.151929   106.751   106.537 19 55735.84134640 16.399
 110 233.594250  65.152728    84.212    88.395 18 55745.75699198 15.423
 111 233.592056  65.152723    90.375    90.441 18 55755.67263569 24.752
 112 233.600658  65.149997    92.350    91.191 19 55765.58827813 28.487
 113 233.630586  65.144150    92.474    90.900 14 55775.50391983 27.136
 114 233.644709  65.141323    77.252    79.766 15 55785.41955688 19.879
 115 233.634106  65.143922    92.343    90.498 14 55795.33518925 25.568
 116 233.599254  65.150205    86.933    88.999 19 55805.25082470 14.135
 117 233.592627  65.151720    89.699    89.759 19 55815.16647323 22.602
 118 233.604463  65.149078    90.593    91.267 19 55825.08212117 20.583
 119 233.634302  65.143699    83.642    87.285 14 55834.99776636 16.973
 120 233.639984  65.142246    83.636    87.379 15 55844.91340550 17.541
 121 233.619469  65.146223    89.867    89.843 14 55854.82903910 28.023
 122 233.595572  65.151429    86.985    88.676 19 55864.74467613 21.954
 123 233.592298  65.152980    89.413    88.768 18 55874.66032901 20.378
 124 233.592603  65.152810    88.819    88.811 19 55884.57597678 17.138
 125 233.592185  65.152275    88.760    89.644 19 55894.49161845 16.363
 126 233.596603  65.151529    90.072    89.305 19 55904.40725519 13.174
 127 233.591897  65.152794    91.142    90.205 18 55914.32289471 12.683
 128 233.591468  65.153228    91.530    89.686 18 55924.23854854 12.271
 129 233.592480  65.152819    91.118    90.329 19 55934.15419943 10.800
 130 233.642279  65.144656    86.567    86.656  6 55944.06985065  9.254
 131 233.657068  65.140210    85.560    86.074  9 55953.98549416 10.558
 132 233.652797  65.139526    86.494    86.763 17 55963.90113279 10.165
 133 233.639956  65.142373    86.547    86.860 14 55973.81676880 11.070
 134 233.598846  65.150089    90.129    89.939 19 55983.73240082  9.289
 135 233.593979  65.152295    89.919    89.815 18 55993.64803435  8.616
 136 233.597513  65.150493    85.525    84.657 19 56003.56368499  9.033
 137 233.635528  65.143174    89.671    88.813 13 56013.47933800  8.805
 138 233.646337  65.140624    87.453    87.460 16 56023.39498493  7.898
 139 233.636972  65.143180    88.350    89.384 13 56033.31062719  9.632
 140 233.597529  65.150847    42.408    41.864 19 56043.22626428 32.446
 141 233.590544  65.153726    89.966    89.752 18 56053.14190199 10.331
 142 233.589818  65.154074    97.787    96.838 18 56063.05753721 20.586
 143 233.594854  65.152211    93.893    93.722 18 56072.97317909 18.346
 144 233.595534  65.151039    91.979    94.038 20 56082.88882932 17.405
 145 233.596381  65.151150    95.194    93.635 19 56092.80447705 18.090
 146 233.594359  65.152354    92.795    91.855 18 56102.72012225 28.408
 147 233.593568  65.152273    93.039    92.504 18 56112.63575322 20.282
 148 233.600881  65.149974    91.403    90.675 19 56122.55139298 28.766
 149 233.632043  65.144123    92.472    90.711 14 56132.46703127 22.931
 150 233.640378  65.142172    79.528    82.195 15 56142.38266908 19.399
 151 233.635118  65.143402    80.637    81.304 13 56152.29831927 19.602
 152 233.605471  65.148876    90.375    89.973 17 56162.21396534 27.806
 153 233.595810  65.151194    85.932    91.234 19 56172.12961149 18.008
 154 233.600891  65.149902    94.181    95.119 19 56182.04525453 17.267
 155 233.627309  65.144966    88.483    89.866 14 56191.96089596 27.595
 156 233.640667  65.142444    83.063    83.486 14 56201.87653337 21.068
 157 233.613040  65.147403    81.482    82.099 15 56211.79216465 25.163
 158 233.593483  65.152756    80.204    82.289 18 56221.70779474 25.405
 159 233.589617  65.154817    89.683    89.903 16 56231.62344792 24.186
 160 233.586832  65.154798    90.525    89.103 17 56241.53910036 16.725
 161 233.593566  65.152546    92.417    89.984 19 56251.45474961 15.643
 162 233.597564  65.150867    91.676    90.378 19 56261.37039386 14.973
 163 233.595468  65.151173    92.599    91.106 19 56271.28603518 14.598
 164 233.594844  65.151825    93.367    92.774 18 56281.20167562 14.271
 165 233.591940  65.151943    92.135    91.214 19 56291.11732758 12.885
 166 233.610572  65.148118    90.421    88.954 17 56301.03297727 13.212
 167 233.653941  65.140785   197.927   197.050  7 56310.94862529  1.073
 168 233.673168  65.137533    85.699    85.823  8 56320.86426866 11.117
 169 233.636325  65.143125    87.054    87.250 13 56330.77990577 11.054
 170 233.607495  65.148548    90.834    90.271 18 56340.69554307 10.430
 171 233.597287  65.151107    91.311    91.575 19 56350.61118000 10.130
 172 233.598055  65.150529    92.143    90.376 20 56360.52681820  9.846
 173 233.636037  65.144056    88.214    87.109 10 56370.44247193  9.975
 175 233.619653  65.146629    89.168    88.515 14 56390.27376237  7.695
 176 233.597952  65.151415    91.252    90.279 18 56400.18940328  7.327
 177 233.591184  65.153717   100.433   100.497 18 56410.10504307  5.197
 178 233.591452  65.153867    96.369    94.605 17 56420.02067888  7.039
 179 233.590629  65.153344   100.175    97.792 18 56429.93631497 19.413
 180 233.595547  65.151605    90.458    93.522 19 56439.85196879 20.209
 181 233.595377  65.151121    90.187    93.363 20 56449.76761963 16.727
 182 233.596283  65.150835    92.237    91.434 20 56459.68326836 28.209
 183 233.606256  65.148782    89.947    92.505 18 56469.59891470 14.226
 184 233.622800  65.145873    93.813    91.452 14 56479.51455782 27.051
 185 233.635743  65.143575    93.373    91.373 13 56489.43019660 22.742
 186 233.628495  65.144782    81.231    81.529 13 56499.34583080 20.257
 187 233.607556  65.148405    91.690    90.547 17 56509.26146228 28.282
 188 233.595938  65.150885    85.228    88.817 19 56519.17710196 16.503
 189 233.595578  65.150896    88.854    89.061 19 56529.09275569 16.311
 190 233.604784  65.149295    81.317    78.523 18 56539.00840627 18.669
 191 233.612950  65.147539    69.169    66.540 15 56548.92405260 22.713
 192 233.609567  65.148055    84.195    88.704 17 56558.83969533 16.918
 193 233.596509  65.150741    90.562    89.697 20 56568.75533617 24.063
 194 233.592600  65.152951    89.714    89.761 18 56578.67097658 26.422
 195 233.587128  65.154711    86.929    88.491 17 56588.58661313 25.721
 196 233.589818  65.154087    91.265    89.545 17 56598.50225678 27.081
 197 233.592496  65.152443    93.325    92.994 18 56608.41790826 24.775
 198 233.595587  65.151575    89.378    89.190 19 56618.33355479 17.329
 199 233.593222  65.151882    89.677    89.695 19 56628.24919743 14.669
 200 233.592325  65.151875    90.277    89.722 19 56638.16483731 12.176
 201 233.606330  65.149113    89.097    88.915 18 56648.08048194 11.538
 202 233.628672  65.144659    87.960    87.739 13 56657.99613592 11.085
 203 233.657510  65.140269    85.721    86.146  9 56667.91178629 10.403
 204 233.637221  65.143580    87.010    87.239 11 56677.82742925  9.095
 205 233.607880  65.148515    90.085    89.298 17 56687.74307002 10.439
 206 233.644606  65.144626    86.722    86.731  4 56697.65871515  9.219
 207 233.638342  65.145166    87.202    87.271  6 56707.57435149  8.930
 208 233.637684  65.144700    87.563    87.567  7 56717.48998782  8.315
 209 233.613494  65.147299    76.849    77.532 15 56727.40563833 10.028
 210 233.623115  65.147085    88.253    88.308 12 56737.32128809  8.128
 211 233.612875  65.150004    88.941    88.740 12 56747.23693228  7.977
 212 233.621813  65.149857    88.865    88.240  8 56757.15257398  7.249
 213 233.592529  65.153501    55.614    56.146 17 56767.06820611 11.346
 214 233.593150  65.152422    89.249    89.688 19 56776.98384955 16.950
 215 233.595687  65.151197    95.616    94.520 20 56786.89950614 18.327
 216 233.597113  65.150857    81.410    86.371 20 56796.81515902 21.590
 217 233.594030  65.151381    90.449    93.630 19 56806.73080650 16.072
 218 233.600503  65.150042    86.862    90.831 19 56816.64644869 15.962
 219 233.616438  65.146795    88.767    88.311 15 56826.56208835 26.764
 220 233.633876  65.143529    43.816    43.793 13 56836.47772474 49.164
 221 233.631772  65.144338    44.505    43.388 13 56846.39335596 55.052
 222 233.611236  65.147907    92.217    91.321 17 56856.30900300 23.380
 223 233.596929  65.150844    83.233    87.515 19 56866.22465490 16.371
 224 233.596644  65.150777    82.663    87.508 19 56876.14030707 21.057
 225 233.609581  65.148245    81.171    81.854 17 56886.05595749 21.753
 226 233.627474  65.144907    89.344    89.993 14 56895.97160559 14.764
 227 233.620013  65.146089    82.345    86.936 14 56905.88724813 17.159
 228 233.598183  65.150467    87.461    89.457 20 56915.80288702 15.539
 229 233.592316  65.153329    88.992    89.114 17 56925.71852562 26.329
 230 233.588632  65.154913    88.384    90.328 16 56935.63416133 13.801
 231 233.587208  65.154760    81.387    86.753 17 56945.54979207 22.150
 232 233.594613  65.151832    88.969    89.082 19 56955.46544433 27.108
 233 233.603188  65.149557    88.917    88.798 19 56965.38109461 22.300
 234 233.596071  65.150999    90.335    89.829 20 56975.29673875 13.242
 235 233.593453  65.152524    90.247    89.289 19 56985.21237880 13.381
 236 233.592611  65.152722    89.861    89.266 18 56995.12801376 12.409
 237 233.600178  65.149965    90.613    89.501 19 57005.04365567 12.574
 238 233.640680  65.142389    86.509    86.834 14 57014.95931513 12.706
 239 233.643025  65.141567    87.110    87.216 16 57024.87496621 11.599
 240 233.617280  65.146659    89.164    88.280 15 57034.79061215 10.761
 241 233.594710  65.151503    91.016    90.711 19 57044.70625590  9.801
 242 233.593235  65.152165    90.380    89.756 19 57054.62189893  9.363
 243 233.599498  65.150107    90.203    89.948 20 57064.53753800  9.503
 244 233.613729  65.147505    89.628    88.619 15 57074.45317300  8.102
 245 233.616784  65.148096    88.875    88.631 13 57084.36880337  7.706
 246 233.600888  65.151928    90.111    89.939 15 57094.28445408  7.249
 247 233.589783  65.154828    91.416    91.598 17 57104.20010953  6.312
 248 233.589260  65.155017    95.249    95.105 16 57114.11576197  6.956
 249 233.590300  65.153266   108.045   109.230 18 57124.03140851  3.765
 250 233.597274  65.150551    91.454    88.534 19 57133.94705035 14.514
 251 233.606036  65.148935    92.558    92.154 18 57143.86268779 12.788
 252 233.594555  65.151515    96.642    96.530 19 57153.77832048 20.387
 253 233.593848  65.152904    90.938    90.709 18 57163.69395601 25.711
 254 233.591933  65.152605    91.070    93.474 18 57173.60961282 14.170
 255 233.604562  65.149044    91.661    90.882 19 57183.52526788 27.460
 256 233.640497  65.142424    90.739    90.633 14 57193.44092134 25.544
 257 233.644106  65.141437    78.391    78.203 16 57203.35656909 19.536
 258 233.627598  65.145073    86.599    89.848 14 57213.27220133 19.927
 259 233.594021  65.151497    89.940    90.142 19 57223.18784163 26.151
 260 233.593016  65.152593    88.717    89.921 18 57233.10348356 11.885
 261 233.594627  65.151728    87.699    89.865 19 57243.01912297 17.027
 262 233.600233  65.149895    83.432    88.718 19 57252.93476030 18.189
 263 233.597795  65.150628    86.457    88.778 20 57262.85039517 17.347
 264 233.591172  65.153595    90.633    89.689 18 57272.76603068 27.211
 265 233.586335  65.155777    93.796    93.824 16 57282.68168755 12.716
 266 233.585892  65.155852    93.810    93.769 16 57292.59734238 14.151
 267 233.590563  65.153415    94.005    93.801 18 57302.51299445 14.956
 268 233.605688  65.149163    83.649    83.183 18 57312.42864376 22.846
 269 233.623141  65.145825    88.109    89.271 14 57322.34428993 28.160
 270 233.609892  65.148090    87.379    89.111 17 57332.25993079 24.562
 271 233.594849  65.151418    90.393    89.719 19 57342.17556938 18.022
 272 233.594744  65.151149    91.405    90.022 19 57352.09122120 16.577
 273 233.612236  65.147640    90.315    88.912 16 57362.00686737 17.154
 274 233.639924  65.142486    86.811    86.940 14 57371.92251135 16.467
 275 233.640691  65.142340    86.647    86.876 14 57381.83815068 16.014
 276 233.615040  65.147262    89.410    88.464 16 57391.75378672 15.682
 277 233.593792  65.152172    91.099    89.781 18 57401.66942222 13.507
 278 233.592687  65.153215    91.515    89.837 18 57411.58506402 13.712
 279 233.595493  65.151845    90.758    89.789 19 57421.50071636 12.630
 280 233.594803  65.150894    91.375    90.292 20 57431.41636568 11.311
 281 233.595587  65.150926    91.846    91.102 20 57441.33201312 10.260
 282 233.593073  65.152587    91.479    91.258 18 57451.24765932  8.743
 283 233.592208  65.153860    91.264    90.467 17 57461.16330412  8.402
 284 233.587303  65.154613    92.622    90.879 17 57471.07894518  8.400
 285 233.612372  65.150499    89.489    88.069 11 57480.99458528  8.061
 286 233.607705  65.149745    89.676    89.233 16 57490.91021946  7.845
 287 233.595063  65.151001    94.322    90.498 20 57500.82585079  7.237
 288 233.596280  65.151012   160.448   161.002 20 57510.74149789 11.008
 289 233.594927  65.151190    91.997    91.153 20 57520.65715340 28.264
 290 233.597127  65.150611    90.660    90.301 19 57530.57280671 29.795
 291 233.609987  65.147960    91.330    90.761 17 57540.48845782 27.285
 292 233.634280  65.143830    81.075    83.988 14 57550.40410722 22.495
 293 233.636109  65.143389    82.622    82.753 13 57560.31975293 18.693
 294 233.618048  65.146673    80.795    87.255 15 57570.23539605 17.770
 295 233.595181  65.150890    86.634    88.719 20 57580.15103843 15.697
 296 233.595605  65.151713    81.304    79.383 19 57590.06668145 21.350
 297 233.592974  65.152013    83.447    83.944 19 57599.98232149 16.695
