-197491.995   386.309     0.00    0.77
-197205.833   386.747     1.53    1.37
-196919.652   387.500     2.63    2.20
-196633.452   388.540     3.63    3.10
-196347.232   389.908     4.78    3.92
-196060.993   391.698     6.25    4.50
-195774.735   393.652     6.82    4.75
-195488.458   395.632     6.92    4.32
-195202.161   397.505     6.54    3.45
-194915.845   398.908     4.90    2.94
-194629.509   399.917     3.52    2.87
-194343.155   401.056     3.98    3.10
-194056.780   402.007     3.32    3.18
-193770.387   402.808     2.80    3.26
-193483.974   403.645     2.92    3.14
-193197.542   404.564     3.21    3.10
-192911.091   405.537     3.40    3.51
-192624.620   406.977     5.03    4.02
-192338.130   408.262     4.48    4.56
-192051.620   410.133     6.53    4.24
-191765.091   411.976     6.43    3.10
-191478.543   413.331     4.73    2.34
-191191.975   414.270     3.28    1.62
-190905.388   414.850     2.02    1.21
-190618.782   415.154     1.06    1.01
-190332.156   415.290     0.47    0.94
-190045.511   415.400     0.38    0.83
-189758.846   415.504     0.36    0.68
-189472.162   415.589     0.30    0.62
-189185.459   415.739     0.52    0.59
-188898.736   415.934     0.68    0.63
-188611.994   416.236     1.05    0.80
-188325.232   416.503     0.93    0.83
-188038.451   416.891     1.35    0.84
-187751.650   417.219     1.15    0.72
-187464.830   417.578     1.25    0.72
-187177.991   417.908     1.15    0.75
-186891.132   418.233     1.13    0.78
-186604.254   418.586     1.23    0.87
-186317.356   418.951     1.27    0.87
-186030.439   419.382     1.50    0.74
-185743.502   419.597     0.75    0.55
-185456.546   419.644     0.16    0.52
-185169.570   419.632    -0.04    0.56
-184882.575   419.468    -0.57    0.65
-184595.560   419.280    -0.66    0.76
-184308.526   419.025    -0.89    0.91
-184021.473   418.779    -0.86    1.01
-183734.399   418.629    -0.52    1.15
-183447.307   418.708     0.28    1.14
-183160.195   418.722     0.05    1.16
-182873.063   418.718    -0.01    1.23
-182585.912   418.644    -0.26    1.44
-182298.741   418.371    -0.95    1.86
-182011.551   417.718    -2.27    2.40
-181724.342   416.727    -3.45    2.93
-181437.112   415.272    -5.07    3.33
-181149.864   413.685    -5.52    3.48
-180862.595   412.055    -5.68    3.36
-180575.307   410.276    -6.19    3.02
-180288.000   408.933    -4.67    2.68
-180000.673   407.690    -4.33    2.61
-179713.326   406.430    -4.38    2.59
-179425.960   405.307    -3.91    2.17
-179138.575   404.586    -2.51    1.84
-178851.169   404.310    -0.96    1.81
-178563.745   404.425     0.40    2.12
-178276.300   404.985     1.95    2.58
-177988.836   406.018     3.59    2.73
-177701.353   407.193     4.09    2.54
-177413.849   408.305     3.87    2.29
-177126.327   409.374     3.72    2.22
-176838.784   410.608     4.29    2.27
-176551.222   411.790     4.11    2.50
-176263.641   413.055     4.40    2.41
-175976.039   414.267     4.21    2.36
-175688.418   415.544     4.44    2.43
-175400.778   417.075     5.32    2.35
-175113.118   418.320     4.33    2.38
-174825.438   419.548     4.27    2.21
-174537.739   420.549     3.48    1.94
-174250.020   421.917     4.75    2.03
-173962.281   422.975     3.68    2.20
-173674.522   424.223     4.34    2.46
-173386.744   425.520     4.51    2.70
-173098.947   427.046     5.30    2.96
-172811.129   428.518     5.11    3.28
-172523.292   430.313     6.24    3.81
-172235.435   432.227     6.65    4.30
-171947.559   434.650     8.42    4.78
-171659.663   437.082     8.45    4.87
-171371.747   439.525     8.48    4.80
-171083.811   441.961     8.46    4.47
-170795.856   444.586     9.12    4.39
-170507.881   446.983     8.32    4.12
-170219.887   449.313     8.09    4.11
-169931.872   451.688     8.24    4.20
-169643.838   453.933     7.80    4.45
-169355.784   456.530     9.01    4.65
-169067.711   459.012     8.61    4.61
-168779.617   461.537     8.77    4.27
-168491.504   463.614     7.21    4.07
-168203.371   465.917     7.99    3.54
-167915.219   467.739     6.32    2.98
-167627.047   469.184     5.01    2.64
-167338.854   470.342     4.02    2.41
-167050.643   471.522     4.09    2.23
-166762.411   472.654     3.93    1.93
-166474.160   473.342     2.39    1.75
-166185.888   473.859     1.80    1.44
-165897.597   474.295     1.51    1.28
-165609.287   474.537     0.84    1.10
-165320.956   474.581     0.15    1.13
-165032.606   474.671     0.31    1.11
-164744.236   474.917     0.85    1.06
-164455.846   475.130     0.74    1.20
-164167.436   475.567     1.51    1.25
-163879.006   476.100     1.85    1.29
-163590.557   476.575     1.65    1.35
-163302.088   477.173     2.07    1.62
-163013.599   477.710     1.86    1.90
-162725.090   478.298     2.04    2.23
-162436.561   478.849     1.91    2.45
-162148.012   479.230     1.32    2.66
-161859.444   479.404     0.60    2.81
-161570.856   479.471     0.23    2.81
-161282.247   479.018    -1.57    2.89
-160993.619   478.315    -2.43    2.97
-160704.971   477.413    -3.13    3.12
-160416.304   476.296    -3.87    2.99
-160127.616   475.113    -4.10    2.88
-159838.908   474.058    -3.65    2.73
-159550.181   472.975    -3.75    2.48
-159262.933   472.002    -3.38    2.28
-158978.317   470.908    -3.84    2.43
-158693.682   469.967    -3.31    2.47
-158409.029   468.900    -3.75    2.61
-158124.357   467.598    -4.57    2.73
-157839.667   466.171    -5.01    3.18
-157554.958   464.608    -5.49    3.65
-157270.230   462.848    -6.18    4.28
-156985.484   460.346    -8.78    5.32
-156700.719   457.466   -10.11    6.10
-156415.936   454.267   -11.23    6.41
-156131.134   450.925   -11.73    6.01
-155846.314   447.917   -10.56    5.79
-155561.475   445.137    -9.76    5.85
-155276.617   442.253   -10.12    5.76
-154991.741   439.244   -10.56    5.82
-154706.846   436.337   -10.20    6.11
-154421.932   433.806    -8.88    6.14
-154137.000   430.969    -9.95    6.05
-153852.050   428.800    -7.61    6.03
-153567.080   426.806    -7.00    6.16
-153282.092   424.558    -7.89    7.41
-152997.085   422.545    -7.06    9.08
-152712.060   420.247    -8.06   10.60
-152427.016   418.081    -7.60   11.65
-152141.954   415.034   -10.69   12.32
-151856.872   412.671    -8.29   12.41
-151571.772   411.095    -5.53   11.77
-151286.654   407.287   -13.35   10.91
-151001.516   405.079    -7.74   11.16
-150716.361   402.165   -10.22   10.70
-150431.186   399.331    -9.94   10.31
-150145.993   396.219   -10.91   10.19
-149860.781   392.850   -11.81    9.66
-149575.550   389.684   -11.10    8.76
-149290.301   386.994    -9.43    9.60
-149005.033   385.100    -6.64   10.44
-148719.746   383.060    -7.15   10.90
-148434.440   380.051   -10.54   10.37
-148149.116   377.792    -7.92   10.35
-147863.773   375.085    -9.49    9.23
-147578.411   372.583    -8.77    7.97
-147293.031   370.018    -8.99    6.68
-147007.632   368.570    -5.08    6.86
-146722.214   366.718    -6.49    7.15
-146436.778   364.279    -8.55    7.47
-146151.322   362.567    -6.00    7.89
-145865.848   360.925    -5.75    7.90
-145580.355   358.727    -7.70    7.67
-145294.844   356.242    -8.70    7.59
-145009.314   353.605    -9.23    7.80
-144723.764   350.532   -10.76    8.01
-144438.197   346.532   -14.01    9.01
-144152.610   342.950   -12.54    9.93
-143867.005   339.110   -13.45    9.90
-143581.380   335.396   -13.00    9.47
-143295.737   331.222   -14.61    9.13
-143010.076   327.925   -11.54    8.56
-142724.395   324.677   -11.37    8.25
-142438.696   320.658   -14.07    8.04
-142152.977   317.008   -12.77    9.06
-141867.240   312.404   -16.11    9.20
-141581.485   307.494   -17.18    8.69
-141295.710   303.851   -12.75    8.36
-141009.917   300.183   -12.83    7.26
-140724.104   296.960   -11.28    5.28
-140438.273   294.179    -9.73    3.72
-140152.423   292.603    -5.52    3.04
-139866.555   291.092    -5.29    2.94
-139580.667   289.537    -5.44    2.82
-139294.761   288.092    -5.06    2.97
-139008.835   286.785    -4.57    3.01
-138722.891   285.468    -4.61    2.90
-138436.928   283.994    -5.15    3.15
-138150.946   282.685    -4.58    3.49
-137864.945   281.489    -4.18    3.41
-137578.926   279.908    -5.53    3.62
-137292.887   278.258    -5.77    4.32
-137006.830   276.627    -5.70    4.72
-136720.754   274.968    -5.80    4.67
-136434.659   272.917    -7.17    5.22
-136148.545   270.625    -8.01    5.41
-135862.412   268.391    -7.81    5.58
-135576.260   265.167   -11.27    6.08
-135290.089   261.909   -11.38    6.83
-135003.899   258.323   -12.53    7.50
-134717.691   254.977   -11.69    7.71
-134431.463   251.123   -13.46    7.87
-134145.217   247.892   -11.29    7.43
-133858.951   245.175    -9.49    6.43
-133572.667   242.720    -8.58    5.15
-133286.364   241.320    -4.89    4.90
-133000.042   239.958    -4.76    4.89
-132713.701   238.581    -4.81    4.58
-132427.340   236.840    -6.08    5.20
-132140.961   234.704    -7.46    5.85
-131854.563   232.096    -9.10    6.57
-131568.146   228.202   -13.59    8.01
-131281.711   224.014   -14.62    9.36
-130995.256   218.470   -19.35   11.65
-130708.782   213.408   -17.67   11.93
-130422.289   209.999   -11.90   10.63
-130135.777   207.941    -7.18    9.24
-129849.246   206.603    -4.67    8.41
-129562.696   206.267    -1.17    7.66
-129276.127   205.917    -1.22    6.83
-128989.540   205.730    -0.65    5.28
-128702.933   203.258    -8.62    4.33
-128416.307   201.085    -7.58    3.15
-128129.662   199.555    -5.34    2.79
-127842.998   197.677    -6.55    3.02
-127556.315   195.643    -7.10    3.87
-127269.613   193.343    -8.02    5.01
-126982.892   190.105   -11.29    7.39
-126696.152   186.934   -11.06    7.65
-126409.393   183.242   -12.87    8.72
-126122.615   179.701   -12.35    8.88
-125835.818   176.737   -10.33    8.73
-125549.002   174.501    -7.79    7.95
-125262.166   174.523     0.08    7.97
-124975.312   174.617     0.33    8.06
-124688.438   175.530     3.18    8.67
-124401.546   177.732     7.67    9.46
-124114.634   180.522     9.72    9.76
-123827.704   184.002    12.13    8.17
-123540.754   186.771     9.65    4.65
-123253.785   187.064     1.02    4.12
-122966.797   187.117     0.18    4.21
-122679.790   186.477    -2.23    4.60
-122392.764   185.294    -4.12    4.60
-122105.718   183.805    -5.19    4.00
-121818.654   182.566    -4.31    2.97
-121531.571   181.290    -4.45    1.50
-121244.468   180.851    -1.53    1.33
-120957.346   180.450    -1.40    1.27
-120670.205   180.088    -1.26    1.31
-120383.045   179.567    -1.81    1.46
-120095.866   178.816    -2.61    1.75
-119808.668   177.977    -2.92    2.02
-119521.450   176.669    -4.55    2.54
-119234.214   175.289    -4.80    3.21
-118946.958   173.633    -5.76    3.52
-118659.683   171.839    -6.25    3.45
-118372.389   170.441    -4.87    3.20
-118085.075   169.296    -3.99    2.72
-117797.743   168.569    -2.53    2.18
-117510.391   167.985    -2.03    1.93
-117223.020   167.917    -0.24    1.84
-116935.630   167.785    -0.46    1.72
-116648.221   167.598    -0.65    1.57
-116360.793   167.085    -1.78    1.82
-116073.345   166.463    -2.16    1.92
-115785.878   165.727    -2.56    1.87
-115498.392   164.848    -3.06    1.80
-115210.887   164.192    -2.28    1.72
-114923.362   163.542    -2.26    1.57
-114635.819   162.943    -2.08    1.48
-114348.256   162.198    -2.59    1.74
-114060.673   161.323    -3.04    2.04
-113773.072   160.501    -2.86    2.17
-113485.451   159.447    -3.67    2.22
-113197.811   159.087    -1.25    2.02
-112910.152   158.700    -1.35    1.87
-112622.474   158.357    -1.19    1.87
-112334.776   158.035    -1.12    1.84
-112047.059   157.942    -0.33    1.89
-111759.323   158.270     1.14    1.96
-111471.567   158.609     1.18    2.16
-111183.793   158.834     0.78    2.26
-110895.998   159.275     1.53    2.26
-110608.185   159.891     2.14    2.06
-110320.352   160.417     1.83    1.47
-110032.500   160.794     1.31    0.73
-109744.629   160.900     0.37    0.43
-109456.739   160.849    -0.18    0.50
-109168.829   160.661    -0.65    0.84
-108880.899   160.404    -0.89    1.16
-108592.951   159.985    -1.46    1.52
-108304.983   159.472    -1.78    1.89
-108016.996   158.768    -2.45    2.34
-107728.989   158.045    -2.51    2.66
-107440.963   157.312    -2.55    2.77
-107152.918   156.683    -2.18    2.95
-106864.854   156.006    -2.35    2.83
-106576.770   155.270    -2.55    2.75
-106288.666   154.917    -1.23    3.16
-106000.544   155.022     0.37    3.27
-105712.402   154.892    -0.45    3.17
-105424.240   154.781    -0.38    2.81
-105136.060   154.975     0.67    2.37
-104847.860   155.158     0.64    2.13
-104559.640   155.207     0.17    1.89
-104271.401   154.934    -0.95    1.50
-103983.143   154.695    -0.83    1.37
-103694.865   154.150    -1.89    1.49
-103406.568   153.615    -1.86    1.46
-103118.251   153.171    -1.54    1.27
-102829.916   152.884    -0.99    1.01
-102541.560   152.841    -0.15    0.88
-102253.185   152.942     0.35    1.07
-101964.791   153.310     1.28    1.22
-101676.378   153.792     1.67    1.36
-101387.945   154.303     1.77    1.48
-101099.492   154.631     1.14    1.47
-100811.020   154.760     0.45    1.49
-100522.529   154.713    -0.16    1.46
-100234.018   154.450    -0.91    1.37
 -99945.488   154.115    -1.16    1.42
 -99656.938   153.675    -1.53    1.32
 -99368.369   153.227    -1.55    0.99
 -99079.780   152.900    -1.13    0.84
 -98791.172   152.974     0.26    0.95
 -98502.544   153.187     0.74    1.14
 -98213.897   153.572     1.33    1.38
 -97925.230   154.001     1.48    1.36
 -97636.544   154.396     1.37    1.24
 -97349.783   154.618     0.77    1.12
 -97065.131   154.720     0.36    1.04
 -96780.460   154.722     0.01    1.05
 -96495.771   154.451    -0.95    1.25
 -96211.064   153.908    -1.91    1.47
 -95926.338   153.344    -1.98    1.56
 -95641.595   152.633    -2.50    1.48
 -95356.833   151.994    -2.25    1.43
 -95072.053   151.454    -1.90    1.47
 -94787.255   150.950    -1.77    1.46
 -94502.438   150.533    -1.46    1.33
 -94217.604   150.110    -1.49    1.26
 -93932.751   149.792    -1.12    1.19
 -93647.880   149.329    -1.63    1.23
 -93362.991   148.735    -2.08    1.35
 -93078.083   148.120    -2.16    1.58
 -92793.158   147.357    -2.68    1.66
 -92508.214   146.578    -2.74    1.69
 -92223.252   145.803    -2.72    1.60
 -91938.271   145.115    -2.41    1.51
 -91653.273   144.413    -2.46    1.29
 -91368.256   143.767    -2.27    1.10
 -91083.221   143.228    -1.89    0.95
 -90798.168   142.742    -1.70    0.90
 -90513.096   142.242    -1.75    0.84
 -90228.006   142.024    -0.76    0.96
 -89942.898   141.840    -0.64    1.18
 -89657.771   141.826    -0.05    1.43
 -89372.627   141.909     0.29    1.62
 -89087.464   141.934     0.09    1.73
 -88802.283   142.061     0.45    1.76
 -88517.083   142.031    -0.11    1.67
 -88231.865   141.866    -0.58    1.63
 -87946.629   141.688    -0.62    1.56
 -87661.375   141.292    -1.39    1.51
 -87376.102   140.818    -1.66    1.47
 -87090.811   140.307    -1.79    1.44
 -86805.501   139.583    -2.53    1.38
 -86520.174   138.853    -2.56    1.37
 -86234.828   138.141    -2.49    1.36
 -85949.463   137.305    -2.93    1.50
 -85664.081   136.567    -2.59    1.59
 -85378.680   135.900    -2.34    1.65
 -85093.261   135.122    -2.73    1.66
 -84807.823   134.421    -2.46    1.74
 -84522.367   133.722    -2.45    1.69
 -84236.892   132.842    -3.08    1.68
 -83951.400   132.130    -2.49    1.72
 -83665.889   131.470    -2.31    1.56
 -83380.359   130.986    -1.69    1.32
 -83094.811   130.730    -0.90    1.13
 -82809.245   130.567    -0.57    1.00
 -82523.661   130.492    -0.26    0.98
 -82238.058   130.455    -0.13    1.00
 -81952.436   130.421    -0.12    0.99
 -81666.797   130.301    -0.42    0.95
 -81381.139   129.993    -1.08    0.90
 -81095.462   129.762    -0.81    0.82
 -80809.767   129.520    -0.85    0.78
 -80524.054   129.218    -1.06    0.71
 -80238.322   129.021    -0.69    0.72
 -79952.572   128.819    -0.71    0.67
 -79666.804   128.648    -0.60    0.61
 -79381.017   128.512    -0.48    0.56
 -79095.211   128.375    -0.48    0.55
 -78809.387   128.264    -0.39    0.56
 -78523.545   128.060    -0.72    0.61
 -78237.685   127.917    -0.50    0.64
 -77951.805   127.773    -0.50    0.63
 -77665.908   127.472    -1.05    0.76
 -77379.992   127.277    -0.68    0.82
 -77094.057   127.082    -0.68    0.84
 -76808.104   126.825    -0.90    0.90
 -76522.133   126.594    -0.81    0.87
 -76236.143   126.325    -0.94    0.84
 -75950.135   126.083    -0.84    0.70
 -75664.108   125.833    -0.87    0.68
 -75378.063   125.572    -0.91    0.67
 -75091.999   125.337    -0.82    0.64
 -74805.917   124.992    -1.21    0.75
 -74519.816   124.712    -0.98    0.81
 -74233.697   124.512    -0.70    0.82
 -73947.559   124.333    -0.62    0.82
 -73661.403   124.330    -0.01    0.78
 -73375.228   124.429     0.35    0.81
 -73089.035   124.542     0.39    0.83
 -72802.823   124.692     0.52    0.78
 -72516.593   124.884     0.67    0.50
 -72230.344   124.968     0.29    0.26
 -71944.076   124.933    -0.12    0.13
 -71657.790   124.933    -0.00    0.13
 -71371.486   124.976     0.15    0.27
 -71085.163   124.992     0.06    0.39
 -70798.821   124.966    -0.09    0.50
 -70512.461   124.866    -0.35    0.59
 -70226.083   124.749    -0.41    0.67
 -69939.685   124.603    -0.51    0.70
 -69653.270   124.384    -0.76    0.62
 -69366.835   124.158    -0.79    0.50
 -69080.382   123.941    -0.76    0.50
 -68793.911   123.733    -0.73    0.51
 -68507.421   123.539    -0.68    0.49
 -68220.912   123.324    -0.75    0.54
 -67934.385   123.065    -0.90    0.69
 -67647.839   122.652    -1.44    0.93
 -67361.275   121.967    -2.39    1.38
 -67074.692   121.228    -2.58    1.68
 -66788.090   120.405    -2.87    1.85
 -66501.470   119.555    -2.97    1.75
 -66214.831   118.770    -2.74    1.52
 -65928.173   118.014    -2.64    1.30
 -65641.497   117.150    -3.01    1.80
 -65354.803   115.959    -4.15    2.51
 -65068.089   114.661    -4.53    3.51
 -64781.357   113.729    -3.25    3.44
 -64494.607   112.467    -4.40    3.70
 -64207.837   111.836    -2.20    3.40
 -63921.049   111.510    -1.14    3.21
 -63634.243   111.822     1.09    2.96
 -63347.417   112.226     1.41    2.83
 -63060.574   110.875    -4.71    5.21
 -62773.711   108.160    -9.46    7.96
 -62486.830   104.261   -13.59   10.84
 -62199.930    99.648   -16.08   12.20
 -61913.011    95.127   -15.76   11.73
 -61626.074    89.740   -18.77   10.21
 -61339.118    85.221   -15.75    7.54
 -61052.143    81.312   -13.62    5.80
 -60765.150    78.472    -9.89    5.35
 -60478.138    75.859    -9.11    5.70
 -60191.107    73.313    -8.87    5.65
 -59904.058    70.992    -8.09    5.12
 -59616.989    68.530    -8.57    4.79
 -59329.902    66.429    -7.32    4.77
 -59042.797    64.631    -6.26    4.49
 -58755.672    62.300    -8.12    4.90
 -58468.529    60.393    -6.64    5.26
 -58181.368    58.359    -7.08    5.38
 -57894.187    56.092    -7.90    5.10
 -57606.988    53.900    -7.63    5.12
 -57319.770    51.665    -7.78    4.81
 -57032.533    49.606    -7.17    4.00
 -56745.277    47.671    -6.74    3.87
 -56458.003    46.063    -5.60    3.78
 -56170.710    44.617    -5.03    3.46
 -55883.398    43.033    -5.51    3.30
 -55596.067    41.860    -4.08    3.19
 -55308.718    40.751    -3.86    2.94
 -55021.350    39.673    -3.75    2.54
 -54733.963    38.884    -2.75    2.43
 -54446.557    38.074    -2.82    2.33
 -54159.132    37.450    -2.17    2.19
 -53871.689    36.842    -2.11    2.24
 -53584.227    36.306    -1.87    2.38
 -53296.746    35.715    -2.05    2.33
 -53009.246    34.959    -2.63    2.38
 -52721.728    34.372    -2.04    2.59
 -52434.190    33.698    -2.34    2.61
 -52146.634    32.883    -2.83    2.53
 -51859.059    32.231    -2.27    2.63
 -51571.465    31.632    -2.08    2.54
 -51283.852    31.063    -1.98    2.33
 -50996.221    30.494    -1.98    2.25
 -50708.570    30.022    -1.64    2.10
 -50420.901    29.589    -1.51    1.76
 -50133.213    29.035    -1.92    1.50
 -49845.506    28.785    -0.87    1.43
 -49557.780    28.553    -0.80    1.31
 -49270.035    28.392    -0.56    1.34
 -48982.271    28.134    -0.89    1.50
 -48694.489    27.772    -1.26    1.75
 -48406.688    27.344    -1.49    1.96
 -48118.867    26.827    -1.80    2.57
 -47831.028    26.413    -1.44    2.91
 -47543.170    26.408    -0.02    2.99
 -47255.293    26.421     0.04    2.98
 -46967.397    26.713     1.02    2.89
 -46679.483    26.958     0.85    2.56
 -46391.549    27.106     0.52    1.88
 -46103.596    27.296     0.66    1.64
 -45815.625    27.364     0.24    1.62
 -45527.634    27.442     0.27    1.58
 -45239.625    27.681     0.83    1.58
 -44951.597    28.031     1.21    1.68
 -44663.549    28.379     1.21    1.62
 -44375.483    28.471     0.32    1.47
 -44087.398    28.488     0.06    1.49
 -43799.294    28.578     0.31    1.52
 -43511.171    28.773     0.68    1.58
 -43223.029    28.967     0.67    1.78
 -42934.868    29.165     0.69    1.93
 -42646.688    29.459     1.02    1.99
 -42358.489    29.572     0.39    1.86
 -42070.271    29.788     0.75    1.77
 -41782.034    29.749    -0.14    1.69
 -41493.779    29.578    -0.59    1.66
 -41205.504    29.433    -0.50    1.62
 -40917.210    29.250    -0.63    1.63
 -40628.897    28.942    -1.07    1.74
 -40340.565    28.446    -1.72    2.02
 -40052.214    27.868    -2.01    2.30
 -39763.845    27.202    -2.31    2.38
 -39475.456    26.192    -3.50    2.70
 -39187.048    25.546    -2.24    2.65
 -38898.621    24.908    -2.21    2.60
 -38610.175    24.508    -1.39    2.60
 -38321.710    24.144    -1.26    3.00
 -38033.226    23.811    -1.16    3.23
 -37744.723    23.859     0.17    2.84
 -37456.201    24.048     0.66    2.24
 -37167.659    23.667    -1.32    2.30
 -36879.099    23.492    -0.61    2.03
 -36590.520    23.219    -0.94    2.02
 -36301.922    23.104    -0.40    2.05
 -36013.304    22.648    -1.58    2.50
 -35724.668    22.008    -2.22    3.19
 -35438.355    21.404    -2.11    3.89
 -35153.665    20.770    -2.23    4.57
 -34868.957    19.917    -3.00    4.99
 -34584.231    18.570    -4.73    5.57
 -34299.487    16.787    -6.26    6.32
 -34014.725    15.198    -5.58    6.31
 -33729.946    13.236    -6.89    6.43
 -33445.149    11.671    -5.50    5.84
 -33160.334    10.300    -4.81    4.85
 -32875.501     9.291    -3.54    3.80
 -32590.650     8.512    -2.73    3.02
 -32305.782     8.085    -1.50    2.37
 -32020.896     7.925    -0.56    2.24
 -31735.992     8.032     0.38    2.11
 -31451.070     7.900    -0.47    1.99
 -31166.131     7.768    -0.46    1.91
 -30881.173     7.755    -0.04    1.94
 -30596.198     7.858     0.36    1.95
 -30311.205     7.892     0.12    2.07
 -30026.194     8.038     0.51    2.14
 -29741.166     8.547     1.79    2.32
 -29456.119     9.344     2.80    2.63
 -29171.055    10.425     3.79    2.73
 -28885.973    10.984     1.96    2.68
 -28600.873    11.100     0.41    2.58
 -28315.755    10.761    -1.19    2.91
 -28030.619    10.202    -1.96    3.27
 -27745.466     9.158    -3.66    3.42
 -27460.294     7.941    -4.27    3.01
 -27175.105     6.900    -3.65    2.50
 -26889.898     5.633    -4.44    2.29
 -26604.673     4.949    -2.40    2.18
 -26319.430     4.613    -1.18    2.01
 -26034.169     4.408    -0.72    1.98
 -25748.890     4.429     0.07    2.07
 -25463.594     4.884     1.59    2.34
 -25178.279     5.617     2.57    2.68
 -24892.947     6.646     3.61    3.15
 -24607.596     7.982     4.68    3.78
 -24322.228     9.472     5.22    4.17
 -24036.842    10.868     4.89    4.27
 -23751.438    12.226     4.76    3.84
 -23466.016    13.425     4.20    3.12
 -23180.576    14.461     3.63    2.03
 -22895.118    15.097     2.23    0.99
 -22609.643    15.049    -0.17    0.95
 -22324.149    14.746    -1.06    1.05
 -22038.637    14.663    -0.29    1.44
 -21753.108    15.142     1.68    2.63
 -21467.560    15.491     1.22    2.80
 -21181.995    15.636     0.51    2.80
 -20896.411    16.135     1.75    2.89
 -20610.810    17.318     4.14    3.39
 -20325.191    18.949     5.71    3.91
 -20039.553    20.092     4.00    3.81
 -19753.898    20.816     2.54    3.36
 -19468.225    20.941     0.44    3.13
 -19182.534    20.883    -0.20    3.09
 -18896.824    19.925    -3.35    3.70
 -18611.097    18.723    -4.21    3.80
 -18325.352    17.656    -3.73    3.27
 -18039.589    16.508    -4.02    2.82
 -17753.808    15.586    -3.23    2.46
 -17468.009    15.008    -2.02    2.54
 -17182.191    14.108    -3.15    2.76
 -16896.356    12.966    -4.00    3.23
 -16610.503    11.535    -5.01    3.53
 -16324.632     9.942    -5.57    3.62
 -16038.742     8.536    -4.92    3.25
 -15752.835     7.409    -3.94    2.59
 -15466.910     6.446    -3.37    1.66
 -15180.967     5.966    -1.68    0.82
 -14895.005     5.804    -0.57    0.37
 -14609.026     5.868     0.22    0.28
 -14323.028     5.982     0.40    0.25
 -14037.013     6.053     0.25    0.34
 -13750.979     6.095     0.15    0.38
 -13464.927     6.087    -0.03    0.38
 -13178.858     6.132     0.15    0.47
 -12892.770     6.455     1.13    1.09
 -12606.664     7.071     2.16    1.79
 -12320.540     7.489     1.46    1.89
 -12034.398     7.791     1.05    1.90
 -11748.238     7.793     0.01    1.76
 -11462.060     7.722    -0.25    1.71
 -11175.864     7.480    -0.85    1.59
 -10889.649     7.196    -0.99    1.48
 -10603.417     6.546    -2.27    1.50
 -10317.166     6.085    -1.61    1.39
 -10030.898     5.636    -1.57    1.24
  -9744.611     5.341    -1.03    1.18
  -9458.306     5.113    -0.79    1.10
  -9171.983     4.942    -0.60    1.07
  -8885.642     4.917    -0.09    1.02
  -8599.283     5.040     0.43    1.01
  -8312.905     4.925    -0.40    1.01
  -8026.510     4.829    -0.33    1.09
  -7740.096     4.917     0.30    1.10
  -7453.664     5.154     0.83    1.19
  -7167.214     5.453     1.04    1.17
  -6880.746     5.942     1.70    1.17
  -6594.260     6.358     1.46    1.21
  -6307.755     6.852     1.72    1.03
  -6021.233     7.115     0.92    0.86
  -5734.692     7.117     0.01    0.92
  -5448.133     6.974    -0.50    1.14
  -5161.556     6.605    -1.29    1.43
  -4874.960     5.550    -3.68    2.43
  -4588.347     3.950    -5.58    3.19
  -4301.715     2.645    -4.55    3.27
  -4015.065     1.513    -3.95    3.09
  -3728.397     0.522    -3.46    2.69
  -3441.711    -0.269    -2.76    1.91
  -3155.007    -0.397    -0.45    1.48
  -2868.284     0.092     1.70    2.05
  -2581.543     0.586     1.72    2.26
  -2294.784     1.071     1.69    2.24
  -2008.007     1.183     0.39    2.19
  -1721.211     1.105    -0.27    2.21
  -1434.397     0.908    -0.69    2.29
  -1147.565     0.338    -1.99    2.22
   -860.715    -0.299    -2.22    1.61
   -573.846    -0.607    -1.07    1.15
   -286.960    -0.431     0.62    1.35
     -0.055    -0.075     1.24    1.54
    286.869     0.445     1.81    1.68
    573.810     0.958     1.79    1.67
    860.770     1.622     2.31    1.65
   1147.748     2.060     1.53    1.52
   1434.744     2.547     1.70    1.81
   1721.759     2.991     1.55    2.21
   2008.792     3.396     1.41    2.37
   2295.843     3.849     1.58    2.30
   2582.913     4.371     1.82    1.91
   2870.000     4.610     0.84    1.67
   3157.106     4.950     1.18    0.97
   3444.231     4.799    -0.52    0.85
   3731.373     4.713    -0.30    0.84
   4018.534     4.644    -0.24    0.86
   4305.714     4.495    -0.52    0.99
   4592.911     4.352    -0.50    1.06
   4880.127     3.909    -1.54    1.35
   5167.361     3.307    -2.10    1.76
   5454.614     2.592    -2.49    1.93
   5741.885     1.933    -2.29    2.13
   6029.174     1.327    -2.11    2.39
   6316.482     0.745    -2.03    2.48
   6603.808     0.077    -2.32    2.36
   6891.152    -0.451    -1.84    2.43
   7178.514    -0.764    -1.09    2.36
   7465.895    -0.978    -0.74    2.22
   7753.295    -0.736     0.84    2.61
   8040.712    -0.158     2.01    3.11
   8328.149     0.293     1.57    3.34
   8615.603     0.622     1.14    3.39
   8903.076     0.308    -1.09    3.54
   9190.567    -0.236    -1.90    3.76
   9478.077    -0.739    -1.75    3.54
   9765.605    -0.736     0.01    3.29
  10053.151    -0.337     1.39    3.36
  10340.716     0.336     2.34    3.56
  10628.299     1.383     3.64    3.49
  10915.901     2.364     3.41    2.93
  11203.521     3.247     3.07    1.95
  11491.159     3.384     0.47    1.74
  11778.816     2.966    -1.45    1.77
  12066.491     2.437    -1.84    1.58
  12354.185     1.950    -1.69    1.22
  12641.897     1.736    -0.74    1.00
  12929.628     1.548    -0.66    0.93
  13217.377     1.437    -0.38    0.93
  13505.144     1.343    -0.33    0.86
  13792.930     1.280    -0.22    0.75
  14080.734     1.167    -0.39    0.54
  14368.557     1.100    -0.23    0.39
  14656.399     1.110     0.04    0.40
  14944.258     1.060    -0.18    0.35
  15232.137     1.033    -0.09    0.32
  15520.033     1.068     0.12    0.36
  15807.948     1.110     0.15    0.40
  16095.882     1.198     0.30    0.45
  16383.834     1.340     0.49    0.53
  16671.805     1.594     0.88    0.68
  16959.794     1.966     1.29    0.90
  17247.802     2.376     1.42    0.98
  17535.828     2.822     1.55    0.98
  17823.873     3.283     1.60    0.96
  18111.936     3.761     1.66    0.92
  18400.017     4.204     1.54    0.92
  18688.118     4.600     1.38    1.00
  18976.236     5.163     1.95    1.22
  19264.374     5.618     1.58    1.34
  19552.529     6.008     1.35    1.40
  19840.704     6.542     1.85    1.55
  20128.897     6.909     1.27    1.84
  20417.108     7.494     2.03    2.12
  20705.338     8.455     3.33    2.73
  20993.587     9.695     4.30    3.57
  21281.854    11.070     4.77    4.00
  21570.139    12.736     5.78    3.98
  21858.443    14.264     5.30    3.74
  22146.766    15.884     5.62    2.77
  22435.108    17.010     3.90    1.67
  22723.468    17.675     2.31    1.56
  23011.846    18.328     2.27    1.74
  23300.243    19.008     2.36    2.05
  23588.659    20.142     3.93    2.52
  23877.093    21.325     4.10    2.98
  24165.546    22.704     4.78    2.99
  24454.018    24.275     5.45    2.55
  24742.508    25.352     3.73    2.05
  25031.017    26.198     2.93    1.70
  25319.544    26.958     2.64    1.45
  25608.090    27.647     2.39    1.19
  25896.654    28.167     1.80    1.07
  26185.238    28.575     1.41    0.99
  26471.155    28.965     1.36    1.04
  26755.892    29.356     1.37    0.97
  27040.647    29.768     1.45    1.00
  27325.419    30.242     1.67    1.16
  27610.208    30.764     1.83    1.26
  27895.014    31.342     2.03    1.35
  28179.838    31.974     2.22    1.44
  28464.679    32.751     2.73    1.49
  28749.538    33.467     2.51    1.39
  29034.414    33.980     1.80    1.28
  29319.307    34.331     1.23    1.19
  29604.217    34.517     0.65    1.29
  29889.145    34.409    -0.38    1.50
  30174.091    34.219    -0.66    1.52
  30459.054    34.267     0.17    1.38
  30744.034    34.320     0.19    1.37
  31029.031    34.550     0.81    1.32
  31314.046    34.976     1.49    1.35
  31599.078    35.493     1.81    1.43
  31884.128    36.150     2.31    1.24
  32169.195    36.794     2.26    1.20
  32454.280    37.290     1.74    1.17
  32739.382    37.758     1.64    1.13
  33024.501    38.201     1.55    1.13
  33309.638    38.622     1.47    1.16
  33594.792    38.991     1.30    1.22
  33879.963    39.489     1.75    1.36
  34165.152    39.917     1.50    1.48
  34450.359    40.380     1.62    1.40
  34735.583    40.908     1.85    1.45
  35020.824    41.376     1.64    1.36
  35306.083    41.652     0.97    1.26
  35591.359    41.667     0.05    1.32
  35876.652    41.613    -0.19    1.36
  36161.964    41.458    -0.54    1.37
  36447.292    41.445    -0.05    1.27
  36732.638    41.514     0.24    1.18
  37018.002    41.782     0.94    1.28
  37303.383    42.280     1.74    1.60
  37588.781    42.884     2.12    1.81
  37874.197    43.679     2.78    1.93
  38159.630    44.413     2.57    1.82
  38445.081    45.126     2.50    1.65
  38730.549    45.773     2.26    1.54
  39016.035    46.274     1.76    1.44
  39301.539    46.779     1.77    1.41
  39587.060    47.220     1.55    1.48
  39872.598    47.715     1.73    1.52
  40158.154    48.120     1.42    1.50
  40443.727    48.497     1.32    1.48
  40729.318    48.741     0.85    1.41
  41014.926    49.017     0.97    1.32
  41300.552    49.214     0.69    1.15
  41586.196    49.485     0.95    1.05
  41871.857    49.683     0.69    0.96
  42157.535    49.917     0.82    0.85
  42443.231    50.255     1.19    0.83
  42728.945    50.614     1.26    0.89
  43014.676    51.092     1.67    0.98
  43300.425    51.651     1.96    1.20
  43586.191    52.245     2.08    1.38
  43871.975    52.976     2.56    1.62
  44157.776    53.663     2.40    1.73
  44443.595    54.337     2.36    1.79
  44729.432    54.958     2.17    1.79
  45015.286    55.541     2.04    1.55
  45301.157    56.067     1.84    1.26
  45587.047    56.617     1.92    0.95
  45872.953    57.167     1.92    1.22
  46158.878    57.750     2.04    1.60
  46444.820    58.522     2.70    2.20
  46730.779    59.441     3.21    2.62
  47016.757    60.578     3.98    2.76
  47302.751    61.974     4.88    2.57
  47588.764    63.110     3.97    2.02
  47874.794    63.767     2.30    1.47
  48160.841    63.997     0.81    1.39
  48446.907    63.917    -0.28    1.52
  48732.990    63.507    -1.43    1.79
  49019.090    62.998    -1.78    2.03
  49305.208    62.544    -1.59    2.05
  49591.344    62.408    -0.47    2.04
  49877.497    62.570     0.57    2.15
  50163.668    62.868     1.04    2.38
  50449.857    63.376     1.77    2.38
  50736.063    63.804     1.50    2.18
  51022.287    64.205     1.40    1.74
  51308.529    64.380     0.61    1.50
  51594.788    64.078    -1.05    1.60
  51881.065    63.629    -1.57    1.66
  52167.360    63.081    -1.91    1.52
  52453.672    62.497    -2.04    1.34
  52740.002    62.191    -1.07    1.20
  53026.350    62.302     0.39    1.26
  53312.715    62.693     1.36    1.47
  53599.098    63.183     1.71    1.68
  53885.499    63.715     1.86    1.75
  54171.918    64.293     2.02    1.66
  54458.354    64.828     1.87    1.51
  54744.808    65.307     1.67    1.35
  55031.279    65.565     0.90    1.28
  55317.769    65.659     0.33    1.22
  55604.276    65.690     0.11    1.20
  55890.800    65.557    -0.46    1.27
  56177.343    65.510    -0.16    1.25
  56463.903    65.474    -0.13    1.25
  56750.481    65.445    -0.10    1.22
  57037.076    65.538     0.32    1.26
  57323.690    65.793     0.89    1.32
  57610.321    66.575     2.73    2.09
  57896.970    67.510     3.26    2.85
  58183.636    67.967     1.59    3.20
  58470.321    68.171     0.71    3.68
  58757.023    68.071    -0.35    4.09
  59043.743    67.140    -3.25    3.82
  59330.480    66.193    -3.30    3.68
  59617.236    65.054    -3.97    2.55
  59904.009    64.294    -2.65    1.39
  60190.800    63.853    -1.54    0.97
  60477.609    63.510    -1.20    0.86
  60764.435    63.272    -0.83    0.88
  61051.280    63.409     0.48    1.25
  61338.142    63.470     0.21    1.40
  61625.022    63.592     0.43    1.55
  61911.919    63.885     1.02    1.67
  62198.835    64.376     1.71    1.67
  62485.768    64.842     1.62    1.55
  62772.720    65.329     1.70    1.25
  63059.688    65.697     1.28    0.90
  63346.675    65.908     0.74    0.51
  63633.680    65.989     0.28    0.32
  63920.702    65.982    -0.02    0.25
  64207.743    66.261     0.97    0.88
  64494.801    67.069     2.81    2.11
  64781.877    68.302     4.30    3.22
  65068.971    69.991     5.88    3.79
  65356.082    71.381     4.84    3.64
  65643.212    72.626     4.34    3.06
  65930.359    73.600     3.39    2.14
  66217.524    73.917     1.10    1.70
  66504.708    74.032     0.40    1.60
  66791.909    73.917    -0.40    1.62
  67079.127    73.996     0.28    1.63
  67366.364    74.122     0.44    1.52
  67653.619    74.181     0.21    1.38
  67940.891    74.123    -0.20    1.40
  68228.182    74.016    -0.37    1.54
  68515.490    73.769    -0.86    1.66
  68802.816    73.765    -0.02    1.74
  69090.160    74.067     1.05    2.01
  69377.522    74.792     2.52    2.67
  69664.902    76.053     4.39    3.15
  69952.300    76.933     3.06    2.82
  70239.716    77.867     3.25    2.46
  70527.149    77.837    -0.10    2.12
  70814.601    77.358    -1.67    1.92
  71102.070    76.487    -3.03    1.81
  71389.558    75.629    -2.99    1.76
  71677.063    74.958    -2.33    1.51
  71964.586    74.470    -1.70    1.22
  72252.128    74.341    -0.45    1.03
  72539.687    74.546     0.71    1.28
  72827.264    75.081     1.86    1.93
  73114.859    76.037     3.32    2.62
  73402.472    77.359     4.60    3.47
  73690.103    78.958     5.56    4.01
  73977.752    80.133     4.08    4.13
  74265.419    81.331     4.17    3.85
  74553.104    81.917     2.03    3.73
  74840.807    81.877    -0.14    3.70
  75128.528    81.487    -1.36    3.63
  75416.267    80.567    -3.20    3.34
  75704.024    79.709    -2.98    2.86
  75991.799    78.917    -2.75    2.23
  76279.592    78.256    -2.30    1.44
  76567.403    78.197    -0.20    1.24
  76855.232    78.401     0.71    1.50
  77143.079    78.575     0.61    1.61
  77430.943    78.591     0.06    1.61
  77718.826    78.733     0.49    1.55
  78006.727    79.058     1.13    1.80
  78294.646    79.671     2.13    2.44
  78582.584    80.433     2.65    2.99
  78870.539    81.376     3.27    3.34
  79158.512    82.376     3.47    2.94
  79446.503    83.161     2.72    2.42
  79734.512    83.510     1.21    1.99
  80022.539    83.549     0.13    2.04
  80310.585    83.535    -0.05    2.24
  80598.648    84.156     2.16    3.42
  80886.730    84.956     2.78    4.17
  81174.829    85.592     2.20    4.32
  81462.947    86.074     1.67    4.12
  81751.083    86.213     0.48    3.84
  82039.236    85.739    -1.64    3.55
  82327.408    84.925    -2.83    3.42
  82615.598    83.774    -3.99    2.22
  82903.806    83.086    -2.39    1.35
  83192.032    82.933    -0.53    1.32
  83480.276    83.318     1.34    1.58
  83768.539    83.804     1.68    1.64
  84056.819    84.239     1.51    1.57
  84345.118    84.478     0.83    1.52
  84633.435    84.486     0.03    1.44
  84921.769    84.297    -0.66    1.42
  85210.122    84.147    -0.52    1.43
  85498.493    83.909    -0.83    1.41
  85786.883    83.754    -0.54    1.39
  86075.290    83.448    -1.06    1.32
  86363.715    83.143    -1.06    1.43
  86652.159    82.975    -0.58    1.56
  86940.621    82.925    -0.17    1.81
  87229.101    83.054     0.45    2.01
  87517.599    83.437     1.33    2.33
  87806.115    84.229     2.74    3.29
  88094.649    85.677     5.02    4.09
  88380.190    87.199     5.33    4.12
  88664.972    88.147     3.33    3.62
  88949.771    88.497     1.23    3.31
  89234.586    88.264    -0.82    2.95
  89519.419    87.591    -2.36    3.09
  89804.268    86.611    -3.44    2.81
  90089.135    85.522    -3.82    2.41
  90374.018    84.750    -2.71    2.17
  90658.918    84.305    -1.56    2.28
  90943.835    83.796    -1.79    2.56
  91228.769    83.345    -1.58    2.73
  91513.720    82.950    -1.39    2.77
  91798.688    82.757    -0.68    2.81
  92083.672    82.754    -0.01    2.85
  92368.674    83.187     1.52    3.00
  92653.693    83.941     2.64    3.04
  92938.728    84.597     2.30    2.85
  93223.781    84.594    -0.01    2.62
  93508.850    84.200    -1.38    2.99
  93793.936    83.760    -1.55    2.96
  94079.039    83.215    -1.91    2.94
  94364.160    82.901    -1.10    2.83
  94649.297    82.859    -0.15    2.82
  94934.451    83.274     1.45    2.83
  95219.622    84.304     3.61    2.52
  95504.810    85.206     3.16    1.99
  95790.015    85.814     2.13    1.41
  96075.237    86.149     1.17    1.74
  96360.476    86.132    -0.06    1.96
  96645.732    86.060    -0.25    2.05
  96931.005    85.917    -0.50    1.84
  97216.295    85.550    -1.29    1.15
  97501.602    85.405    -0.51    0.89
  97786.926    85.198    -0.73    0.50
  98072.267    85.118    -0.28    0.56
  98357.625    85.020    -0.34    0.77
  98643.000    84.852    -0.59    0.99
  98928.392    84.665    -0.66    1.24
  99213.800    84.473    -0.67    1.38
  99499.226    84.058    -1.45    1.61
  99784.669    83.607    -1.58    1.67
 100070.129    83.283    -1.14    1.73
 100355.606    83.064    -0.76    1.78
 100641.101    82.749    -1.11    1.77
 100926.612    82.475    -0.96    1.69
 101212.140    82.047    -1.50    1.49
 101497.685    81.869    -0.62    1.37
 101783.247    81.802    -0.23    1.46
 102068.826    81.917     0.40    1.66
 102354.423    81.909    -0.03    1.69
 102640.036    81.630    -0.98    1.63
 102925.667    81.285    -1.21    1.78
 103211.314    80.860    -1.49    1.68
 103496.979    80.594    -0.93    1.79
 103782.660    80.357    -0.83    1.76
 104068.359    80.054    -1.06    1.33
 104354.075    79.868    -0.65    1.07
 104639.808    79.933     0.23    1.17
 104925.558    79.917    -0.06    1.14
 105211.325    80.187     0.95    1.47
 105497.109    80.290     0.36    1.73
 105782.910    80.233    -0.20    1.73
 106068.729    80.514     0.98    1.93
 106354.564    80.583     0.24    1.84
 106640.417    80.708     0.44    1.75
 106926.286    80.837     0.45    1.61
 107212.173    80.981     0.50    1.51
 107498.077    81.215     0.82    1.34
 107783.998    81.377     0.57    1.38
 108069.936    81.570     0.67    1.33
 108355.891    81.733     0.57    1.20
 108641.864    81.413    -1.12    1.25
 108927.853    80.958    -1.59    1.59
 109213.860    80.159    -2.80    1.99
 109499.884    79.507    -2.28    2.08
 109785.925    78.876    -2.21    1.95
 110071.983    78.151    -2.54    1.56
 110358.058    77.589    -1.96    1.18
 110644.151    77.280    -1.08    1.03
 110930.260    77.107    -0.61    1.17
 111216.387    76.885    -0.78    1.33
 111502.531    76.594    -1.02    1.32
 111788.692    76.298    -1.04    1.46
 112074.871    75.941    -1.25    1.68
 112361.066    75.671    -0.94    1.69
 112647.279    75.441    -0.80    1.85
 112933.509    75.384    -0.20    1.80
 113219.756    75.291    -0.33    1.79
 113506.020    75.224    -0.23    1.95
 113792.301    75.247     0.08    1.98
 114078.600    74.876    -1.30    2.41
 114364.916    74.456    -1.47    2.77
 114651.249    74.113    -1.20    2.93
 114937.599    74.003    -0.39    2.94
 115223.967    74.005     0.01    2.91
 115510.352    74.056     0.18    2.76
 115796.754    74.195     0.48    2.58
 116083.173    74.239     0.16    2.32
 116369.609    74.024    -0.75    2.15
 116656.063    73.520    -1.76    2.31
 116942.534    72.991    -1.85    2.59
 117229.022    72.056    -3.26    3.35
 117515.527    70.956    -3.84    3.91
 117802.050    69.991    -3.37    4.40
 118088.590    69.118    -3.04    4.79
 118375.147    67.925    -4.17    4.91
 118661.721    67.016    -3.17    4.77
 118948.313    66.376    -2.23    4.58
 119234.922    65.773    -2.11    4.07
 119521.548    65.094    -2.37    3.05
 119808.192    64.885    -0.73    2.35
 120094.853    64.707    -0.62    1.45
 120381.531    64.727     0.07    1.31
 120668.226    64.885     0.55    1.31
 120954.939    65.078     0.67    1.26
 121241.669    65.315     0.83    1.08
 121528.416    65.464     0.52    1.06
 121815.180    65.702     0.83    0.95
 122101.962    65.743     0.14    0.73
 122388.762    65.685    -0.20    0.76
 122675.578    65.518    -0.58    0.64
 122962.412    65.409    -0.38    0.73
 123249.263    65.309    -0.35    0.79
 123536.132    65.148    -0.56    0.82
 123823.017    65.005    -0.50    0.79
 124109.920    64.830    -0.61    0.75
 124396.841    64.620    -0.73    0.68
 124683.779    64.488    -0.46    0.60
 124970.734    64.383    -0.37    0.50
 125257.706    64.341    -0.15    0.50
