-101701.607   159.742     0.00    1.55
-101415.486   159.642    -0.35    1.43
-101129.370   159.437    -0.72    0.89
-100843.258   159.496     0.21    1.01
-100557.151   159.755     0.90    1.61
-100271.049   160.254     1.74    2.44
 -99984.951   160.715     1.61    2.90
 -99698.858   161.143     1.49    3.27
 -99412.770   162.132     3.46    4.38
 -99126.687   162.932     2.80    5.28
 -98840.608   163.703     2.69    6.34
 -98554.534   164.479     2.71    7.32
 -98268.464   164.618     0.49    7.80
 -97982.400   164.679     0.21    8.23
 -97696.340   163.945    -2.56    7.82
 -97410.284   162.808    -3.98    6.86
 -97124.234   161.242    -5.47    4.92
 -96838.188   160.054    -4.15    2.61
 -96552.147   159.472    -2.03    0.93
 -96266.110   159.457    -0.05    0.57
 -95980.079   159.647     0.67    0.80
 -95694.052   160.031     1.34    1.47
 -95408.029   160.755     2.53    2.46
 -95122.011   161.768     3.54    3.48
 -94835.999   163.030     4.41    4.29
 -94549.990   164.180     4.02    4.60
 -94263.987   165.015     2.92    4.44
 -93977.988   165.443     1.50    3.89
 -93691.994   165.755     1.09    3.35
 -93406.004   165.727    -0.10    2.68
 -93120.019   165.415    -1.09    2.21
 -92834.039   164.624    -2.76    1.89
 -92548.064   163.784    -2.94    2.05
 -92262.093   162.768    -3.55    2.33
 -91976.127   161.768    -3.50    2.43
 -91690.166   160.589    -4.12    2.24
 -91404.209   159.685    -3.16    1.81
 -91118.257   159.177    -1.78    1.42
 -90832.310   159.048    -0.45    1.58
 -90546.368   159.120     0.25    1.78
 -90260.430   159.439     1.12    2.23
 -89974.497   159.564     0.44    2.52
 -89688.568   159.704     0.49    2.72
 -89402.513   159.825     0.42    2.94
 -89115.495   159.645    -0.63    3.21
 -88828.483   159.517    -0.45    3.59
 -88541.476   159.014    -1.75    3.84
 -88254.474   158.786    -0.79    3.72
 -87967.478   158.537    -0.87    3.71
 -87680.487   158.580     0.15    3.96
 -87393.502   159.561     3.42    5.23
 -87106.522   161.387     6.36    7.30
 -86819.548   163.369     6.91    7.95
 -86532.579   164.768     4.88    8.18
 -86245.616   165.062     1.02    8.55
 -85958.658   165.805     2.59    8.93
 -85671.706   166.432     2.18    8.65
 -85384.759   166.544     0.39    7.18
 -85097.818   166.049    -1.73    6.34
 -84810.882   166.352     1.06    5.30
 -84523.952   166.715     1.27    4.58
 -84237.027   166.925     0.73    4.56
 -83950.107   166.981     0.20    4.96
 -83663.194   166.061    -3.21    6.00
 -83376.285   163.793    -7.90    8.22
 -83089.382   160.701   -10.78    9.63
 -82802.485   157.481   -11.22   10.16
 -82515.592   154.390   -10.78    9.82
 -82228.706   151.670    -9.48    9.03
 -81941.825   150.524    -4.00    8.54
 -81654.949   150.028    -1.73    9.18
 -81368.079   151.055     3.58   10.88
 -81081.214   151.259     0.71   12.14
 -80794.355   151.284     0.09   13.25
 -80507.502   151.166    -0.41   13.04
 -80220.653   150.959    -0.72   12.49
 -79933.810   151.781     2.87   11.92
 -79646.973   153.781     6.97   11.01
 -79360.141   156.701    10.18   10.09
 -79073.315   160.439    13.03    8.93
 -78786.494   163.989    12.38    7.77
 -78499.679   166.947    10.31    7.17
 -78212.869   169.756     9.80    6.86
 -77926.064   172.513     9.61    6.41
 -77639.265   175.238     9.50    5.99
 -77352.472   177.558     8.09    5.28
 -77065.684   179.208     5.75    4.29
 -76778.901   179.918     2.48    4.13
 -76492.124   180.376     1.60    4.45
 -76205.352   180.784     1.42    4.51
 -75918.586   180.582    -0.70    4.36
 -75631.825   179.254    -4.63    4.83
 -75345.070   177.191    -7.19    5.52
 -75058.320   174.785    -8.39    6.92
 -74771.576   171.334   -12.04    7.94
 -74484.837   167.782   -12.38    7.75
 -74198.103   164.982    -9.77    6.31
 -73911.375   163.231    -6.11    5.22
 -73624.653   162.799    -1.51    5.06
 -73337.936   163.602     2.80    6.00
 -73051.224   164.599     3.48    6.38
 -72764.518   165.233     2.21    6.75
 -72477.817   165.628     1.38    6.32
 -72191.122   165.387    -0.84    6.00
 -71904.432   163.889    -5.22    6.00
 -71617.748   161.134    -9.61    6.31
 -71331.069   158.647    -8.67    6.29
 -71044.396   155.897    -9.59    6.99
 -70757.728   152.545   -11.70    8.90
 -70471.066   148.697   -13.42   10.28
 -70184.409   145.315   -11.80   10.28
 -69897.757   142.897    -8.44    9.35
 -69611.111   142.029    -3.03    8.78
 -69324.470   142.047     0.06    8.85
 -69037.835   143.853     6.30    9.74
 -68751.205   147.038    11.11   10.27
 -68464.581   150.128    10.78    9.72
 -68177.962   153.207    10.74    8.43
 -67891.349   155.620     8.42    6.82
 -67604.741   157.811     7.64    5.14
 -67318.139   159.303     5.21    3.37
 -67031.542   160.099     2.78    2.23
 -66744.950   160.528     1.50    1.29
 -66458.364   160.625     0.34    0.89
 -66171.784   160.481    -0.50    0.98
 -65885.208   160.013    -1.63    1.53
 -65598.639   159.242    -2.69    2.27
 -65312.074   158.324    -3.20    2.81
 -65025.516   157.273    -3.67    3.25
 -64738.962   156.559    -2.49    3.42
 -64452.414   156.042    -1.81    3.42
 -64165.872   155.974    -0.24    3.24
 -63879.335   156.125     0.53    3.06
 -63592.803   156.199     0.26    3.05
 -63306.277   156.585     1.35    2.99
 -63019.756   156.771     0.65    2.86
 -62733.241   156.761    -0.04    2.88
 -62446.731   156.047    -2.49    3.36
 -62160.227   155.046    -3.49    3.93
 -61873.728   153.798    -4.36    4.30
 -61587.235   152.594    -4.20    4.24
 -61300.747   151.585    -3.52    3.80
 -61014.264   150.465    -3.91    3.42
 -60727.787   149.827    -2.23    3.35
 -60441.315   149.282    -1.90    3.40
 -60154.849   148.666    -2.15    3.33
 -59868.388   147.975    -2.41    3.23
 -59581.933   147.040    -3.26    3.08
 -59295.483   146.058    -3.43    2.73
 -59009.039   145.088    -3.39    2.47
 -58722.600   143.946    -3.99    2.28
 -58436.166   142.675    -4.44    2.37
 -58149.738   141.354    -4.61    2.62
 -57863.315   139.768    -5.54    3.04
 -57576.898   138.242    -5.33    3.23
 -57290.486   136.508    -6.05    3.34
 -57004.080   134.954    -5.43    3.36
 -56717.679   133.394    -5.45    3.48
 -56431.283   131.649    -6.09    3.78
 -56144.893   129.995    -5.78    3.97
 -55858.509   128.110    -6.58    4.18
 -55572.129   126.357    -6.12    4.40
 -55285.756   124.772    -5.53    4.54
 -54999.387   123.393    -4.82    4.63
 -54713.024   121.954    -5.03    4.96
 -54426.667   120.237    -6.00    5.16
 -54140.315   118.649    -5.55    5.41
 -53853.968   117.538    -3.88    6.09
 -53567.627   116.701    -2.92    7.10
 -53281.291   115.652    -3.66    7.80
 -52994.961   114.261    -4.86    7.93
 -52708.636   113.030    -4.30    8.12
 -52422.317   111.925    -3.86    8.06
 -52136.003   110.231    -5.92    7.18
 -51849.694   108.657    -5.50    6.25
 -51563.391   107.078    -5.52    5.30
 -51277.094   106.146    -3.25    4.56
 -50990.801   104.843    -4.55    3.28
 -50704.515   104.017    -2.89    2.60
 -50418.233   103.415    -2.10    2.31
 -50131.957   103.054    -1.26    2.33
 -49845.687   102.883    -0.60    2.38
 -49559.422   102.694    -0.66    2.37
 -49273.162   102.436    -0.90    2.32
 -48986.908   101.925    -1.78    2.45
 -48700.659   101.429    -1.74    2.69
 -48414.415   101.024    -1.41    2.68
 -48128.177   100.932    -0.32    2.47
 -47841.945   101.026     0.33    2.17
 -47555.718   101.282     0.90    2.20
 -47269.496   101.610     1.15    2.03
 -46983.280   101.757     0.51    2.05
 -46697.069   101.721    -0.13    2.12
 -46410.864   101.544    -0.62    2.18
 -46124.664   101.307    -0.83    2.15
 -45838.469   101.238    -0.24    1.95
 -45552.280   101.219    -0.06    1.72
 -45266.096   101.556     1.18    1.79
 -44979.918   102.244     2.41    1.84
 -44693.745   102.946     2.45    1.63
 -44407.578   103.603     2.30    1.33
 -44121.415   103.988     1.34    1.13
 -43835.259   104.318     1.16    1.06
 -43549.108   104.670     1.23    0.91
 -43262.962   104.960     1.01    0.84
 -42976.822   105.233     0.95    0.78
 -42690.687   105.425     0.67    0.80
 -42404.557   105.563     0.48    0.75
 -42118.433   105.708     0.51    0.67
 -41832.314   105.728     0.07    0.62
 -41546.201   105.575    -0.53    0.78
 -41260.093   105.314    -0.91    1.07
 -40973.991   104.868    -1.56    1.34
 -40687.894   104.291    -2.02    1.62
 -40401.802   103.670    -2.17    1.92
 -40115.716   102.946    -2.53    2.16
 -39829.635   102.375    -2.00    2.34
 -39543.560   101.635    -2.58    2.45
 -39257.490   100.966    -2.34    2.48
 -38971.425   100.217    -2.62    2.34
 -38685.366    99.636    -2.03    2.24
 -38399.312    98.932    -2.46    2.18
 -38113.264    98.278    -2.29    2.11
 -37827.221    97.694    -2.04    2.10
 -37541.184    97.114    -2.03    1.97
 -37255.152    96.532    -2.03    1.97
 -36969.125    95.889    -2.25    2.02
 -36683.104    95.369    -1.82    2.15
 -36397.088    94.763    -2.12    2.35
 -36111.078    94.226    -1.88    2.53
 -35825.073    93.625    -2.10    2.60
 -35539.073    92.883    -2.60    2.72
 -35253.079    92.210    -2.35    2.76
 -34967.090    91.515    -2.43    2.74
 -34681.107    90.700    -2.85    2.82
 -34395.129    89.983    -2.51    2.86
 -34109.156    88.875    -3.87    3.15
 -33823.189    87.973    -3.15    3.38
 -33537.227    86.891    -3.78    3.38
 -33251.271    86.156    -2.57    3.22
 -32965.320    84.897    -4.40    3.31
 -32679.374    83.601    -4.53    3.70
 -32393.434    82.079    -5.32    4.06
 -32107.500    80.443    -5.72    4.31
 -31821.570    78.768    -5.86    4.30
 -31535.646    77.062    -5.97    4.23
 -31249.728    75.341    -6.02    4.19
 -30963.815    73.827    -5.30    3.96
 -30677.907    72.277    -5.42    3.71
 -30392.005    70.947    -4.65    3.59
 -30106.108    69.846    -3.85    3.48
 -29820.216    69.177    -2.34    3.53
 -29534.330    68.543    -2.22    3.95
 -29248.449    67.847    -2.44    4.39
 -28962.574    65.759    -7.30    7.24
 -28676.704    61.188   -15.99   12.65
 -28390.840    56.177   -17.53   15.58
 -28104.981    50.049   -21.44   16.29
 -27819.127    44.040   -21.02   14.96
 -27533.051    38.832   -18.21   11.54
 -27245.954    35.708   -10.88    7.34
 -26958.863    35.436    -0.95    6.06
 -26671.779    37.271     6.39    7.94
 -26384.700    39.725     8.55   10.15
 -26097.628    44.221    15.66   13.59
 -25810.562    49.205    17.36   15.40
 -25523.503    54.425    18.19   15.16
 -25236.449    58.520    14.26   14.06
 -24949.402    62.566    14.10   11.75
 -24662.361    66.170    12.56    7.01
 -24375.326    68.348     7.59    2.01
 -24088.298    69.061     2.49    2.59
 -23801.275    69.545     1.69    2.81
 -23514.259    69.528    -0.06    2.87
 -23227.249    69.231    -1.04    3.24
 -22940.245    68.875    -1.24    3.64
 -22653.247    68.297    -2.01    3.78
 -22366.256    67.367    -3.24    3.18
 -22079.271    66.596    -2.69    2.13
 -21792.292    65.811    -2.74    1.97
 -21505.319    64.717    -3.81    3.27
 -21218.352    63.988    -2.54    3.77
 -20931.392    63.807    -0.63    3.95
 -20644.438    63.657    -0.52    3.99
 -20357.490    63.940     0.98    4.08
 -20070.548    64.552     2.13    4.18
 -19783.612    65.974     4.96    3.41
 -19496.683    67.075     3.84    1.51
 -19209.759    67.141     0.23    1.12
 -18922.842    66.918    -0.78    1.04
 -18635.932    66.635    -0.99    1.08
 -18349.027    66.227    -1.42    1.01
 -18062.128    65.976    -0.88    1.12
 -17775.236    65.849    -0.44    1.22
 -17488.350    65.741    -0.37    1.41
 -17201.470    65.725    -0.06    1.52
 -16914.596    66.011     1.00    1.77
 -16627.729    65.540    -1.64    4.46
 -16340.868    61.996   -12.36   12.25
 -16054.013    56.804   -18.10   17.75
 -15767.164    50.817   -20.87   21.17
 -15480.321    43.848   -24.30   22.95
 -15193.484    36.679   -24.99   22.28
 -14906.654    29.686   -24.38   19.41
 -14619.830    23.440   -21.78   14.27
 -14333.012    19.003   -15.47    8.04
 -14046.200    16.533    -8.61    3.58
 -13759.394    15.335    -4.18    2.24
 -13472.595    14.522    -2.83    1.70
 -13185.802    13.976    -1.91    1.30
 -12899.015    13.619    -1.24    1.05
 -12612.234    13.369    -0.87    0.82
 -12325.459    13.170    -0.69    0.60
 -12038.690    13.141    -0.10    0.61
 -11751.928    13.122    -0.07    0.54
 -11465.172    13.100    -0.08    0.47
 -11178.422    12.997    -0.36    0.27
 -10891.678    12.940    -0.20    0.31
 -10604.941    12.918    -0.08    0.40
 -10318.209    12.996     0.27    0.52
 -10031.484    13.148     0.53    0.58
  -9744.765    12.925    -0.78    1.45
  -9458.052    12.079    -2.95    2.64
  -9171.345    10.953    -3.93    3.55
  -8884.645     9.249    -5.94    4.36
  -8597.950     7.411    -6.41    4.55
  -8311.262     5.471    -6.77    3.75
  -8024.580     4.170    -4.54    2.51
  -7737.904     3.322    -2.96    1.89
  -7451.234     2.766    -1.94    1.67
  -7164.571     3.135     1.29    4.46
  -6877.914     2.995    -0.49    3.80
  -6591.263     2.471    -1.83    2.42
  -6304.618     1.969    -1.75    1.66
  -6017.979     1.740    -0.80    1.35
  -5731.346     1.566    -0.61    1.05
  -5444.720     1.580     0.05    0.89
  -5158.099     1.690     0.38    0.96
  -4871.485     2.011     1.12    1.07
  -4584.877     2.261     0.87    1.19
  -4298.275     2.533     0.95    1.18
  -4011.680     2.664     0.46    1.08
  -3725.090     2.737     0.25    1.10
  -3438.507     2.605    -0.46    1.07
  -3151.930     2.394    -0.74    1.01
  -2865.359     2.026    -1.28    0.95
  -2578.794     1.638    -1.36    1.01
  -2292.236     1.275    -1.27    0.96
  -2005.683     1.121    -0.54    1.05
  -1719.137     1.085    -0.13    1.40
  -1432.597     1.020    -0.23    1.67
  -1146.063     0.911    -0.38    1.90
   -859.535     0.890    -0.07    1.99
   -573.013     0.896     0.02    2.01
   -286.498     0.661    -0.82    1.76
      0.011     0.932     0.95    3.00
    286.515     4.326    11.85   11.37
    573.012    13.725    32.81   27.82
    859.502    29.722    55.84   47.78
   1145.987    51.622    76.44   69.97
   1432.466    82.110   106.42   92.33
   1718.938   110.622    99.53  105.10
   2005.404   142.211   110.27  112.57
   2291.864   163.720    75.08  113.86
   2578.318   175.687    41.78  114.14
   2864.766   182.649    24.30  112.34
   3151.208   188.621    20.85  113.19
   3437.643   189.235     2.14  115.44
   3724.072   184.848   -15.32  120.20
   4010.495   180.764   -14.26  121.33
   4296.912   173.825   -24.23  119.25
   4583.323   173.407    -1.46  117.31
   4869.728   158.979   -50.38  117.45
   5156.126   153.946   -17.58  112.76
   5442.519   139.549   -50.27  105.64
   5728.905   136.206   -11.67  102.94
   6015.285   124.967   -39.24  100.03
   6301.659   114.568   -36.31   95.12
   6588.027   102.078   -43.62   82.83
   6874.388    95.280   -23.74   78.67
   7160.744    84.932   -36.14   73.49
   7447.093    74.547   -36.27   64.76
   7733.436    64.068   -36.59   54.14
   8019.773    60.490   -12.50   50.90
   8306.104    54.967   -19.29   49.00
   8592.429    51.072   -13.60   46.42
   8878.747    44.745   -22.10   41.24
   9165.060    43.235    -5.28   39.33
   9451.366    41.782    -5.07   38.18
   9737.666    38.528   -11.37   36.30
  10023.960    36.833    -5.92   34.50
  10310.248    36.580    -0.88   32.72
  10596.530    36.521    -0.21   31.38
  10882.806    38.443     6.71   29.78
  11169.075    42.301    13.48   28.09
  11455.338    47.933    19.67   25.70
  11741.596    53.628    19.90   22.20
  12027.847    57.422    13.25   16.57
  12314.091    59.946     8.82   10.23
  12600.330    59.604    -1.20    8.77
  12886.563    57.278    -8.13    9.21
  13172.789    53.864   -11.93    8.09
  13459.010    51.104    -9.64    6.24
  13745.224    48.346    -9.64    4.15
  14031.432    46.515    -6.40    3.24
  14317.634    45.219    -4.53    3.14
  14603.830    44.058    -4.06    2.95
  14890.019    43.201    -3.00    2.35
  15176.203    42.686    -1.80    1.66
  15462.380    42.735     0.17    1.57
  15748.552    43.454     2.51    2.29
  16034.717    44.235     2.73    2.91
  16320.876    44.968     2.56    3.44
  16607.029    46.008     3.64    3.95
  16893.175    46.884     3.06    4.28
  17179.316    48.082     4.19    4.58
  17465.450    49.084     3.50    4.77
  17751.579    50.181     3.83    4.86
  18037.701    51.718     5.37    4.49
  18323.817    53.024     4.56    3.73
  18609.927    54.140     3.90    2.56
  18896.031    54.625     1.70    2.23
  19182.129    54.629     0.01    2.60
  19468.220    54.075    -1.94    2.76
  19754.306    53.128    -3.31    2.86
  20040.385    53.105    -0.08    3.93
  20326.458    54.596     5.21    6.75
  20612.525    57.247     9.26    9.43
  20898.586    60.882    12.71   11.24
  21184.641    64.788    13.65   11.88
  21470.690    69.313    15.82   11.57
  21756.732    72.485    11.09    9.56
  22042.769    74.120     5.72    9.73
  22328.799    74.753     2.21   11.62
  22614.824    75.156     1.41   13.10
  22900.842    75.636     1.68   15.58
  23186.854    76.235     2.09   18.23
  23472.860    75.976    -0.90   19.79
  23758.859    76.582     2.12   22.53
  24044.853    76.608     0.09   24.51
  24330.841    78.175     5.48   25.87
  24616.822    79.638     5.11   27.98
  24902.797    83.513    13.55   31.71
  25188.766    87.497    13.93   34.86
  25474.729    94.393    24.11   39.80
  25760.686   100.585    21.65   45.49
  26046.637   106.981    22.37   49.01
  26332.582   112.827    20.44   50.62
  26618.521   117.742    17.19   51.27
  26904.453   122.701    17.34   50.75
  27190.380   125.804    10.85   50.67
  27476.300   129.327    12.32   51.69
  27762.214   132.128     9.80   51.49
  28048.122   134.547     8.46   52.10
  28334.024   132.701    -6.46   53.36
  28619.920   136.759    14.20   58.28
  28905.809   137.390     2.21   59.75
  29191.693   142.034    16.24   61.69
  29477.571   142.107     0.25   60.17
  29763.442   141.520    -2.05   57.79
  30049.307   141.172    -1.22   54.83
  30335.167   139.838    -4.66   54.76
  30621.020   138.215    -5.68   55.98
  30906.867   128.165   -35.16   62.86
  31192.707   121.482   -23.38   66.26
  31478.542   115.551   -20.75   68.50
  31764.371   111.609   -13.79   69.40
  32050.193   103.568   -28.13   71.06
  32336.010    96.836   -23.56   71.85
  32621.820    88.691   -28.50   72.19
  32907.624    83.616   -17.76   70.47
  33193.423    77.535   -21.28   68.51
  33479.215    71.311   -21.78   66.80
  33765.001    68.284   -10.59   64.88
  34050.780    65.400   -10.09   62.23
  34336.900    63.566    -6.41   59.13
  34624.077    62.218    -4.69   55.92
  34911.247    61.724    -1.72   52.06
  35198.409    63.104     4.81   48.10
  35485.565    65.170     7.19   45.32
  35772.714    67.615     8.51   43.27
  36059.856    69.549     6.73   39.91
  36346.991    76.867    25.49   35.85
  36634.119    79.594     9.50   34.77
  36921.240    84.897    18.47   29.42
  37208.354    89.611    16.42   23.83
  37495.462    94.469    16.92   15.87
  37782.562    96.556     7.27   10.82
  38069.655    97.379     2.87    7.52
  38356.742    96.860    -1.81    6.61
  38643.821    94.974    -6.57    7.75
  38930.894    92.277    -9.40    7.98
  39217.960    89.033   -11.30    7.35
  39505.018    86.092   -10.25    6.37
  39792.070    83.044   -10.62    6.01
  40079.115    80.374    -9.30    5.69
  40366.153    77.476   -10.10    5.69
  40653.184    75.364    -7.36    5.78
  40940.209    72.876    -8.67    5.75
  41227.226    70.355    -8.78    5.51
  41514.236    67.860    -8.69    5.01
  41801.240    65.482    -8.28    4.90
  42088.236    63.135    -8.18    4.87
  42375.226    60.740    -8.35    4.79
  42662.208    58.853    -6.57    4.70
  42949.184    57.044    -6.30    4.66
  43236.153    55.762    -4.47    4.57
  43523.115    54.454    -4.56    4.05
  43810.070    54.099    -1.24    4.10
  44097.018    53.582    -1.80    4.45
  44383.959    53.080    -1.75    4.63
  44670.893    52.382    -2.43    4.29
  44957.821    52.135    -0.86    4.12
  45244.741    51.552    -2.03    4.03
  45531.655    50.946    -2.11    3.35
  45818.561    50.511    -1.52    2.94
  46105.461    50.247    -0.92    3.17
  46392.354    49.904    -1.19    3.29
  46679.240    48.925    -3.41    2.97
  46966.119    48.454    -1.64    2.86
  47252.991    47.890    -1.97    2.74
  47539.856    47.298    -2.06    2.83
  47826.714    46.715    -2.03    3.10
  48113.566    46.491    -0.78    3.57
  48400.410    46.190    -1.05    4.43
  48687.248    45.968    -0.77    5.28
  48974.079    45.998     0.10    5.67
  49260.902    46.961     3.36    7.02
  49547.719    48.291     4.64    8.51
  49834.529    49.776     5.18    9.31
  50121.332    51.722     6.79    9.97
  50408.128    53.770     7.14   10.43
  50694.918    55.904     7.44   10.52
  50981.700    57.788     6.57   10.39
  51268.476    60.998    11.20   11.63
  51555.244    65.481    15.63   17.68
  51842.006    73.432    27.73   29.41
  52128.761    84.222    37.63   40.75
  52415.508    99.780    54.26   54.01
  52702.249   121.764    76.67   74.39
  52988.984   149.093    95.31   92.67
  53275.711   167.795    65.23   91.65
  53562.431   184.961    59.87   85.38
  53849.145   191.076    21.33   72.62
  54135.851   198.256    25.04   60.34
  54422.551   205.018    23.58   47.39
  54709.243   203.064    -6.82   36.31
  54995.929   202.504    -1.95   26.37
  55282.608   202.128    -1.31   20.12
  55569.280   200.582    -5.39   16.43
  55855.946   198.327    -7.87   12.07
  56142.604   200.771     8.53   11.82
  56429.255   205.157    15.30   11.07
  56715.900   209.613    15.54    8.68
  57002.538   213.497    13.55    5.54
  57289.168   215.372     6.54    4.48
  57575.792   216.040     2.33    4.30
  57862.409   213.362    -9.35   11.83
  58149.019   208.382   -17.37   17.81
  58435.623   204.940   -12.01   19.46
  58722.219   202.433    -8.75   20.50
  59008.809   201.520    -3.19   21.13
  59295.391   200.953    -1.98   21.33
  59581.967   198.578    -8.29   21.28
  59868.536   197.991    -2.05   21.27
  60155.098   198.653     2.31   20.64
  60441.653   197.785    -3.03   20.17
  60728.201   196.767    -3.55   20.35
  61014.742   198.478     5.97   21.91
  61301.277   201.599    10.89   23.83
  61587.805   207.511    20.63   24.07
  61874.325   214.064    22.87   22.55
  62160.839   220.967    24.09   21.09
  62447.346   227.640    23.29   20.77
  62733.846   232.991    18.67   21.78
  63020.339   241.143    28.45   25.88
  63306.826   249.952    30.75   30.44
  63593.305   261.467    40.19   31.21
  63879.778   272.432    38.28   31.94
  64166.244   283.213    37.63   31.46
  64452.703   293.677    36.53   29.66
  64739.155   304.670    38.38   31.93
  65025.600   312.476    27.25   32.92
  65312.038   314.869     8.35   33.20
  65598.470   314.834    -0.12   31.97
  65884.894   315.609     2.70   28.50
  66171.312   313.976    -5.70   23.30
  66457.723   313.721    -0.89   16.77
  66744.127   314.009     1.01   11.95
  67030.524   316.041     7.10   13.29
  67316.914   318.933    10.10   15.73
  67603.297   321.161     7.78   19.99
  67889.674   324.868    12.94   22.23
  68176.044   328.020    11.00   22.42
  68462.407   331.961    13.76   24.51
  68748.762   335.474    12.27   31.18
  69035.112   343.322    27.41   37.09
  69321.454   353.085    34.09   41.39
  69607.789   358.317    18.27   43.99
  69894.118   363.626    18.54   42.79
  70180.439   371.505    27.52   41.44
  70466.754   374.114     9.11   43.39
  70753.062   369.425   -16.38   47.82
  71039.363   365.129   -15.00   48.96
  71325.658   364.172    -3.34   48.45
  71611.945   361.295   -10.05   48.63
  71898.226   353.261   -28.06   50.53
  72184.499   348.630   -16.17   49.68
  72470.766   339.976   -30.23   48.36
  72757.026   326.968   -45.44   48.18
  73043.279   311.453   -54.20   46.55
  73329.526   296.640   -51.75   42.50
  73615.765   282.375   -49.83   35.55
  73901.998   271.840   -36.80   30.24
  74188.224   265.358   -22.65   22.83
  74474.443   263.324    -7.11   20.53
  74760.655   264.328     3.51   21.23
  75046.860   263.795    -1.86   22.39
  75333.058   263.485    -1.08   23.44
  75619.250   258.041   -19.02   25.77
  75905.435   250.098   -27.76   29.11
  76191.612   238.305   -41.21   29.40
  76477.784   226.457   -41.40   26.53
  76763.948   215.639   -37.80   21.44
  77050.105   209.166   -22.62   18.38
  77336.256   206.805    -8.25   18.55
  77622.399   205.592    -4.24   19.28
  77908.536   209.795    14.69   24.00
  78194.666   215.149    18.71   28.85
  78480.789   220.890    20.07   30.09
  78766.906   225.566    16.34   28.41
  79053.015   232.556    24.43   28.40
  79339.118   238.704    21.49   29.03
  79625.214   246.697    27.94   31.49
  79911.303   254.867    28.56   33.77
  80197.385   263.681    30.81   37.00
  80483.460   272.030    29.19   39.15
  80769.529   279.240    25.20   38.58
  81055.590   287.940    30.41   38.73
  81341.645   295.911    27.87   39.47
  81627.693   303.310    25.86   38.79
  81913.734   306.998    12.89   35.69
  82199.769   311.889    17.10   35.38
  82485.796   313.974     7.29   35.22
  82771.817   312.819    -4.04   33.40
  83057.831   308.809   -14.02   28.11
  83343.838   302.599   -21.71   27.86
  83629.838   295.672   -24.22   26.11
  83915.832   294.580    -3.82   23.76
  84201.818   299.199    16.15   26.82
  84487.798   302.372    11.10   27.87
  84773.771   304.546     7.60   27.88
  85059.737   306.162     5.65   27.19
