-104950.799   260.102     0.00   39.33
-104663.894   261.044     3.28   40.90
-104376.999   273.296    42.71   61.70
-104090.115   296.859    82.14   93.38
-103803.241   323.871    94.16  115.81
-103516.378   355.387   109.87  126.09
-103229.525   384.251   100.63  126.48
-102942.682   406.095    76.15  120.99
-102655.849   427.979    76.30  108.63
-102369.027   445.512    61.13   93.94
-102082.216   447.456     6.78   85.44
-101795.415   455.524    28.13   74.73
-101508.624   449.858   -19.76   73.69
-101221.843   445.178   -16.32   79.10
-100935.073   431.831   -46.54   87.42
-100648.313   414.922   -58.97   90.77
-100361.564   391.422   -81.96   87.26
-100074.824   368.469   -80.05   74.75
 -99788.096   353.262   -53.04   60.10
 -99501.377   339.068   -49.51   47.01
 -99214.669   331.712   -25.66   32.22
 -98927.971   326.628   -17.73   18.05
 -98641.284   327.023     1.38   13.53
 -98354.607   329.237     7.72   15.39
 -98067.940   332.129    10.09   20.43
 -97781.284   337.330    18.14   25.63
 -97494.638   341.593    14.87   28.33
 -97208.002   346.606    17.49   33.48
 -96921.377   347.080     1.65   34.54
 -96634.762   343.349   -13.02   33.65
 -96348.157   338.262   -17.75   29.00
 -96061.563   333.024   -18.28   23.78
 -95774.979   328.837   -14.61   23.86
 -95488.405   326.347    -8.69   24.96
 -95201.842   322.253   -14.29   25.39
 -94915.289   318.730   -12.29   27.75
 -94628.746   314.385   -15.17   27.90
 -94342.214   307.702   -23.32   29.41
 -94055.692   301.600   -21.30   30.12
 -93769.180   293.785   -27.28   29.94
 -93482.679   286.659   -24.87   29.24
 -93196.188   280.298   -22.20   25.95
 -92909.707   274.369   -20.70   22.20
 -92623.237   269.640   -16.51   19.79
 -92336.777   264.740   -17.11   18.47
 -92050.327   260.900   -13.41   20.14
 -91763.887   256.490   -15.40   21.07
 -91477.458   251.059   -18.96   21.90
 -91191.039   243.951   -24.82   21.44
 -90904.631   237.425   -22.79   19.98
 -90618.233   232.037   -18.81   18.36
 -90331.845   226.129   -20.63   15.11
 -90045.467   221.796   -15.13   12.16
 -89759.100   219.374    -8.46    9.71
 -89472.743   217.231    -7.48    7.77
 -89186.396   215.726    -5.26    6.99
 -88900.060   214.564    -4.06    6.60
 -88613.733   213.163    -4.89    6.34
 -88327.418   212.516    -2.26    5.60
 -88041.112   213.151     2.22    5.63
 -87754.817   216.376    11.27   10.41
 -87468.532   222.391    21.01   15.30
 -87182.257   230.452    28.16   19.89
 -86895.993   241.102    37.20   22.37
 -86609.739   251.720    37.09   21.74
 -86323.495   261.673    34.77   17.19
 -86037.261   268.840    25.04   12.55
 -85751.038   273.159    15.09    7.81
 -85464.825   275.666     8.76    5.03
 -85178.623   275.527    -0.48    4.51
 -84892.430   274.687    -2.93    5.24
 -84606.248   273.244    -5.04    5.02
 -84320.076   271.046    -7.68    5.25
 -84033.915   269.730    -4.60    5.92
 -83747.764   267.565    -7.57    6.57
 -83461.623   264.775    -9.75    7.34
 -83175.492   261.401   -11.79    8.39
 -82889.371   257.461   -13.77    9.04
 -82603.261   253.723   -13.06    8.40
 -82317.161   250.098   -12.67    7.16
 -82031.072   247.104   -10.47    5.58
 -81744.992   244.719    -8.34    4.18
 -81458.923   242.736    -6.93    2.81
 -81172.864   240.994    -6.09    3.64
 -80886.816   238.320    -9.35    7.10
 -80600.777   234.716   -12.60    9.48
 -80314.749   231.173   -12.39   10.51
 -80028.731   227.179   -13.96   12.03
 -79742.724   220.966   -21.73   15.70
 -79456.726   210.001   -38.34   23.94
 -79170.739   197.264   -44.54   29.73
 -78884.762   186.841   -36.45   31.85
 -78598.796   182.083   -16.64   31.86
 -78312.839   178.842   -11.34   32.43
 -78026.893   179.787     3.30   33.79
 -77740.957   186.171    22.33   34.75
 -77455.032   193.666    26.21   31.65
 -77169.116   206.167    43.72   21.21
 -76883.211   207.448     4.48   19.51
 -76597.316   205.725    -6.02   20.44
 -76311.432   203.009    -9.50   22.48
 -76025.557   199.462   -12.41   24.68
 -75739.693   198.248    -4.25   26.46
 -75453.839   195.204   -10.65   30.65
 -75167.996   196.891     5.90   30.99
 -74882.162   198.700     6.33   30.07
 -74596.339   199.402     2.45   32.15
 -74310.526   201.419     7.06   29.78
 -74024.723   201.980     1.96   30.32
 -73738.930   202.685     2.47   30.55
 -73453.148   200.772    -6.70   32.79
 -73167.376   200.209    -1.97   32.37
 -72881.614   197.768    -8.54   32.16
 -72595.862   194.193   -12.51   34.10
 -72310.121   194.749     1.95   32.41
 -72024.390   192.227    -8.83   33.33
 -71738.668   192.865     2.23   34.74
 -71452.958   195.512     9.27   33.45
 -71167.257   199.582    14.25   30.01
 -70881.567   203.973    15.37   25.21
 -70595.886   206.486     8.80   20.28
 -70310.216   209.804    11.62   11.83
 -70024.557   210.292     1.71    9.77
 -69738.907   209.473    -2.87    9.22
 -69453.268   208.804    -2.34    8.91
 -69167.638   208.512    -1.02    9.33
 -68882.019   208.894     1.33   10.93
 -68596.411   208.516    -1.32   11.57
 -68310.812   207.435    -3.79   12.57
 -68025.224   207.228    -0.73   12.91
 -67739.646   206.543    -2.40   12.73
 -67454.078   206.771     0.80   13.87
 -67168.520   207.285     1.80   14.11
 -66882.972   206.964    -1.12   14.59
 -66597.435   207.663     2.45   15.43
 -66311.907   208.163     1.75   14.94
 -66026.390   208.804     2.25   15.31
 -65740.884   209.587     2.74   15.51
 -65455.387   210.031     1.56   16.11
 -65169.900   214.241    14.74   20.67
 -64884.424   217.374    10.98   21.27
 -64598.958   222.246    17.07   23.71
 -64313.502   226.347    14.37   23.73
 -64028.056   229.352    10.53   22.31
 -63742.621   232.266    10.21   20.92
 -63457.195   234.392     7.45   16.90
 -63171.780   233.259    -3.97   15.74
 -62886.375   230.935    -8.14   14.96
 -62600.980   226.422   -15.81   14.41
 -62315.079   222.210   -14.73   14.55
 -62027.397   218.772   -11.95   14.86
 -61739.727   215.782   -10.39   15.68
 -61452.067   211.199   -15.94   18.58
 -61164.419   208.310   -10.04   18.99
 -60876.782   208.184    -0.44   18.81
 -60589.156   208.452     0.93   17.52
 -60301.541   210.423     6.85   18.75
 -60013.938   213.298    10.00   18.23
 -59726.345   217.443    14.41   19.59
 -59438.764   221.773    15.06   20.35
 -59151.194   225.445    12.77   19.56
 -58863.635   229.759    15.00   20.68
 -58576.087   232.979    11.20   20.15
 -58288.550   236.748    13.11   21.23
 -58001.025   240.105    11.68   21.21
 -57713.510   241.749     5.72   22.64
 -57426.007   243.644     6.59   25.25
 -57138.515   242.731    -3.18   25.87
 -56851.034   242.704    -0.09   28.91
 -56563.564   240.210    -8.68   28.76
 -56276.105   238.038    -7.56   29.33
 -55988.658   234.188   -13.39   27.01
 -55701.221   230.127   -14.13   25.07
 -55413.796   227.390    -9.52   22.82
 -55126.382   224.789    -9.05   20.33
 -54838.979   224.603    -0.65   20.06
 -54551.587   224.882     0.97   19.09
 -54264.206   224.930     0.17   19.93
 -53976.836   224.846    -0.29   19.92
 -53689.477   223.216    -5.67   20.95
 -53402.130   222.694    -1.82   22.04
 -53114.793   221.069    -5.66   22.91
 -52827.468   218.248    -9.82   23.68
 -52540.154   216.246    -6.97   23.43
 -52252.851   210.337   -20.57   23.22
 -51965.559   202.848   -26.07   23.39
 -51678.278   195.889   -24.22   23.18
 -51391.008   190.291   -19.49   23.38
 -51103.750   185.047   -18.26   22.33
 -50816.502   182.719    -8.10   26.01
 -50529.266   181.024    -5.90   26.59
 -50242.040   179.915    -3.86   28.15
 -49954.826   180.352     1.52   29.57
 -49667.623   179.890    -1.61   28.52
 -49380.431   182.723     9.86   30.02
 -49093.250   183.221     1.73   28.07
 -48806.080   184.016     2.77   28.06
 -48518.921   185.143     3.92   26.53
 -48231.774   181.275   -13.47   26.06
 -47944.637   179.773    -5.23   27.89
 -47657.511   176.979    -9.73   26.45
 -47370.397   175.246    -6.04   26.28
 -47083.294   172.122   -10.88   23.69
 -46796.201   168.790   -11.61   22.64
 -46509.120   166.757    -7.08   21.11
 -46222.050   163.558   -11.14   18.40
 -45934.991   162.527    -3.59   18.89
 -45647.943   160.486    -7.11   17.58
 -45360.906   160.038    -1.56   18.42
 -45073.880   158.531    -5.25   17.18
 -44786.865   156.698    -6.39   16.53
 -44499.861   155.112    -5.53   15.19
 -44212.869   153.294    -6.33   13.25
 -43925.887   152.901    -1.37   12.28
 -43638.917   153.359     1.60   11.44
 -43351.957   154.584     4.27   12.12
 -43065.009   156.279     5.91   11.97
 -42778.071   157.568     4.49   11.69
 -42491.145   158.601     3.60   10.89
 -42204.230   159.145     1.90    9.22
 -41917.326   161.116     6.87    8.51
 -41630.432   163.994    10.03    9.59
 -41343.550   168.746    16.56   13.93
 -41056.679   176.523    27.11   20.53
 -40769.819   186.564    35.00   27.10
 -40482.970   196.556    34.83   30.91
 -40196.132   206.903    36.07   32.60
 -39909.305   214.173    25.35   31.58
 -39622.489   222.539    29.17   28.12
 -39335.685   226.178    12.69   23.49
 -39048.891   225.644    -1.86   22.67
 -38762.108   222.831    -9.81   21.79
 -38475.336   217.907   -17.17   18.45
 -38188.576   212.774   -17.90   11.21
 -37901.826   208.138   -16.17    9.41
 -37615.087   205.272   -10.00   11.50
 -37328.360   202.332   -10.25   13.90
 -37041.643   198.966   -11.74   13.98
 -36754.937   197.225    -6.07   17.57
 -36468.243   201.835    16.08   34.68
 -36181.559   212.191    36.12   52.62
 -35894.887   237.096    86.88   82.93
 -35608.225   266.216   101.58  107.74
 -35321.575   301.911   124.53  124.26
 -35034.935   335.332   116.60  128.38
 -34748.307   347.240    41.54  109.06
 -34461.689   355.635    29.29   94.69
 -34175.083   354.032    -5.59   79.40
 -33888.487   346.342   -26.83   69.49
 -33601.903   334.564   -41.10   59.82
 -33315.330   324.764   -34.20   46.10
 -33028.767   314.552   -35.64   24.93
 -32742.216   311.554   -10.46   11.42
 -32455.675   315.573    14.03   12.10
 -32169.146   319.828    14.85   11.38
 -31882.627   323.332    12.23   10.70
 -31596.120   326.498    11.05   10.62
 -31309.623   328.251     6.12   10.77
 -31023.138   328.200    -0.18   14.53
 -30736.663   325.549    -9.25   19.72
 -30450.200   321.512   -14.09   24.79
 -30163.747   315.707   -20.27   28.41
 -29877.306   306.355   -32.65   31.25
 -29590.875   298.755   -26.53   32.39
 -29304.456   288.736   -34.98   30.87
 -29018.047   279.848   -31.03   27.85
 -28731.649   272.927   -24.17   24.70
 -28445.263   264.816   -28.32   19.82
 -28158.887   257.980   -23.87   16.28
 -27872.522   252.897   -17.75   16.24
 -27586.169   247.743   -18.00   17.35
 -27299.826   242.332   -18.90   17.14
 -27013.494   237.749   -16.00   17.05
 -26727.173   235.209    -8.87   16.92
 -26440.863   232.253   -10.32   15.73
 -26154.565   231.270    -3.44   15.00
 -25868.277   231.315     0.16   13.38
 -25582.000   231.009    -1.07   12.30
 -25295.734   231.225     0.76   10.32
 -25009.478   230.301    -3.23    9.62
 -24723.234   229.818    -1.69    9.00
 -24437.001   229.410    -1.42    8.35
 -24150.779   229.417     0.03    8.13
 -23864.568   230.501     3.79    6.83
 -23578.367   231.371     3.04    5.82
 -23292.178   232.261     3.11    4.14
 -23006.000   232.098    -0.57    3.71
 -22719.832   231.786    -1.09    3.05
 -22433.676   231.322    -1.62    2.79
 -22147.530   230.432    -3.11    3.04
 -21861.395   229.189    -4.34    3.94
 -21575.272   227.613    -5.51    4.77
 -21289.159   225.779    -6.41    5.86
 -21003.057   223.240    -8.87    7.22
 -20716.966   220.364   -10.05    8.23
 -20430.886   216.501   -13.50    9.10
 -20144.817   213.104   -11.88   10.08
 -19858.759   208.902   -14.69   11.74
 -19572.712   203.354   -19.39   12.27
 -19286.675   198.259   -17.81   11.42
 -19000.650   193.836   -15.46    9.93
 -18714.635   189.743   -14.31    8.24
 -18428.632   186.024   -13.00    7.57
 -18142.639   181.559   -15.61    8.76
 -17856.658   176.303   -18.38   11.40
 -17570.687   170.427   -20.55   13.37
 -17284.727   164.457   -20.87   13.39
 -16998.778   158.547   -20.67   12.30
 -16712.840   153.138   -18.91   10.46
 -16426.913   148.897   -14.83    8.33
 -16140.997   145.364   -12.36    6.35
 -15855.091   142.604    -9.65    5.19
 -15569.197   139.873    -9.55    4.81
 -15283.313   137.573    -8.05    4.89
 -14997.441   134.843    -9.55    5.33
 -14711.579   132.177    -9.33    5.39
 -14425.728   129.807    -8.29    5.14
 -14139.888   127.777    -7.10    4.16
 -13854.059   126.340    -5.03    3.24
 -13568.241   125.292    -3.66    3.55
 -13282.434   124.473    -2.87    3.98
 -12996.637   123.486    -3.45    4.40
 -12710.852   122.729    -2.65    4.72
 -12425.077   121.215    -5.30    5.38
 -12139.314   118.880    -8.17    7.06
 -11853.561   116.542    -8.18    8.60
 -11567.819   114.240    -8.05    8.99
 -11282.088   112.204    -7.12    9.42
 -10996.368   110.554    -5.78    9.36
 -10710.658   110.527    -0.09   10.08
 -10424.960   112.302     6.21   11.11
 -10139.272   115.180    10.08   12.56
  -9853.596   120.001    16.88   12.58
  -9567.930   123.633    12.71   10.92
  -9282.275   125.031     4.89   10.89
  -8996.631   125.201     0.60   11.59
  -8710.998   122.836    -8.28   13.41
  -8425.375   118.843   -13.98   16.05
  -8139.764   111.971   -24.06   16.58
  -7854.163   104.444   -26.36   15.74
  -7568.573    96.726   -27.02   14.81
  -7282.994    89.733   -24.49   13.00
  -6997.426    83.612   -21.43   10.27
  -6711.869    78.986   -16.20    7.50
  -6426.323    74.921   -14.24    6.55
  -6140.787    70.456   -15.63   11.19
  -5855.263    62.189   -28.96   20.97
  -5569.749    52.576   -33.67   26.75
  -5284.246    41.279   -39.57   29.76
  -4998.754    30.404   -38.09   29.03
  -4713.273    19.494   -38.22   24.72
  -4427.802    10.384   -31.91   17.10
  -4142.343     4.272   -21.41    7.02
  -3856.894     1.943    -8.16    3.27
  -3571.456     0.921    -3.58    2.44
  -3286.029     0.173    -2.62    1.27
  -3000.613    -0.135    -1.08    0.35
  -2715.207    -0.163    -0.10    0.38
  -2429.813    -0.180    -0.06    0.39
  -2144.429    -0.273    -0.33    0.45
  -1859.056    -0.402    -0.45    0.49
  -1573.694    -0.488    -0.30    0.50
  -1288.343    -0.514    -0.09    0.50
  -1003.002    -0.419     0.33    0.50
   -717.673    -0.349     0.24    0.48
   -431.609    -0.270     0.28    0.45
   -143.859     0.527     2.77    3.74
    143.879     4.046    12.23   10.85
    431.606    10.080    20.97   17.74
    719.321    19.183    31.64   23.46
   1007.024    28.832    33.54   26.13
   1294.715    38.964    35.22   26.92
   1582.394    51.016    41.89   23.44
   1870.062    60.673    33.57   16.59
   2157.717    67.622    24.16   10.77
   2445.361    71.905    14.89    6.18
   2732.993    74.262     8.20    3.13
   3020.613    74.619     1.24    3.02
   3308.221    73.386    -4.29    4.80
   3595.818    71.556    -6.36    6.04
   3883.403    69.332    -7.73    6.71
   4170.975    67.088    -7.80    6.56
   4458.536    64.882    -7.67    5.92
   4746.086    63.194    -5.87    4.32
   5033.623    63.431     0.82    4.35
   5321.149    64.520     3.79    5.41
   5608.663    66.612     7.28    6.41
   5896.165    69.406     9.72    7.59
   6183.655    72.878    12.08    8.81
   6471.133    76.888    13.95    9.78
   6758.600    81.009    14.34   10.46
   7046.055    85.577    15.89   11.29
   7333.498    89.935    15.16   11.74
   7620.929    93.287    11.66   11.79
   7908.349    97.337    14.09   11.16
   8195.756   100.656    11.55   10.09
   8483.152   103.382     9.49    9.36
   8770.536   105.617     7.78    8.85
   9057.908   107.188     5.46    7.93
   9345.269   107.715     1.83    8.03
   9632.618   107.728     0.05    7.89
   9919.955   107.563    -0.57    9.00
  10207.280   106.268    -4.51    9.21
  10494.593   105.409    -2.99   10.12
  10781.895   103.994    -4.92   10.41
  11069.185   102.621    -4.78   10.38
  11356.463   101.226    -4.85   10.98
  11643.729   100.986    -0.83   11.33
  11930.984   101.854     3.02   12.97
  12218.227   104.259     8.37   14.45
  12505.458   109.308    17.58   16.48
  12792.677   115.257    20.71   17.89
  13079.885   123.617    29.11   18.21
  13367.080   131.575    27.71   18.60
  13654.264   140.016    29.39   18.78
  13941.437   148.023    27.88   17.90
  14228.597   156.100    28.13   15.84
  14515.746   160.957    16.92   12.80
  14802.883   158.851    -7.34   16.09
  15090.008   156.849    -6.97   18.35
  15377.122   153.819   -10.55   20.82
  15664.224   153.266    -1.93   22.90
  15951.314   155.074     6.30   24.75
  16238.392   160.494    18.88   29.85
  16525.459   173.255    44.45   34.93
  16812.513   192.191    65.96   39.70
  17099.557   209.626    60.74   41.61
  17386.588   225.505    55.32   47.23
  17673.608   238.480    45.20   47.20
  17960.616   249.919    39.85   44.23
  18247.612   259.387    32.99   39.06
  18534.596   260.678     4.50   35.90
  18821.569   257.798   -10.03   31.07
  19108.530   252.286   -19.21   22.80
  19395.479   250.894    -4.85   16.82
  19682.417   249.357    -5.36   16.53
  19969.343   249.355    -0.01   15.52
  20256.257   252.741    11.80   16.43
  20543.160   259.942    25.10   18.75
  20830.050   269.141    32.06   19.25
  21116.929   279.134    34.83   19.07
  21403.797   289.964    37.75   19.78
  21690.652   303.024    45.53   21.83
  21977.496   314.680    40.64   23.18
  22264.329   328.556    48.38   24.71
  22551.149   340.821    42.76   25.73
  22837.958   356.262    53.84   25.77
  23124.755   371.394    52.76   25.63
  23411.541   384.416    45.41   25.25
  23698.314   397.354    45.12   25.53
  23985.076   410.678    46.46   25.27
  24271.827   422.031    39.59   23.67
  24558.566   431.215    32.03   22.43
  24845.293   437.016    20.23   19.02
  25132.008   437.964     3.31   14.17
  25418.712   438.994     3.59   12.24
  25705.404   437.653    -4.68    7.40
  25992.084   436.824    -2.89    5.05
  26278.753   437.369     1.90    4.80
  26565.410   439.189     6.35    6.10
  26852.055   442.387    11.15    7.72
  27138.689   446.123    13.04    8.45
  27425.311   450.950    16.84    9.74
  27711.921   456.270    18.56   12.42
  27998.519   464.987    30.42   17.46
  28285.106   477.001    41.92   25.20
  28571.682   490.520    47.17   33.74
  28858.245   510.332    69.14   48.59
  29144.797   528.678    64.02   54.12
  29431.338   545.231    57.77   54.71
  29717.866   561.139    55.52   51.88
  30004.383   577.950    58.68   52.44
  30290.889   595.621    61.67   55.53
  30577.383   611.523    55.51   55.17
  30863.865   628.157    58.06   54.08
  31150.335   643.112    52.21   53.26
  31436.794   658.728    54.51   56.49
  31723.241   678.509    69.05   59.61
  32009.677   700.549    76.95   65.05
  32296.101   722.039    75.03   70.54
  32582.513   749.191    94.80   79.05
  32868.913   771.257    77.04   81.43
  33155.302   795.987    86.35   88.47
  33441.680   819.394    81.73   89.38
  33728.046   842.238    79.77   96.13
  34014.400   870.822    99.82  101.71
  34300.742   907.130   126.80  110.69
  34587.073   955.354   168.42  124.82
  34873.392   998.297   149.98  130.08
  35159.700  1064.135   229.95  147.96
  35445.996  1132.580   239.07  150.28
  35732.280  1187.451   191.66  139.71
  36018.553  1218.422   108.19  117.78
  36304.814  1213.505   -17.18  118.94
  36591.064  1182.646  -107.80  140.64
  36877.302  1139.934  -149.22  158.88
  37163.528  1075.045  -226.70  160.78
  37449.743  1008.903  -231.09  155.46
  37735.946   943.229  -229.46  137.34
  38022.138   889.294  -188.46  123.94
  38308.318   833.291  -195.69  104.68
  38594.486   789.400  -153.38   87.99
  38880.643   745.648  -152.89   69.35
  39166.788   711.228  -120.29   59.50
  39452.921   683.804   -95.84   53.87
  39739.043   658.695   -87.76   46.99
  40025.154   639.130   -68.38   38.39
  40311.252   621.090   -63.05   28.41
  40597.340   610.463   -37.15   18.92
  40883.415   602.393   -28.21   16.37
  41169.479   596.600   -20.25   16.01
  41455.532   590.626   -20.88   16.06
  41741.573   586.222   -15.40   17.82
  42027.602   582.342   -13.56   20.56
  42313.620   577.191   -18.01   22.62
  42599.626   571.069   -21.41   24.01
  42885.621   562.935   -28.44   23.79
  43171.604   557.092   -20.43   24.46
  43457.575   554.378    -9.49   29.68
  43743.535   554.512     0.47   38.47
  44029.483   554.479    -0.12   47.44
  44315.420   556.053     5.50   57.95
  44601.345   551.873   -14.62   60.88
  44887.259   550.741    -3.96   67.24
  45173.161   542.084   -30.28   63.59
  45459.051   531.804   -35.96   56.69
  45744.930   520.363   -40.02   48.21
  46030.798   509.927   -36.50   42.01
  46316.654   501.001   -31.23   36.08
  46602.498   492.016   -31.43   28.58
  46888.331   486.468   -19.41   24.18
  47174.152   481.225   -18.34   18.86
  47459.962   477.059   -14.57   13.59
  47745.760   474.116   -10.30    9.84
  48031.547   471.739    -8.32    7.48
  48317.322   470.566    -4.10    5.77
  48603.085   469.098    -5.14    4.88
  48888.837   468.283    -2.85    4.59
  49174.578   467.195    -3.81    4.51
  49460.307   466.180    -3.55    4.33
  49746.024   465.259    -3.23    4.30
  50031.730   464.052    -4.22    4.25
  50317.424   462.721    -4.66    4.00
  50603.107   460.731    -6.96    4.62
  50888.779   458.182    -8.93    5.63
  51174.438   455.787    -8.38    6.38
  51460.087   452.965    -9.88    7.25
  51745.724   450.437    -8.85    7.51
  52031.349   449.431    -3.52    8.93
  52316.963   447.418    -7.05    9.62
  52602.565   446.335    -3.79   11.11
  52888.156   444.568    -6.18   11.41
  53173.735   443.016    -5.44   11.47
  53459.302   441.069    -6.82   10.74
  53744.859   438.345    -9.54    8.92
  54030.403   436.639    -5.97    7.61
  54315.937   434.776    -6.53    6.27
  54601.458   434.068    -2.48    5.91
  54886.969   433.266    -2.81    4.98
  55172.467   433.075    -0.67    4.19
  55457.954   432.819    -0.90    3.02
  55743.430   432.168    -2.28    2.62
  56028.894   431.400    -2.69    2.86
  56314.347   430.185    -4.25    3.52
  56599.789   428.685    -5.25    4.32
  56885.218   426.751    -6.78    4.77
  57170.637   424.936    -6.36    4.38
  57456.043   423.234    -5.96    3.67
  57741.439   422.009    -4.29    2.79
  58026.823   420.893    -3.91    1.92
  58312.195   420.387    -1.78    1.49
  58597.556   420.225    -0.57    1.53
  58882.905   419.979    -0.86    1.87
  59168.243   419.135    -2.96    3.56
  59453.570   418.403    -2.57    5.06
  59738.885   418.872     1.65    6.89
  60024.189   419.619     2.62    8.04
  60309.481   420.841     4.28    9.53
  60594.761   422.696     6.50    9.76
  60880.031   423.742     3.67    9.58
  61165.288   425.031     4.52    8.33
  61451.526   425.174     0.50    8.14
  61739.358   426.038     3.00    9.17
  62027.178   425.840    -0.69   10.11
  62314.986   426.759     3.19   11.94
  62602.781   428.347     5.52   12.15
  62890.564   430.480     7.41   12.34
  63178.334   432.206     6.00   11.77
  63466.091   433.853     5.73   11.70
  63753.836   435.842     6.91   10.82
  64041.569   437.531     5.87   10.96
  64329.289   440.009     8.61   10.44
  64616.997   441.841     6.37   11.07
  64904.692   443.994     7.48   10.05
  65192.374   445.372     4.79    9.59
  65480.044   447.680     8.03    8.86
  65767.702   449.490     6.29    8.64
  66055.347   450.958     5.10    8.41
  66342.980   451.562     2.10    7.80
  66630.600   452.609     3.64    8.20
  66918.208   452.932     1.12    8.05
  67205.803   453.731     2.78    9.15
  67493.386   454.234     1.75    9.46
  67780.956   454.951     2.49   11.03
  68068.514   454.848    -0.36   11.01
  68356.059   453.410    -5.00   11.14
  68643.592   451.848    -5.43   10.89
  68931.113   449.535    -8.05   11.11
  69218.621   448.031    -5.23   11.73
  69506.116   444.980   -10.62   12.75
  69793.599   441.630   -11.65   13.62
  70081.070   436.651   -17.32   14.80
  70368.528   433.262   -11.79   15.43
  70655.974   428.591   -16.25   15.90
  70943.407   424.241   -15.13   14.48
  71230.828   420.512   -12.97   12.56
  71518.236   417.965    -8.86   10.57
  71805.632   416.497    -5.11    8.28
  72093.016   416.453    -0.15    6.91
  72380.387   417.706     4.36    5.94
  72667.745   419.301     5.55    5.69
  72955.092   420.352     3.66    4.57
  73242.425   420.465     0.39    4.78
  73529.747   420.738     0.95    3.85
  73817.056   420.622    -0.40    3.15
  74104.352   420.563    -0.21    2.60
  74391.636   421.098     1.86    3.08
  74678.908   422.380     4.46    3.98
  74966.167   424.443     7.18    5.46
  75253.414   427.505    10.66    6.73
  75540.648   431.416    13.62    8.25
  75827.870   436.112    16.35    9.40
  76115.080   441.153    17.55    9.43
  76402.277   445.791    16.15    9.44
  76689.462   450.673    17.00    9.02
  76976.634   454.403    12.99    7.99
  77263.794   457.266     9.97    6.16
  77550.941   458.725     5.08    4.75
  77838.076   459.490     2.66    3.80
  78125.199   459.147    -1.19    3.99
  78412.310   458.501    -2.25    4.19
  78699.407   456.410    -7.28    4.62
  78986.493   454.130    -7.94    5.39
  79273.566   451.151   -10.38    6.77
  79560.627   447.024   -14.38    8.62
  79847.675   442.658   -15.21    9.90
  80134.711   437.434   -18.20   10.77
  80421.735   432.016   -18.87   10.90
  80708.746   426.837   -18.05    9.70
  80995.745   421.865   -17.32    9.05
  81282.731   416.826   -17.56    8.84
  81569.706   411.970   -16.92    9.63
  81856.667   406.886   -17.72   10.85
  82143.617   400.843   -21.06   12.20
  82430.554   394.727   -21.31   11.88
  82717.478   388.584   -21.41   10.64
  83004.391   383.213   -18.72    9.67
  83291.290   377.716   -19.16   10.14
  83578.178   372.060   -19.71   10.53
  83865.053   365.948   -21.30   10.61
  84151.916   360.979   -17.32   10.34
  84438.767   356.364   -16.09    9.18
  84725.605   351.918   -15.50    7.22
  85012.430   348.255   -12.77    6.39
  85299.244   345.584    -9.31    6.35
  85586.045   342.958    -9.16    6.61
  85872.834   340.261    -9.40    6.96
  86159.610   337.636    -9.15    6.78
  86446.374   335.069    -8.95    5.93
  86733.126   332.936    -7.44    4.43
  87019.865   331.696    -4.32    3.29
  87306.592   331.001    -2.42    2.95
  87593.307   330.573    -1.50    2.97
  87880.010   329.964    -2.12    3.25
  88166.700   329.016    -3.31    3.95
  88453.377   327.670    -4.70    4.62
  88740.043   325.468    -7.68    6.56
  89026.696   322.427   -10.61    8.76
  89313.337   317.867   -15.91   11.89
  89599.965   311.532   -22.10   15.76
  89886.581   304.213   -25.53   18.56
  90173.185   295.964   -28.78   19.92
  90459.777   286.936   -31.50   19.27
  90746.356   277.925   -31.44   17.10
  91032.923   269.134   -30.68   13.95
  91319.477   261.345   -27.18   11.63
  91606.020   256.121   -18.23    9.70
  91892.550   251.665   -15.55    8.14
  92179.067   248.364   -11.52    6.79
  92465.573   245.956    -8.41    6.18
  92752.066   244.264    -5.90    6.23
  93038.547   242.535    -6.04    6.41
  93325.015   240.397    -7.46    7.43
  93611.471   237.438   -10.33    9.71
  93897.915   232.312   -17.90   12.43
  94184.347   226.527   -20.20   15.17
  94470.766   219.565   -24.31   16.72
  94757.174   212.899   -23.27   15.93
  95043.568   205.509   -25.80   13.75
  95329.951   198.653   -23.94   10.87
  95616.321   193.230   -18.94    9.16
  95902.679   187.912   -18.57    9.56
  96189.025   183.198   -16.46    9.87
  96475.358   179.045   -14.50    9.31
  96761.679   175.467   -12.50    7.29
  97047.988   172.680    -9.73    5.91
  97334.285   169.397   -11.47    6.33
  97620.569   166.535   -10.00    6.19
  97906.842   165.068    -5.12    6.08
  98193.101   164.948    -0.42    6.24
  98479.349   165.195     0.86    6.84
  98765.584   165.475     0.98    6.73
  99051.807   166.518     3.65    6.45
  99338.018   168.305     6.24    5.47
