# NaN NaN NaN ;Mean Elev.(m), Avg Gradient(m/km), RMS Gradient(m/km) - SRTM1     
#  104.234  -6.782  10.204 ;Mean Elev.(m), Avg Gradient(m/km), RMS Gradient(m/km) - ASTER GDEM
#  121.124  -6.909   8.518 ;Mean Elev.(m), Avg Gradient(m/km), RMS Gradient(m/km) - GMTED2010 
   2 237.579274  62.139914   110.909   110.714 11 54672.91732834 22.925
   4 237.587186  62.139839   110.778   111.556 10 54692.74861498 22.276
   5 237.582318  62.141584     0.066     0.066  2 54702.66425426  0.737
   6 237.580583  62.140025   108.908   108.818 11 54712.57990311 53.034
   7 237.573490  62.139424    12.322    12.364 11 54722.49555351  3.812
   8 237.565147  62.139713   168.996   174.228 10 54732.41120115  8.634
   9 237.565759  62.139340   108.287   108.232  9 54742.32684803 54.378
  10 237.567181  62.139448   108.230   108.219 10 54752.24249471 53.770
  11 237.567250  62.139484   108.037   108.017  9 54762.15814097 41.891
  12 237.564800  62.139157   159.511   157.371  9 54772.07378459 21.053
  13 237.561210  62.139350   158.364   156.014 10 54781.98942508 23.906
  15 237.566840  62.139913   156.177   154.361 10 54801.82070132  7.132
  17 237.579993  62.139317   164.058   170.175 11 54821.65198147  7.590
  20 237.573262  62.139739   108.716   108.703 10 54851.39892075 13.973
  21 237.590415  62.135978   112.254   108.943  6 54861.31457127 11.886
  22 237.586677  62.137606   108.530   108.551  9 54871.23021929 11.850
  23 237.575218  62.139691   108.277   108.286 10 54881.14586498 11.363
  24 237.578710  62.136225   108.291   108.291  6 54891.06150941 11.834
  28 237.590311  62.133995   108.276   108.276  2 54930.72406590 10.839
  30 237.568332  62.139653   108.556   108.493 10 54950.55533390 19.611
  31 237.566143  62.139077   243.289   243.543 10 54960.47097379  9.587
  32 237.564843  62.139533   110.537   110.575  9 54970.38662226 52.042
  33 237.568501  62.140029   110.604   110.590 10 54980.30226993 53.348
  34 237.574857  62.139639   156.698   154.306 11 54990.21791765 27.086
  35 237.575132  62.139451   111.409   111.401 11 55000.13356466 45.659
  36 237.573052  62.139533   169.315   174.005 11 55010.04920966 13.326
  37 237.572200  62.139511   248.132   248.007 10 55019.96485320  3.363
  39 237.579306  62.140107   109.869   109.879 11 55039.79613807 52.555
  40 237.585807  62.139650   110.612   110.628 11 55049.71177927 23.735
  41 237.580409  62.140597   109.034   109.054 10 55059.62741711 54.476
  42 237.573723  62.139940   163.120   159.795 11 55069.54305678 26.993
  43 237.563885  62.139434   109.230   109.056  9 55079.45870554 26.607
  44 237.560340  62.139342   109.809   109.776  9 55089.37435273 46.678
  45 237.563403  62.139659   108.983   108.941 10 55099.28999918 54.436
  46 237.582228  62.136092   292.157   292.217  5 55109.20564695  2.273
  47 237.569572  62.139662   157.825   156.621 10 55119.12128975 27.941
  48 237.564207  62.139189   158.435   158.003  9 55129.03693123 26.830
  49 237.555831  62.139566   158.080   157.380  9 55138.95257032 24.517
  50 237.558979  62.139195   156.521   154.044  9 55148.86820927 19.950
  51 237.571163  62.138825   157.955   154.594 10 55158.78384871 22.067
  52 237.579247  62.139610   167.529   167.515 12 55168.69948738  4.919
  53 237.583903  62.139614   169.998   171.324 11 55178.61512496  5.234
  54 237.579371  62.139538   168.726   170.158 11 55188.53077010  5.632
  55 237.574957  62.139270   163.434   164.277 10 55198.44642047  6.572
  58 237.580414  62.139224   189.456   192.671 11 55228.19336830  3.556
  59 237.573512  62.139580   108.509   108.506 11 55238.10901304 15.574
  62 237.558000  62.139020   108.104   108.072  9 55267.85593185 14.970
  63 237.565520  62.139167   108.233   108.237 10 55277.77157093 13.460
  64 237.571754  62.139613   108.302   108.290 10 55287.68720866 12.904
  65 237.574406  62.139685   108.464   108.506 10 55297.60284374  7.279
  66 237.567987  62.139561   229.864   228.893 10 55307.51848515  1.692
  67 237.560370  62.139394   251.073   250.972 10 55317.43413100  4.550
  68 237.561479  62.138943   257.581   257.346  9 55327.34977646  1.889
  69 237.568127  62.139227   109.101   109.045 10 55337.26542142 51.355
  70 237.575874  62.139476   109.622   109.607 10 55347.18106601 53.045
  72 237.576328  62.139930   109.693   109.368 11 55367.01234871 44.732
  73 237.578803  62.138767   290.397   290.562 10 55376.92798800  0.519
  74 237.577041  62.139994   173.381   177.665 11 55386.84362581 13.938
  75 237.583575  62.139604   242.866   242.807 11 55396.75926370  1.587
  76 237.585153  62.139892   288.558   288.596 11 55406.67490617  1.685
  77 237.578861  62.139741   113.664   109.349 11 55416.59055689 25.921
  78 237.567730  62.139660   163.746   164.154 10 55426.50620377 15.341
  79 237.560899  62.139203   238.415   238.729  9 55436.42184834  7.588
  80 237.560062  62.139146   239.631   239.983  9 55446.33749201  5.946
  81 237.563513  62.139634   155.232   156.850  9 55456.25313540 26.012
  82 237.569921  62.139611   160.632   161.710 10 55466.16877840 27.780
  83 237.571941  62.139484   107.971   107.875 10 55476.08441793 40.749
  84 237.566971  62.139892   107.953   107.935 10 55486.00005361 48.704
  85 237.565179  62.139278   107.480   107.472 10 55495.91568762 40.448
  86 237.567925  62.139436   107.095   107.094  9 55505.83132265 36.053
  87 237.571538  62.139741   158.568   155.815 11 55515.74697356 22.695
  88 237.576379  62.140207   161.924   162.312 11 55525.66262367 15.111
  89 237.579298  62.139856   150.449   153.600 11 55535.57827171 11.322
  90 237.577470  62.139562   154.132   154.531 10 55545.49391720 10.987
  91 237.573723  62.139834   145.329   150.544 11 55555.40956055 12.280
  92 237.572852  62.140238   161.890   159.451  9 55565.32520316  8.132
  93 237.578991  62.139170   107.854   107.823 11 55575.24084593 24.326
  94 237.575570  62.139925   165.227   166.643 11 55585.15648596  6.354
  95 237.570652  62.140329   162.641   164.661 10 55595.07212257  5.217
  97 237.574975  62.137982   107.328   107.346  7 55614.90338898 17.149
  98 237.583760  62.136179   108.469   108.364  6 55624.81902976 12.079
  99 237.585586  62.135713   108.960   107.923  5 55634.73468252 11.226
 100 237.570782  62.139759   107.332   107.323 10 55644.65033108 11.548
 101 237.581491  62.135999   107.594   107.662  5 55654.56598002  8.138
 104 237.567407  62.139293   108.013   107.821 10 55684.31289960 27.515
 105 237.575254  62.139196   111.266   110.864 11 55694.22853734 33.520
 106 237.581981  62.139682   249.267   249.225 11 55704.14417351  5.348
 107 237.585974  62.139053   122.285   125.290 11 55714.05981985 22.274
 108 237.582507  62.139204   110.030   110.026 11 55723.97546856 52.805
 109 237.580878  62.139008   110.391   110.038 11 55733.89111559 47.519
 110 237.577584  62.139781   172.749   174.724 11 55743.80676114 11.310
 111 237.571446  62.141250   109.599   109.544  9 55753.72240493 55.414
 112 237.558903  62.143910   255.096   254.991  4 55763.63804573  1.347
 113 237.570017  62.139424   109.407   109.388 10 55773.55368668 54.317
 114 237.566972  62.139162   109.231   109.051 10 55783.46932242 27.065
 115 237.571065  62.138813   168.699   171.380 10 55793.38495628 26.083
 116 237.575588  62.139369   109.754   109.185 11 55803.30059207 28.813
 117 237.576285  62.139542   157.946   154.923 10 55813.21624177 26.390
 118 237.574577  62.139379   108.702   108.677 10 55823.13188943 50.602
 119 237.569762  62.139653   108.456   108.485  9 55833.04753201 55.085
 120 237.567373  62.139800   113.578   109.784 10 55842.96317059 27.628
 121 237.572540  62.139205   172.487   174.794 10 55852.87880696  9.629
 122 237.579953  62.139247   110.353   108.318 11 55862.79444309 28.372
 123 237.579812  62.139645   157.017   154.461 11 55872.71009733 22.929
 124 237.582492  62.139134   159.169   154.026 11 55882.62574696 19.707
 125 237.578731  62.140138   158.221   158.554 11 55892.54138937  8.089
 126 237.581777  62.139656   164.412   160.492 12 55902.45702689  7.849
 127 237.585779  62.139476   165.335   164.918 11 55912.37266299  7.790
 128 237.581559  62.139977   162.933   163.070 11 55922.28831683  8.186
 129 237.578489  62.139779   160.900   160.826 11 55932.20396803  9.222
 131 237.563489  62.139469   150.956   149.622  9 55952.03525683  8.814
 132 237.543972  62.144064   227.169   227.169  2 55961.95089397  0.987
 136 237.590745  62.135253   110.511   110.584  5 56001.61345447 10.990
 137 237.582769  62.134879   107.905   107.581  4 56011.52910398 12.409
 140 237.573012  62.139749   113.471   109.458 11 56041.27603372 21.206
 141 237.581108  62.139418   252.005   251.989 11 56051.19167350  5.600
 142 237.586034  62.139031   243.726   243.639 11 56061.10731026  3.393
 143 237.581396  62.140027   114.714   110.609 11 56071.02294756 26.125
 144 237.576835  62.139955   110.819   110.524 11 56080.93859780 35.611
 145 237.575427  62.140206   269.053   268.930 11 56090.85424570  1.936
 146 237.578142  62.140251   244.817   244.730 10 56100.76989162  1.965
 147 237.578502  62.139907   110.946   110.972 11 56110.68552323 52.233
 148 237.573122  62.139811   122.696   120.732 10 56120.60116262 18.012
 149 237.566429  62.139776   109.574   109.585 10 56130.51679817 52.618
 150 237.564907  62.139708   108.997   109.033  9 56140.43243166 54.416
 151 237.567138  62.139514   170.054   174.427 10 56150.34808282 14.834
 152 237.573775  62.139542   108.862   108.864 11 56160.26373240 52.151
 153 237.576956  62.139583   108.941   108.856 10 56170.17938010 52.684
 154 237.572889  62.139542   117.764   117.848 11 56180.09502336 26.785
 155 237.577483  62.136328   288.100   288.048  5 56190.01066373  0.560
 156 237.563760  62.139636   108.310   108.337  9 56199.92629878 55.424
 157 237.572376  62.139581   118.180   118.586 10 56209.84193381 24.638
 158 237.587667  62.138980   167.309   167.786 11 56219.75756774  6.585
 159 237.586101  62.140879   154.222   154.305 10 56229.67321628 25.086
 160 237.585735  62.139806   156.160   153.485 11 56239.58886991 22.000
 161 237.580595  62.139318   159.764   157.285 11 56249.50451910 17.336
 166 237.572672  62.139070   153.643   153.619 10 56299.08274387  8.040
 167 237.565552  62.138351   108.780   108.780  8 56308.99838776 16.128
 168 237.557769  62.139250   111.052   108.611  8 56318.91402903 12.272
 169 237.562575  62.139391   108.448   108.426  9 56328.82967056 13.910
 170 237.571144  62.139820   108.509   108.503 10 56338.74531155 14.773
 171 237.593661  62.135591   108.767   108.960  5 56348.66095234 13.116
 172 237.585131  62.137755   108.150   108.185  8 56358.57658665 13.405
 173 237.569880  62.138873   108.330   108.359 10 56368.49223572 14.252
 176 237.578722  62.139103   108.191   108.184 11 56398.23917318 10.006
 178 237.562899  62.146235   210.203   210.203  2 56418.07044859  1.266
 179 237.586237  62.139052   258.288   258.216 11 56427.98608365  7.953
 180 237.574821  62.139922   110.845   110.872 11 56437.90173630 50.872
 181 237.573742  62.139456   264.242   263.987 10 56447.81738767  3.459
 182 237.575652  62.139402   170.602   173.498 11 56457.73303708 12.724
 183 237.573141  62.139755   110.754   110.792 11 56467.64868281 53.186
 184 237.570970  62.139098   174.758   174.602 10 56477.56432461  4.649
 185 237.565246  62.139123   109.446   109.447 10 56487.47996222 54.936
 186 237.564832  62.139148   109.493   109.530  9 56497.39559764 54.526
 187 237.568524  62.139978   247.396   247.170 10 56507.31123202  1.857
 189 237.581498  62.139424   109.062   109.003 11 56527.14252393 44.009
 190 237.576631  62.139723   110.200   109.546 11 56537.05817345 25.110
 192 237.567544  62.139257   108.516   108.489 10 56556.88946242 53.804
 193 237.572780  62.139014   108.634   108.591 10 56566.80510557 53.408
 194 237.581740  62.139248   108.736   108.759 11 56576.72074771 52.321
 195 237.588779  62.139652   156.841   155.285 10 56586.63638627 27.451
 196 237.589208  62.139878   108.424   108.367 10 56596.55202576 53.082
 197 237.579691  62.140099   107.881   107.912 11 56606.46767696 48.952
 198 237.575862  62.139394   107.470   107.424 10 56616.38332383 44.215
 199 237.574028  62.139656   154.830   150.965 10 56626.29896722 13.758
 200 237.576813  62.139429   152.790   159.772 11 56636.21460830 13.023
 201 237.577326  62.139673   157.507   155.027 11 56646.13024823 11.813
 202 237.570775  62.139647   149.155   148.910 10 56656.04589989 10.554
 203 237.563558  62.139676   210.632   210.102 10 56665.96154720  2.674
 204 237.545618  62.144125   226.608   227.308  3 56675.87719046  1.328
 205 237.558935  62.141316   220.049   220.878  6 56685.79283639  1.551
 206 237.571476  62.139536   183.377   189.700 11 56695.70848017  5.633
 207 237.577002  62.139472   186.372   190.780 11 56705.62411860  4.369
 208 237.580333  62.139064   200.208   201.784 11 56715.53975136  3.115
 209 237.571318  62.139492   180.990   181.351 11 56725.45540378  5.438
 210 237.552551  62.143968   223.922   224.153  4 56735.37105123  0.808
 212 237.578886  62.139874   189.171   188.983 10 56755.20234226  3.299
 214 237.587655  62.139001   108.766   108.464 11 56775.03361743 35.183
 215 237.577422  62.139582   289.574   289.570 10 56784.94927325  2.917
 216 237.572743  62.139251   110.023   110.012 10 56794.86492609 39.657
 217 237.569587  62.139403   256.980   256.804 10 56804.78057531  2.026
 218 237.559702  62.142174   256.987   256.994  7 56814.69621659  1.790
 219 237.569448  62.139050   290.966   290.975 10 56824.61185685  4.702
 220 237.567097  62.139524   152.228   152.471  9 56834.52749171 27.947
 221 237.571315  62.139132   169.848   174.142 10 56844.44312383 11.238
 222 237.573480  62.139074   170.498   174.285 10 56854.35876831 12.552
 223 237.571688  62.139650   109.232   109.244 10 56864.27442172 54.159
 224 237.571506  62.139506   108.672   108.586 10 56874.19007467 52.026
 225 237.568790  62.139756   108.412   108.401 10 56884.10572418 51.748
 226 237.566513  62.139838   171.346   174.277 10 56894.02137055  7.801
 227 237.567116  62.139519   160.906   161.737  9 56903.93701408  7.396
 228 237.569878  62.139608   108.036   108.065 10 56913.85265580 52.266
 229 237.576307  62.139503   159.899   161.405 10 56923.76829621  9.282
 230 237.581667  62.139858   191.465   191.596 11 56933.68393394  3.727
 231 237.586777  62.139665   155.992   155.307 11 56943.59956643 26.920
 232 237.583337  62.139493   169.825   170.315 12 56953.51521289  4.620
 233 237.576731  62.139569   107.621   107.611 11 56963.43086261 45.724
 234 237.574708  62.139656   158.641   156.225 11 56973.34650789 19.702
 235 237.576669  62.139687   161.649   163.367 10 56983.26214918 24.234
 236 237.578420  62.139700   159.501   157.739 11 56993.17778569  9.530
 237 237.578027  62.139241   152.770   153.444 11 57003.09342182 10.152
 238 237.566444  62.139772   140.206   145.528 10 57013.00907730 12.115
 239 237.563316  62.139557   142.494   145.533 10 57022.92472826 10.763
 240 237.568761  62.139187   144.077   145.772 10 57032.84037746 10.708
 241 237.573743  62.139358   144.748   149.032 11 57042.75602440 11.048
 242 237.575547  62.139458   151.932   158.933 10 57052.67166879 10.574
 243 237.574364  62.139211   194.344   196.645 10 57062.58730855  5.260
 244 237.572525  62.139563   107.700   107.660 11 57072.50294290 13.616
 245 237.578563  62.139386   107.758   107.739 11 57082.41857398 13.974
 246 237.584027  62.139445   108.705   108.424 11 57092.33422080 12.238
 247 237.605476  62.134114   107.924   107.907  3 57102.24988048 12.079
 248 237.584215  62.139841   108.129   108.132 11 57112.16553148 15.511
 250 237.574011  62.139523   169.281   169.937 11 57131.99682040  5.761
 251 237.573802  62.139513   247.620   248.024 10 57141.91245766  5.834
 252 237.577250  62.140161   288.760   288.779 11 57151.82809211  4.232
 253 237.587316  62.139311   109.754   109.751 11 57161.74372392 52.264
 254 237.580290  62.139637   110.062   109.936 11 57171.65938038 40.496
 255 237.571514  62.139341   109.376   109.308 10 57181.57503434 51.699
 256 237.562967  62.139328   108.728   108.707  9 57191.49068438 49.531
 257 237.561327  62.139525   159.701   168.037  9 57201.40633195  8.888
 258 237.566446  62.139847   108.389   108.392 10 57211.32196642 50.183
 259 237.574400  62.139823   108.644   108.321 11 57221.23761087 42.398
 260 237.575819  62.140079   108.980   108.664 11 57231.15325339 32.560
 261 237.574483  62.139921   108.660   108.213 11 57241.06889326 31.694
 262 237.572400  62.139854   108.645   108.634 10 57250.98453041 51.360
 263 237.576791  62.139789   108.114   108.075 11 57260.90016620 51.479
 264 237.588531  62.139227   108.270   108.223 11 57270.81580152 47.588
 265 237.587741  62.140722   161.456   156.644 10 57280.73145617 25.819
 266 237.588164  62.140093   108.720   107.864 10 57290.64711167 32.473
 267 237.583644  62.139008   111.014   108.636 11 57300.56276375 26.950
 268 237.570609  62.139816   108.079   108.114 10 57310.47841112 52.056
 269 237.565497  62.139817   165.996   169.363 10 57320.39405586  8.641
 270 237.570144  62.139220   154.990   154.824 10 57330.30969880 24.124
 271 237.576479  62.139433   162.319   167.685 11 57340.22533962 19.670
 272 237.574474  62.139576   159.034   154.501 11 57350.14098939 17.748
 273 237.567525  62.139618   164.561   162.456 10 57360.05663391  5.017
 274 237.562477  62.138851   153.190   154.667  9 57369.97227557  6.967
 275 237.561250  62.139295   145.245   143.861  9 57379.88791516  8.979
 276 237.571628  62.139234   146.332   147.537 10 57389.80355477  8.871
 277 237.580878  62.140043   161.569   162.687 11 57399.71919326  7.669
 278 237.586058  62.139972   161.593   165.071 11 57409.63483231  8.023
 282 237.591371  62.135986   109.348   109.320  5 57449.29743049 11.923
 283 237.589017  62.138564   107.935   107.982 10 57459.21307523 11.913
 284 237.586669  62.139674   107.607   107.564 11 57469.12871705 12.444
 286 237.575097  62.139964   107.753   107.750 11 57488.95998919 11.345
 287 237.575744  62.139673   107.787   107.784 10 57498.87562243 12.468
 288 237.578710  62.139891   109.166   108.980 11 57508.79126501 36.771
 289 237.578135  62.139952   245.028   243.893 11 57518.70692107  4.804
 290 237.576716  62.139845   109.426   109.318 11 57528.62257422 46.943
 291 237.569584  62.139859   202.696   205.069 10 57538.53822383  7.820
 292 237.564692  62.139128   156.913   159.486 10 57548.45387104 26.992
 293 237.561159  62.139425   109.647   109.682  9 57558.36951680 55.505
 294 237.566653  62.139545   109.702   109.612 10 57568.28516246 54.162
 295 237.574967  62.139544   109.509   109.501 11 57578.20080777 52.835
 296 237.577606  62.140198   109.360   109.248 11 57588.11645105 54.282
 297 237.579886  62.139178   108.698   108.696 11 57598.03209197 49.486
