-103433.104   696.984     0.00   46.31
-103146.707   697.607     2.18   59.78
-102860.301   703.254    19.72   76.10
-102573.887   705.269     7.04   89.22
-102287.465   690.441   -51.77   82.28
-102001.035   683.360   -24.72   88.01
-101714.597   672.023   -39.58   85.08
-101428.151   649.319   -79.26   63.72
-101141.697   643.082   -21.77   61.02
-100855.235   638.289   -16.73   56.77
-100568.764   635.691    -9.07   55.18
-100282.286   636.683     3.46   55.89
 -99995.799   638.020     4.67   59.79
 -99709.305   642.762    16.55   56.75
 -99422.802   645.495     9.54   53.31
 -99136.291   649.784    14.97   59.82
 -98849.772   654.903    17.86   62.99
 -98563.245   663.691    30.67   65.45
 -98276.710   669.706    20.99   66.07
 -97990.166   673.456    13.09   62.74
 -97703.615   672.595    -3.00   60.67
 -97417.055   660.633   -41.74   61.71
 -97130.488   638.963   -75.62   66.23
 -96843.912   614.626   -84.92   72.26
 -96557.328   588.924   -89.68   67.45
 -96270.736   561.642   -95.19   55.83
 -95984.136   547.111   -50.70   46.68
 -95697.528   542.117   -17.42   42.48
 -95410.912   547.213    17.78   48.27
 -95124.287   556.561    32.61   52.53
 -94837.655   567.568    38.40   54.39
 -94551.014   581.854    49.84   56.89
 -94264.366   599.968    63.19   57.11
 -93977.709   619.551    68.31   58.95
 -93691.044   636.436    58.90   56.09
 -93404.371   653.382    59.11   49.73
 -93117.690   667.901    50.65   39.85
 -92831.000   672.235    15.11   40.74
 -92544.303   668.123   -14.34   49.45
 -92257.597   662.066   -21.13   54.05
 -91970.884   653.859   -28.62   59.94
 -91684.162   643.805   -35.06   66.46
 -91397.432   629.056   -51.44   69.42
 -91110.694   618.024   -38.47   70.95
 -90823.948   592.409   -89.33   75.93
 -90537.193   563.475  -100.90   71.54
 -90250.431   540.542   -79.97   63.33
 -89963.660   521.120   -67.73   53.46
 -89676.882   507.449   -47.67   39.96
 -89390.095   498.500   -31.20   30.10
 -89103.300   495.110   -11.82   24.43
 -88816.497   495.432     1.12   25.43
 -88529.686   500.829    18.82   27.23
 -88242.866   511.142    35.96   31.95
 -87956.039   522.025    37.94   37.22
 -87669.203   525.070    10.62   39.55
 -87382.359   530.563    19.15   43.92
 -87095.507   538.083    26.22   52.86
 -86808.647   542.053    13.84   58.49
 -86521.779   543.216     4.05   59.98
 -86234.903   554.174    38.20   66.57
 -85948.018   562.228    28.07   62.44
 -85661.126   566.198    13.84   55.48
 -85374.225   571.249    17.60   45.77
 -85087.316   570.288    -3.35   38.29
 -84800.399   564.640   -19.68   34.82
 -84513.474   558.154   -22.61   33.77
 -84226.541   548.572   -33.39   31.74
 -83939.599   536.837   -40.90   30.82
 -83652.650   522.551   -49.79   32.04
 -83365.692   505.480   -59.49   35.71
 -83078.726   488.742   -58.33   40.64
 -82791.752   467.649   -73.50   42.20
 -82504.770   450.004   -61.48   39.99
 -82217.779   433.778   -56.54   34.78
 -81930.781   421.628   -42.34   27.86
 -81643.774   411.241   -36.19   18.20
 -81356.759   406.100   -17.91   10.01
 -81069.736   405.019    -3.76    6.98
 -80782.705   406.514     5.21    8.82
 -80495.666   409.698    11.09    9.47
 -80208.618   413.075    11.76    8.43
 -79921.563   416.156    10.73    6.34
 -79634.499   418.091     6.74    4.19
 -79347.427   419.532     5.02    4.39
 -79060.347   421.720     7.62    7.33
 -78773.259   425.530    13.27   13.27
 -78486.162   430.474    17.22   18.36
 -78199.058   437.099    23.07   22.81
 -77911.945   444.429    25.53   26.08
 -77624.824   454.353    34.56   28.56
 -77337.695   468.477    49.19   34.40
 -77050.558   482.741    49.68   37.22
 -76763.412   490.941    28.55   35.46
 -76476.258   498.116    24.99   33.36
 -76189.097   499.925     6.30   32.76
 -75901.927   502.735     9.78   31.64
 -75614.749   507.851    17.82   32.88
 -75327.562   509.558     5.94   34.78
 -75040.368   511.399     6.41   35.47
 -74753.165   509.180    -7.73   37.88
 -74465.954   501.727   -25.95   43.24
 -74178.735   490.256   -39.94   47.37
 -73891.508   474.713   -54.11   48.18
 -73604.273   457.496   -59.94   45.21
 -73317.029   440.713   -58.43   38.82
 -73029.778   425.881   -51.63   30.70
 -72742.518   413.572   -42.85   22.94
 -72455.250   404.642   -31.08   16.99
 -72167.973   399.517   -17.84   17.00
 -71880.689   395.070   -15.48   19.85
 -71593.396   390.534   -15.79   22.27
 -71306.095   383.539   -24.35   23.46
 -71018.786   378.543   -17.39   26.39
 -70731.847   372.463   -21.19   28.98
 -70446.196   363.029   -33.03   26.05
 -70160.538   355.411   -26.67   25.02
 -69874.872   346.966   -29.56   22.40
 -69589.199   338.277   -30.42   14.86
 -69303.519   332.547   -20.06   11.63
 -69017.832   328.276   -14.95   10.39
 -68732.137   324.301   -13.91   10.02
 -68446.435   320.457   -13.45    9.80
 -68160.725   318.092    -8.28   10.42
 -67875.008   314.977   -10.90   11.79
 -67589.284   313.979    -3.49   18.91
 -67303.553   312.582    -4.89   24.09
 -67017.814   311.123    -5.11   27.53
 -66732.068   308.909    -7.75   31.66
 -66446.314   301.470   -26.03   21.84
 -66160.554   299.180    -8.01   21.57
 -65874.786   294.563   -16.16   19.94
 -65589.010   285.959   -30.11   25.69
 -65303.228   272.104   -48.48   41.67
 -65017.438   253.094   -66.52   56.67
 -64731.640   240.106   -45.44   59.97
 -64445.836   233.271   -23.92   59.64
 -64160.024   226.161   -24.87   61.66
 -63874.204   225.313    -2.97   62.56
 -63588.378   224.089    -4.28   62.42
 -63302.544   221.838    -7.87   63.88
 -63016.702   222.018     0.63   63.22
 -62730.854   220.199    -6.36   62.91
 -62444.998   205.198   -52.48   68.57
 -62159.134   190.517   -51.36   71.34
 -61873.264   179.259   -39.38   72.20
 -61587.386   179.777     1.81   73.44
 -61301.500   192.822    45.63   76.75
 -61015.608   214.502    75.83   82.41
 -60729.708   239.574    87.70   82.93
 -60443.800   269.184   103.56   67.26
 -60157.886   296.488    95.50   34.86
 -59871.964   309.951    47.08   25.28
 -59586.034   319.514    33.45   25.05
 -59300.098   331.954    43.50   27.80
 -59014.154   344.070    42.37   32.76
 -58728.202   355.131    38.68   35.04
 -58442.244   367.452    43.09   35.24
 -58156.277   377.336    34.56   35.27
 -57870.304   388.361    38.55   34.14
 -57584.323   400.741    43.29   31.45
 -57298.335   410.304    33.44   31.71
 -57012.340   413.110     9.81   35.57
 -56726.337   414.227     3.91   40.35
 -56440.327   406.948   -25.45   40.52
 -56154.309   405.075    -6.55   44.26
 -55868.285   399.430   -19.74   50.17
 -55582.252   395.120   -15.07   51.94
 -55296.213   395.986     3.03   53.00
 -55010.166   394.016    -6.89   53.36
 -54724.112   389.408   -16.11   52.50
 -54438.050   379.771   -33.69   42.58
 -54151.981   375.713   -14.19   40.38
 -53865.905   368.037   -26.83   39.87
 -53579.821   359.320   -30.47   36.53
 -53293.730   352.829   -22.69   31.29
 -53007.632   346.248   -23.00   27.30
 -52721.526   342.093   -14.52   23.35
 -52435.413   337.457   -16.20   19.77
 -52149.293   335.591    -6.52   19.06
 -51863.165   334.241    -4.72   19.90
 -51577.030   333.375    -3.03   20.18
 -51290.887   332.742    -2.21   20.57
 -51004.738   332.370    -1.30   21.95
 -50718.580   332.107    -0.92   21.13
 -50432.416   331.260    -2.96   19.14
 -50146.244   328.899    -8.25   18.50
 -49860.065   324.941   -13.83   19.02
 -49573.878   320.173   -16.66   18.56
 -49287.684   317.772    -8.39   17.91
 -49001.482   314.368   -11.89   16.53
 -48715.274   313.396    -3.40   15.55
 -48429.057   315.445     7.16   16.51
 -48142.834   322.363    24.17   20.22
 -47856.603   332.678    36.04   31.36
 -47570.365   344.764    42.22   45.83
 -47284.119   357.800    45.54   53.52
 -46997.866   376.585    65.62   67.42
 -46711.606   388.419    41.34   75.26
 -46425.338   393.267    16.93   72.08
 -46139.063   399.648    22.29   73.54
 -45852.781   405.484    20.38   67.80
 -45566.491   407.749     7.91   53.53
 -45280.193   401.161   -23.01   43.40
 -44993.889   395.299   -20.48   40.09
 -44707.577   393.041    -7.88   38.99
 -44421.257   394.437     4.88   37.10
 -44134.931   396.551     7.38   36.65
 -43848.597   402.213    19.77   37.25
 -43562.255   413.046    37.83   40.21
 -43275.906   425.271    42.69   45.21
 -42989.550   438.951    47.77   50.89
 -42703.186   452.216    46.32   58.37
 -42416.815   466.117    48.54   65.92
 -42130.437   471.734    19.61   69.75
 -41844.051   468.493   -11.32   77.36
 -41557.658   449.532   -66.21   87.66
 -41271.257   432.162   -60.65   87.75
 -40984.849   401.000  -108.80   86.20
 -40698.434   374.496   -92.54   75.32
 -40412.011   352.684   -76.15   60.05
 -40125.581   341.091   -40.47   56.41
 -39839.143   344.113    10.55   62.82
 -39552.699   344.522     1.43   61.81
 -39266.246   347.633    10.86   60.69
 -38979.787   336.027   -40.51   62.54
 -38693.319   329.555   -22.60   58.90
 -38406.845   330.799     4.34   54.96
 -38120.363   329.354    -5.05   52.35
 -37833.874   333.819    15.59   52.10
 -37547.377   340.626    23.76   55.90
 -37260.873   351.165    36.79   60.70
 -36974.362   362.445    39.37   64.72
 -36687.843   369.849    25.84   73.95
 -36401.316   371.111     4.41   84.16
 -36114.783   362.791   -29.04  105.81
 -35828.242   353.213   -33.43  116.92
 -35541.693   339.893   -46.48  125.75
 -35255.137   321.901   -62.78  130.13
 -34968.574   298.911   -80.23  131.79
 -34682.003   278.857   -69.98  123.61
 -34395.425   259.095   -68.96  113.48
 -34108.840   233.114   -90.66  105.48
 -33822.247   208.185   -86.99   90.75
 -33535.647   188.350   -69.20   79.89
 -33249.039   174.427   -48.58   77.73
 -32962.424   157.959   -57.46   77.23
 -32675.801   141.322   -58.05   70.95
 -32389.172   128.329   -45.33   65.19
 -32102.534   113.699   -51.04   59.62
 -31815.889   101.636   -42.08   51.51
 -31529.237    90.836   -37.68   43.08
 -31242.578    85.713   -17.87   40.70
 -30955.911    78.354   -25.67   37.35
 -30669.236    68.213   -35.38   28.53
 -30382.555    63.288   -17.18   23.00
 -30095.865    58.706   -15.98   17.82
 -29809.169    54.620   -14.25   12.68
 -29522.465    51.654   -10.34    7.07
 -29235.753    50.818    -2.92    7.26
 -28949.034    50.055    -2.66    7.24
 -28662.308    48.300    -6.12    1.54
 -28375.574    48.075    -0.78    1.02
 -28088.833    48.168     0.32    0.97
 -27802.084    48.622     1.58    1.74
 -27515.328    49.264     2.24    2.99
 -27228.565    50.153     3.10    4.37
 -26941.794    50.834     2.38    5.20
 -26655.016    51.348     1.79    5.66
 -26368.230    51.523     0.61    6.28
 -26081.437    51.157    -1.28    6.78
 -25794.637    51.260     0.36    7.34
 -25507.829    51.008    -0.88    7.26
 -25221.013    50.581    -1.49    6.68
 -24934.190    50.480    -0.35    6.05
 -24647.360    50.494     0.05    5.35
 -24360.522    50.633     0.49    4.65
 -24073.677    50.799     0.58    3.70
 -23786.825    50.784    -0.05    3.23
 -23499.965    50.582    -0.70    3.32
 -23213.097    50.269    -1.09    3.68
 -22926.223    50.359     0.31    4.36
 -22639.340    49.822    -1.87    3.94
 -22352.451    49.684    -0.48    3.89
 -22065.553    49.111    -2.00    3.28
 -21778.649    48.108    -3.50    2.01
 -21491.737    47.445    -2.31    1.91
 -21204.817    46.776    -2.33    2.39
 -20917.890    46.002    -2.70    2.63
 -20630.956    45.662    -1.18    2.81
 -20344.014    45.921     0.90    3.36
 -20057.065    47.127     4.20    4.97
 -19770.108    48.842     5.98    6.68
 -19483.144    50.827     6.92    8.31
 -19196.173    53.777    10.28    9.67
 -18909.194    57.361    12.49   10.50
 -18622.207    61.399    14.07   10.73
 -18335.213    65.486    14.24   10.63
 -18048.212    69.524    14.07   10.48
 -17761.203    74.068    15.83    9.35
 -17474.187    77.539    12.09    8.80
 -17187.163    81.575    14.06    8.59
 -16900.132    85.342    13.13    8.47
 -16613.094    89.742    15.33    8.39
 -16326.048    93.848    14.30    9.03
 -16038.994    98.039    14.60    9.45
 -15751.933   102.392    15.16    9.10
 -15464.865   106.384    13.91    8.89
 -15177.789   110.900    15.73    8.88
 -14890.706   115.249    15.15    7.88
 -14603.615   119.220    13.83    6.88
 -14316.517   122.393    11.05    6.12
 -14029.411   125.803    11.88    5.31
 -13742.298   129.003    11.14    4.94
 -13455.177   131.343     8.15    4.85
 -13168.049   132.961     5.63    4.99
 -12880.914   133.910     3.30    5.37
 -12593.771   133.885    -0.09    6.19
 -12306.620   132.727    -4.04    7.99
 -12019.463   130.953    -6.18    9.47
 -11732.297   127.988   -10.32   10.53
 -11445.124   125.430    -8.91   11.56
 -11157.944   120.889   -15.81   13.45
 -10870.756   116.457   -15.43   14.05
 -10583.561   112.092   -15.20   14.11
 -10296.358   107.875   -14.69   14.23
 -10009.148   103.846   -14.03   13.09
  -9721.931    99.641   -14.64   10.76
  -9434.706    96.605   -10.57    8.44
  -9147.473    94.002    -9.06    5.98
  -8860.691    92.384    -5.64    4.14
  -8574.967    92.490     0.37    3.84
  -8289.237    93.048     1.96    4.23
  -8003.501    93.989     3.29    4.10
  -7717.757    94.517     1.85    3.65
  -7432.007    95.053     1.88    3.46
  -7146.251    94.991    -0.22    3.74
  -6860.488    94.692    -1.05    3.97
  -6574.718    93.511    -4.13    3.80
  -6288.942    92.213    -4.54    3.73
  -6003.159    90.937    -4.46    3.83
  -5717.369    90.375    -1.97    3.83
  -5431.573    89.360    -3.55    3.86
  -5145.770    87.684    -5.87    4.21
  -4859.960    85.656    -7.10    4.88
  -4574.144    82.599   -10.70    7.28
  -4288.321    76.866   -20.06   13.36
  -4002.492    68.094   -30.69   19.76
  -3716.656    56.874   -39.25   25.36
  -3430.813    44.642   -42.79   29.46
  -3144.964    32.677   -41.86   28.80
  -2859.108    22.241   -36.51   26.31
  -2573.246    12.146   -35.31   20.29
  -2287.377     4.770   -25.80   13.63
  -2001.501     0.010   -16.65    7.11
  -1715.618    -2.216    -7.79    0.76
  -1429.729    -2.287    -0.25    0.00
  -1143.834    -2.186     0.35    0.84
   -857.931    -2.016     0.59    1.30
   -572.022    -0.991     3.58    4.30
   -286.107    -0.165     2.89    5.39
     -0.184     0.032     0.69    5.44
    285.744     0.169     0.48    5.49
    571.680     1.030     3.01    6.48
    857.622     1.783     2.63    7.29
   1143.571     2.177     1.38    8.28
   1429.526     4.252     7.26   10.46
   1715.488     6.954     9.45   12.47
   2001.457     9.447     8.72   13.03
   2287.432    11.591     7.50   12.86
   2573.414    13.173     5.53   12.64
   2859.403    14.624     5.07   11.51
   3145.398    16.706     7.28   10.45
   3431.400    18.901     7.68    9.34
   3717.409    20.592     5.91    8.16
   4003.424    23.021     8.49    7.86
   4289.446    25.447     8.48    7.48
   4575.474    28.027     9.02    6.54
   4861.509    30.234     7.72    5.84
   5147.551    32.027     6.27    5.02
   5433.599    33.423     4.88    4.20
   5719.654    34.379     3.34    3.69
   6005.716    36.023     5.74    3.97
   6291.784    38.320     8.03    5.76
   6577.859    42.017    12.92    8.88
   6863.941    46.297    14.96   12.05
   7150.029    51.840    19.38   14.90
   7436.124    60.354    29.76   19.83
   7722.226    72.068    40.94   27.06
   8008.334    87.343    53.39   39.77
   8294.449   113.004    89.69   55.98
   8580.571   140.502    96.10   62.96
   8866.699   161.923    74.87   57.95
   9152.834   178.871    59.23   47.96
   9438.975   193.465    51.00   33.33
   9725.123   202.041    29.97   21.66
  10011.278   202.856     2.85   18.11
  10297.440   201.063    -6.27   15.18
  10583.608   203.099     7.11   14.28
  10869.783   208.317    18.24   11.38
  11155.964   212.213    13.61    7.15
  11442.152   214.342     7.44    3.92
  11728.347   213.699    -2.25    7.64
  12014.549   207.981   -19.98   16.65
  12300.757   203.191   -16.74   19.28
  12586.972   200.290   -10.14   20.45
  12873.193   199.573    -2.51   21.33
  13159.421   198.350    -4.27   22.03
  13445.656   198.533     0.64   22.72
  13731.897   202.727    14.65   22.77
  14018.145   209.903    25.07   19.90
  14304.400   215.271    18.75   18.86
  14590.662   219.858    16.02   18.80
  14876.930   226.071    21.71   18.65
  15163.204   232.445    22.26   17.53
  15449.486   239.879    25.97   17.45
  15735.774   247.468    26.51   17.70
  16022.069   256.524    31.63   17.98
  16308.370   265.241    30.45   18.47
  16594.678   274.177    31.21   16.65
  16880.993   280.762    23.00   12.91
  17167.314   283.855    10.80    9.59
  17453.643   283.713    -0.50    9.37
  17739.977   282.065    -5.75   10.11
  18026.319   278.373   -12.90    9.99
  18312.667   275.733    -9.22    8.00
  18599.022   274.771    -3.36    6.56
  18885.383   276.597     6.38    8.30
  19171.751   280.178    12.50    9.63
  19458.126   284.051    13.53    9.21
  19744.508   287.814    13.14    7.32
  20030.896   290.094     7.96    4.78
  20317.291   291.099     3.51    3.43
  20603.692   290.825    -0.96    3.87
  20890.101   289.648    -4.11    3.75
  21176.516   288.727    -3.21    3.68
  21462.937   287.975    -2.63    3.61
  21749.365   286.980    -3.47    3.96
  22035.800   286.713    -0.93    4.93
  22322.242   286.863     0.52    6.83
  22608.690   286.825    -0.13    8.68
  22895.145   285.023    -6.29    9.85
  23181.607   282.322    -9.43   10.90
  23468.075   278.528   -13.24   11.65
  23754.551   275.075   -12.06   10.33
  24041.032   274.234    -2.93    9.89
  24327.521   275.691     5.09   11.49
  24614.016   279.352    12.78   12.99
  24900.518   284.172    16.82   14.67
  25187.026   290.937    23.61   14.41
  25473.541   297.445    22.71   11.00
  25760.063   301.889    15.51    8.79
  26046.592   305.241    11.70    6.33
  26333.127   307.655     8.42    3.78
  26619.669   309.169     5.29    2.27
  26906.218   311.477     8.05    5.19
  27192.773   315.185    12.94    8.44
  27479.335   320.136    17.28   11.39
  27765.904   326.281    21.44   14.56
  28052.479   334.713    29.42   17.00
  28339.061   343.352    30.14   16.81
  28625.650   349.198    20.40   14.08
  28912.246   354.408    18.18   12.49
  29198.848   358.754    15.17   11.93
  29485.457   363.621    16.98   15.29
  29772.072   371.427    27.23   23.58
  30058.695   380.572    31.91   30.36
  30345.324   392.868    42.90   34.20
  30631.959   409.974    59.68   33.78
  30918.602   425.355    53.66   27.70
  31205.251   433.748    29.28   22.63
  31491.906   430.879   -10.01   30.45
  31778.569   417.461   -46.81   42.77
  32065.238   401.082   -57.13   47.73
  32351.914   382.106   -66.20   44.24
  32638.597   364.370   -61.87   33.17
  32925.286   349.950   -50.30   16.26
  33211.982   343.303   -23.19    6.83
  33498.685   340.975    -8.12    6.75
  33785.394   339.082    -6.60    6.84
  34072.110   337.213    -6.52    6.18
  34358.833   335.238    -6.89    3.73
  34645.563   334.678    -1.95    3.48
  34932.299   334.888     0.73    3.81
  35219.042   336.785     6.62    7.29
  35505.792   340.301    12.26   12.37
  35792.548   346.885    22.96   19.13
  36079.311   355.145    28.81   24.41
  36366.081   364.195    31.56   28.22
  36652.858   374.053    34.38   31.00
  36939.641   383.100    31.55   32.29
  37226.431   389.166    21.15   31.54
  37513.227   388.981    -0.65   31.06
  37800.031   386.290    -9.38   32.18
  38086.841   383.255   -10.58   32.81
  38373.658   383.901     2.25   33.46
  38660.481   383.893    -0.03   35.93
  38947.312   385.451     5.43   38.06
  39234.149   383.538    -6.67   41.38
  39520.992   382.843    -2.42   43.16
  39807.843   375.720   -24.83   46.31
  40094.700   369.104   -23.06   46.43
  40381.564   363.621   -19.11   42.03
  40668.434   359.699   -13.67   36.65
  40955.312   356.612   -10.76   32.75
  41242.196   356.320    -1.02   28.23
  41529.086   355.970    -1.22   24.91
  41815.984   353.972    -6.96   25.12
  42102.888   342.389   -40.37   33.03
  42389.799   327.251   -52.76   36.18
  42676.717   311.828   -53.76   38.85
  42963.641   289.756   -76.93   44.86
  43250.572   265.998   -82.80   47.19
  43537.510   244.644   -74.42   45.77
  43824.454   227.497   -59.76   41.95
  44111.406   215.749   -40.94   39.03
  44398.364   204.951   -37.63   36.23
  44685.329   191.317   -47.51   33.96
  44972.300   181.495   -34.23   29.56
  45259.278   180.981    -1.79   32.79
  45546.263   184.156    11.07   37.03
  45833.255   179.916   -14.78   43.34
  46120.253   173.569   -22.11   51.12
  46407.258   169.234   -15.10   57.40
  46694.270   159.596   -33.58   61.65
  46981.289   143.819   -54.97   59.77
  47268.314   124.835   -66.14   44.95
  47555.346   111.097   -47.86   19.47
  47842.385   107.699   -11.84    5.71
  48129.431   109.555     6.46    6.96
  48416.483   113.372    13.30   12.17
  48703.542   119.973    23.00   20.36
  48990.608   128.463    29.57   28.17
  49277.680   139.336    37.88   34.17
  49564.759   149.576    35.67   37.68
  49851.845   162.377    44.59   38.26
  50138.938   174.594    42.55   34.19
  50426.038   186.039    39.86   27.02
  50713.144   194.474    29.38   21.35
  51000.257   198.924    15.50   16.56
  51287.377   201.656     9.52   16.94
  51574.503   204.906    11.32   19.00
  51861.636   211.691    23.63   22.69
  52148.776   220.311    30.02   25.67
  52435.923   231.452    38.80   29.27
  52723.076   244.626    45.88   30.73
  53009.729   257.862    46.17   28.29
  53295.528   270.720    44.99   26.78
  53581.333   283.093    43.29   26.07
  53867.144   294.506    39.93   26.37
  54152.961   307.307    44.79   26.17
  54438.784   318.264    38.33   25.08
  54724.613   329.920    40.78   23.27
  55010.447   341.713    41.26   20.81
  55296.288   352.698    38.43   19.71
  55582.134   362.293    33.57   20.13
  55867.987   373.879    40.53   20.74
  56153.845   383.633    34.12   20.30
  56439.710   392.466    30.90   18.82
  56725.580   400.975    29.76   16.91
  57011.456   408.337    25.75   15.31
  57297.338   413.804    19.12   14.33
  57583.226   417.477    12.85   14.03
  57869.120   419.422     6.80   15.48
  58155.020   420.636     4.25   16.26
  58440.926   419.692    -3.30   16.91
  58726.837   418.220    -5.15   17.95
  59012.755   417.648    -2.00   18.10
  59298.679   422.345    16.43   23.01
  59584.608   434.067    41.00   36.30
  59870.544   452.184    63.36   48.66
  60156.485   473.216    73.56   57.23
  60442.432   493.972    72.58   53.67
  60728.386   506.578    44.09   47.71
  61014.345   509.049     8.64   45.18
  61300.310   522.343    46.49   53.16
  61586.281   532.487    35.47   57.85
  61872.258   526.853   -19.70   64.35
  62158.241   506.832   -70.01   88.66
  62444.230   474.907  -111.63  111.89
  62730.225   435.461  -137.93  132.05
  63016.225   383.121  -183.01  129.70
  63302.232   328.062  -192.51   98.70
  63588.245   284.612  -151.92   54.70
  63874.263   260.418   -84.59   32.56
  64160.288   247.223   -46.13   20.89
  64446.318   238.692   -29.83   13.52
  64732.354   233.963   -16.53    8.11
  65018.397   231.604    -8.25    5.40
  65304.445   231.131    -1.65    3.97
  65590.499   232.307     4.11    5.40
  65876.559   235.351    10.64    8.75
  66162.625   239.849    15.72   11.94
  66448.697   245.671    20.35   14.56
  66734.775   251.720    21.15   16.18
  67020.859   259.121    25.87   16.42
  67306.949   265.010    20.58   15.01
  67593.045   271.735    23.51   12.59
  67879.146   275.940    14.70   10.85
  68165.254   279.706    13.16    9.38
  68451.368   282.793    10.79    8.60
  68737.487   285.918    10.93    8.31
  69023.613   288.810    10.11    8.27
  69309.744   292.184    11.79    7.89
  69595.882   295.706    12.31    8.21
  69882.025   299.452    13.09    8.39
  70168.174   303.016    12.45    8.80
  70454.329   306.741    13.02    8.75
  70740.491   309.748    10.51    8.42
  71026.658   312.540     9.76    7.52
  71312.831   315.120     9.01    6.32
  71599.010   316.393     4.45    5.35
  71885.195   317.616     4.27    3.89
  72171.386   318.126     1.78    3.51
  72457.583   318.209     0.29    3.05
  72743.786   317.972    -0.83    3.28
  73029.994   318.237     0.93    3.47
  73316.209   318.562     1.13    3.80
  73602.430   318.727     0.58    3.98
  73888.657   318.977     0.87    3.92
  74174.889   319.107     0.45    3.61
  74461.128   319.699     2.07    3.77
  74747.372   321.084     4.84    4.87
  75033.623   323.713     9.18    6.69
  75319.879   327.081    11.77    7.76
  75606.142   330.874    13.25    7.78
  75892.410   334.191    11.59    6.84
  76178.684   337.655    12.10    6.14
  76464.965   341.563    13.65    7.50
  76751.251   348.156    23.03   16.64
  77037.543   360.670    43.71   28.78
  77323.841   373.943    46.36   33.92
  77610.145   384.958    38.47   32.82
  77896.455   391.550    23.02   30.15
  78182.771   391.044    -1.77   28.82
  78469.093   387.104   -13.76   31.15
  78755.421   374.502   -44.01   30.53
  79041.755   361.209   -46.42   22.82
  79328.095   352.195   -31.48   13.11
  79614.441   347.513   -16.35    6.10
  79900.793   345.396    -7.39    5.90
  80187.151   343.377    -7.05    6.84
  80473.514   340.811    -8.96    7.92
  80759.884   337.793   -10.54    8.88
  81046.260   333.408   -15.31    9.43
  81332.641   328.733   -16.32    9.35
  81619.029   324.370   -15.24    9.48
  81905.423   319.411   -17.32   10.12
  82191.822   314.447   -17.33   10.05
  82478.228   310.199   -14.83    9.42
  82764.639   305.642   -15.91    8.16
  83051.057   302.024   -12.63    6.73
  83337.480   299.285    -9.56    5.35
  83623.909   297.607    -5.86    3.91
  83910.345   296.979    -2.19    3.04
  84196.786   297.931     3.33    4.16
  84483.234   300.491     8.94    6.74
  84769.687   304.231    13.05    8.80
  85056.146   308.734    15.72    9.95
  85342.611   312.526    13.24    9.56
  85629.083   315.826    11.52    8.90
  85915.560   318.861    10.60    7.57
