-161631.199    36.694     0.00    7.04
-161343.698    38.824     7.41    6.87
-161056.214    41.015     7.62    6.05
-160768.747    42.900     6.56    6.01
-160481.298    43.396     1.73    6.36
-160193.867    42.939    -1.59    7.22
-159906.453    41.452    -5.17    8.20
-159619.057    40.108    -4.68    8.82
-159331.678    38.537    -5.47    8.97
-159044.317    36.412    -7.40    8.64
-158756.973    34.558    -6.45    8.02
-158469.647    32.778    -6.20    7.56
-158182.339    30.120    -9.25    7.89
-157895.048    28.356    -6.14    7.55
-157607.774    27.563    -2.76    6.94
-157320.519    27.126    -1.52    6.55
-157033.280    26.716    -1.43    6.61
-156746.059    26.698    -0.06    5.91
-156458.856    26.844     0.51    5.22
-156171.670    26.791    -0.19    4.54
-155884.502    26.405    -1.34    4.05
-155597.351    27.131     2.53    4.60
-155310.218    28.757     5.66    5.38
-155023.102    31.202     8.52    6.15
-154736.004    33.531     8.11    6.25
-154448.923    35.795     7.89    5.92
-154161.860    37.908     7.36    4.63
-153874.814    39.144     4.30    3.06
-153587.786    39.209     0.23    2.93
-153300.775    38.245    -3.36    3.89
-153013.782    36.716    -5.33    4.96
-152726.806    34.783    -6.74    5.63
-152439.848    32.977    -6.29    5.49
-152152.907    31.607    -4.78    5.02
-151865.984    30.486    -3.91    5.03
-151579.078    30.012    -1.65    5.43
-151292.189    29.179    -2.91    6.47
-151005.318    28.332    -2.95    7.27
-150718.465    27.104    -4.28    7.88
-150431.628    24.663    -8.51    8.94
-150144.810    22.365    -8.01    9.36
-149858.008    22.404     0.13    9.38
-149571.225    22.340    -0.22    9.20
-149284.458    23.611     4.43    8.61
-148997.709    24.864     4.37    8.44
-148710.978    26.570     5.95    8.18
-148424.263    29.026     8.57    7.91
-148137.567    31.602     8.99    7.66
-147850.887    33.415     6.32    7.71
-147564.225    35.357     6.77    7.26
-147277.581    36.920     5.45    6.97
-146990.954    38.480     5.44    6.97
-146704.344    40.063     5.52    6.35
-146417.752    41.540     5.16    5.57
-146131.177    42.640     3.84    4.53
-145844.619    43.515     3.05    3.77
-145558.079    44.429     3.19    1.32
-145271.556    44.613     0.64    1.09
-144985.051    44.714     0.35    1.14
-144698.563    44.708    -0.02    1.24
-144412.092    44.563    -0.51    1.31
-144125.638    44.033    -1.85    1.55
-143839.203    43.332    -2.45    1.90
-143552.784    42.422    -3.18    2.10
-143266.383    41.563    -3.00    2.23
-142979.999    40.930    -2.21    2.17
-142693.632    40.762    -0.59    2.12
-142407.283    40.769     0.03    2.09
-142120.951    40.940     0.60    1.92
-141834.636    41.292     1.23    1.64
-141548.339    41.364     0.25    1.35
-141262.059    41.026    -1.18    1.61
-140975.796    40.187    -2.93    2.10
-140689.551    39.388    -2.79    2.27
-140403.323    38.607    -2.73    2.60
-140117.112    37.721    -3.09    2.94
-139830.919    36.623    -3.84    3.52
-139544.743    35.224    -4.89    3.99
-139258.584    33.924    -4.54    4.40
-138972.443    32.004    -6.71    5.00
-138686.318    29.299    -9.45    8.09
-138400.211    24.634   -16.31   11.92
-138114.122    20.189   -15.54   13.98
-137828.049    17.084   -10.85   14.55
-137541.994    17.108     0.09   14.55
-137255.957    18.398     4.51   14.91
-136969.936    20.921     8.82   15.09
-136683.933    23.404     8.68   14.72
-136397.947    26.828    11.97   12.83
-136111.978    30.929    14.34    8.39
-135826.026    32.604     5.86    5.49
-135540.092    33.062     1.60    4.79
-135254.175    33.396     1.17    4.23
-134968.275    33.801     1.41    4.25
-134682.393    34.532     2.56    4.22
-134396.527    35.774     4.34    3.95
-134110.679    36.937     4.07    3.29
-133824.848    38.051     3.90    2.64
-133539.035    38.948     3.14    2.28
-133253.238    39.717     2.69    1.99
-132967.459    40.273     1.95    1.98
-132681.697    40.868     2.08    2.03
-132395.952    41.489     2.17    2.09
-132110.225    42.058     1.99    2.20
-131824.514    42.656     2.09    2.52
-131538.821    43.348     2.43    2.81
-131253.145    43.929     2.03    2.90
-130967.487    44.556     2.20    2.91
-130681.845    44.757     0.70    2.63
-130396.220    44.884     0.45    2.45
-130110.613    44.729    -0.54    2.13
-129825.023    44.275    -1.59    1.81
-129539.450    43.674    -2.10    1.94
-129253.894    42.873    -2.81    2.01
-128968.356    41.993    -3.08    2.06
-128682.834    41.396    -2.09    2.05
-128397.330    40.965    -1.51    1.86
-128111.843    40.537    -1.50    1.81
-127826.373    40.172    -1.28    1.83
-127540.920    39.687    -1.70    2.15
-127255.485    38.495    -4.18    3.03
-126970.066    37.033    -5.12    3.87
-126684.665    35.447    -5.56    3.79
-126399.280    34.531    -3.21    3.20
-126113.913    34.090    -1.54    2.80
-125828.563    34.734     2.25    3.44
-125543.230    35.980     4.37    4.38
-125257.915    37.631     5.78    4.63
-124972.616    39.580     6.83    4.14
-124687.334    40.999     4.97    3.09
-124402.070    41.828     2.91    2.14
-124116.822    42.031     0.71    1.47
-123831.592    41.764    -0.94    1.60
-123546.379    40.982    -2.74    2.25
-123261.183    40.092    -3.12    2.45
-122976.004    39.508    -2.05    2.32
-122690.842    39.266    -0.85    2.21
-122405.697    39.500     0.82    2.26
-122120.569    40.074     2.01    2.36
-121835.459    40.865     2.77    2.18
-121550.365    41.518     2.29    1.60
-121265.288    41.615     0.34    1.57
-120980.229    40.758    -3.00    2.89
-120695.187    39.251    -5.29    4.28
-120410.161    37.381    -6.56    5.04
-120125.153    35.873    -5.29    5.04
-119840.161    31.467   -15.46    9.60
-119555.187    25.315   -21.59   15.95
-119270.230    17.572   -27.18   20.14
-118985.290    10.769   -23.87   21.26
-118700.367     3.373   -25.96   20.82
-118415.461    -2.017   -18.92   18.91
-118130.571    -6.135   -14.46   16.38
-117845.699    -9.700   -12.51   13.39
-117560.844   -10.228    -1.85   13.43
-117276.006   -10.996    -2.70   12.97
-116991.185   -11.760    -2.68   12.02
-116706.381   -10.532     4.31   13.93
-116421.594   -10.305     0.80   14.07
-116135.728    -9.635     2.34   14.97
-115847.159    -8.747     3.08   15.04
-115558.608    -7.956     2.74   15.71
-115270.075    -8.020    -0.22   15.25
-114981.561    -6.724     4.50   16.31
-114693.065    -6.224     1.73   16.82
-114404.588    -6.710    -1.69   16.14
-114116.128    -4.668     7.08   17.57
-113827.687    -4.180     1.69   18.28
-113539.265    -4.766    -2.03   18.33
-113250.860    -4.006     2.64   18.44
-112962.474    -3.628     1.31   18.21
-112674.106    -2.974     2.27   18.20
-112385.756    -0.879     7.26   19.70
-112097.424     3.556    15.38   21.77
-111809.111     8.607    17.52   22.92
-111520.816    15.381    23.50   21.97
-111232.539    22.039    23.10   19.64
-110944.281    28.649    22.93   15.50
-110656.040    34.235    19.38   10.90
-110367.818    38.237    13.89    7.55
-110079.614    40.745     8.70    5.71
-109791.428    42.545     6.25    4.90
-109503.261    44.245     5.90    3.63
-109215.111    45.588     4.66    2.86
-108926.980    46.792     4.18    2.69
-108638.867    47.729     3.25    2.51
-108350.772    48.615     3.07    2.23
-108062.696    49.173     1.94    1.93
-107774.637    49.848     2.34    2.83
-107486.597    50.617     2.67    3.17
-107198.575    51.225     2.11    3.47
-106910.571    52.023     2.77    3.45
-106622.585    53.023     3.47    3.27
-106334.618    53.735     2.47    2.76
-106046.669    54.308     1.99    2.28
-105758.737    54.742     1.51    2.09
-105470.824    54.998     0.89    2.12
-105182.929    54.983    -0.05    2.15
-104895.052    54.737    -0.86    2.36
-104607.194    54.423    -1.09    2.43
-104319.353    54.396    -0.10    2.45
-104031.531    54.504     0.38    2.43
-103743.726    54.521     0.06    2.39
-103455.940    54.808     1.00    2.28
-103168.172    55.365     1.93    1.98
-102880.422    55.968     2.10    1.41
-102592.690    56.285     1.10    0.84
-102304.977    56.511     0.79    0.47
-102017.281    56.539     0.10    0.41
-101729.603    56.610     0.25    0.46
-101441.944    56.687     0.27    0.49
-101154.303    56.737     0.17    0.55
-100866.679    56.877     0.49    0.55
-100579.074    56.942     0.23    0.73
-100291.487    56.530    -1.43    1.77
-100003.918    55.579    -3.31    2.76
 -99716.367    54.558    -3.55    3.21
 -99428.834    53.947    -2.13    3.31
 -99141.319    53.446    -1.74    3.17
 -98853.822    53.219    -0.79    3.01
 -98566.343    53.584     1.27    3.15
 -98278.883    54.540     3.33    3.02
 -97991.440    55.526     3.43    2.52
 -97704.015    56.045     1.81    1.63
 -97416.609    56.034    -0.04    1.34
 -97129.220    55.969    -0.22    1.26
 -96841.850    55.582    -1.35    1.31
 -96554.497    55.116    -1.62    1.45
 -96267.163    54.628    -1.70    1.68
 -95979.846    54.217    -1.43    1.85
 -95692.548    53.945    -0.95    1.86
 -95405.267    53.692    -0.88    1.73
 -95118.005    53.662    -0.10    1.51
 -94830.760    53.824     0.56    1.57
 -94543.534    54.284     1.60    1.79
 -94256.325    54.823     1.88    1.83
 -93969.135    55.461     2.22    1.96
 -93681.962    55.772     1.08    1.71
 -93394.808    55.906     0.46    1.68
 -93107.671    55.926     0.07    1.70
 -92820.553    55.716    -0.73    1.69
 -92533.452    55.442    -0.96    1.19
 -92246.369    55.548     0.37    1.22
 -91959.305    55.747     0.69    1.23
 -91672.258    55.914     0.58    1.26
 -91385.229    55.994     0.28    1.29
 -91098.218    55.975    -0.06    1.24
 -90811.225    55.815    -0.56    1.24
 -90524.250    55.641    -0.61    1.38
 -90237.293    55.251    -1.36    1.71
 -89950.354    54.514    -2.57    2.01
 -89663.433    53.679    -2.91    2.04
 -89376.530    52.944    -2.56    1.79
 -89089.644    52.381    -1.96    1.68
 -88802.777    51.803    -2.02    1.46
 -88515.927    51.218    -2.04    1.06
 -88229.096    50.907    -1.09    0.78
 -87942.282    50.799    -0.37    0.69
 -87655.486    50.920     0.42    0.87
 -87368.708    50.968     0.17    0.97
 -87081.948    51.067     0.35    1.04
 -86795.206    50.860    -0.72    1.28
 -86508.482    50.332    -1.84    1.99
 -86221.776    49.243    -3.80    2.68
 -85935.087    48.195    -3.65    2.66
 -85648.417    47.540    -2.29    2.29
 -85361.764    47.144    -1.38    2.16
 -85075.129    47.300     0.55    2.28
 -84788.512    47.886     2.04    2.67
 -84501.913    48.299     1.44    3.42
 -84215.331    46.324    -6.89    8.46
 -83928.768    38.134   -28.58   20.49
 -83642.222    28.693   -32.95   25.80
 -83355.694    19.261   -32.92   26.37
 -83069.185    11.857   -25.84   23.16
 -82782.692     5.783   -21.20   17.37
 -82496.218     2.220   -12.44   10.02
 -82209.762     3.315     3.82    7.60
 -81923.323     6.909    12.55    5.67
 -81636.902     9.412     8.74    3.01
 -81350.499    11.057     5.74    3.25
 -81064.114    12.565     5.27    3.78
 -80777.747    14.511     6.80    4.08
 -80491.397    16.273     6.15    3.81
 -80205.065    17.800     5.33    3.20
 -79918.751    18.924     3.93    2.43
 -79632.455    19.765     2.94    1.81
 -79346.176    20.324     1.95    1.64
 -79059.916    20.706     1.34    1.77
 -78773.673    20.998     1.02    1.84
 -78487.448    21.236     0.83    1.74
 -78201.240    21.396     0.56    1.55
 -77915.051    21.448     0.18    1.31
 -77628.879    21.466     0.06    1.03
 -77342.725    21.660     0.68    1.05
 -77056.589    21.882     0.77    1.29
 -76770.470    22.365     1.69    1.56
 -76484.369    22.964     2.10    1.75
 -76198.286    23.790     2.89    1.89
 -75912.221    24.836     3.66    2.04
 -75626.173    25.916     3.78    2.48
 -75340.143    27.119     4.20    3.01
 -75054.131    28.242     3.93    3.26
 -74768.137    29.381     3.98    3.29
 -74482.160    30.685     4.56    3.30
 -74196.201    31.824     3.98    3.30
 -73910.260    32.980     4.04    3.33
 -73624.336    33.960     3.43    3.47
 -73338.430    34.910     3.32    3.47
 -73052.542    35.893     3.44    3.30
 -72766.672    37.158     4.43    3.00
 -72480.819    37.799     2.24    2.99
 -72194.984    37.999     0.70    3.44
 -71909.166    38.122     0.43    3.48
 -71623.366    37.088    -3.62    5.55
 -71337.584    36.471    -2.16    6.60
 -71051.820    35.886    -2.05    7.12
 -70766.073    34.611    -4.46    7.85
 -70480.344    33.420    -4.17    8.22
 -70194.633    32.065    -4.74    8.51
 -69908.939    30.487    -5.53    8.40
 -69623.263    29.714    -2.70    8.09
 -69337.604    28.935    -2.73    7.53
 -69051.964    29.210     0.96    7.66
 -68766.341    29.920     2.48    8.46
 -68480.735    30.765     2.96    9.36
 -68195.147    33.235     8.65   10.10
 -67909.577    35.324     7.32   10.18
 -67624.024    37.712     8.36   10.01
 -67338.489    39.736     7.09    9.93
 -67052.972    41.729     6.98    9.56
 -66767.472    43.815     7.31    8.34
 -66481.990    45.438     5.68    7.79
 -66196.525    47.070     5.72    6.77
 -65911.078    48.786     6.01    4.90
 -65625.649    49.736     3.33    4.38
 -65340.237    50.769     3.62    3.69
 -65054.843    51.448     2.38    3.13
 -64769.466    51.848     1.40    2.94
 -64484.107    51.576    -0.95    3.12
 -64198.766    50.935    -2.25    3.53
 -63913.442    49.913    -3.58    3.59
 -63628.135    49.195    -2.52    3.22
 -63342.847    48.621    -2.01    2.54
 -63057.576    48.194    -1.50    1.98
 -62772.322    48.211     0.06    1.54
 -62487.086    48.480     0.94    1.31
 -62201.867    48.760     0.98    1.10
 -61916.666    48.865     0.37    0.99
 -61631.483    48.803    -0.22    0.93
 -61346.317    48.657    -0.51    1.00
 -61061.169    48.381    -0.97    1.03
 -60776.038    48.142    -0.84    1.01
 -60490.925    47.892    -0.87    0.99
 -60205.829    47.615    -0.97    0.99
 -59920.751    47.431    -0.64    0.93
 -59635.690    47.308    -0.43    0.91
 -59350.647    47.381     0.26    0.96
 -59065.621    47.555     0.61    1.21
 -58780.613    47.920     1.28    1.50
 -58495.622    48.236     1.11    1.71
 -58210.649    48.623     1.36    1.81
 -57925.693    48.910     1.01    1.97
 -57640.755    49.365     1.60    2.47
 -57355.834    49.621     0.90    2.77
 -57070.931    49.658     0.13    3.06
 -56786.045    50.004     1.22    3.68
 -56501.177    50.382     1.33    4.46
 -56216.326    51.088     2.48    4.82
 -55931.493    51.968     3.09    5.02
 -55646.677    52.657     2.42    5.06
 -55361.878    53.252     2.09    5.11
 -55077.098    54.026     2.72    5.16
 -54792.334    54.307     0.99    4.89
 -54507.588    54.113    -0.68    4.65
 -54221.331    54.256     0.50    4.55
 -53932.707    54.274     0.06    4.64
 -53644.103    53.031    -4.31    6.75
 -53355.517    51.453    -5.47    8.90
 -53066.950    48.853    -9.01   11.31
 -52778.401    46.447    -8.34   12.45
 -52489.871    43.914    -8.78   12.64
 -52201.360    42.001    -6.63   12.10
 -51912.868    40.004    -6.92   10.56
 -51624.394    38.253    -6.07    8.67
 -51335.940    38.517     0.91    7.91
 -51047.503    39.995     5.13    8.08
 -50759.086    40.639     2.23    8.84
 -50470.687    41.315     2.34    9.13
 -50182.307    42.065     2.60    9.28
 -49893.946    42.372     1.07    9.55
 -49605.603    43.082     2.46    9.75
 -49317.279    43.877     2.76   10.18
 -49028.974    44.153     0.96   10.23
 -48740.688    44.365     0.73   10.41
 -48452.420    44.142    -0.77   10.69
 -48164.170    43.768    -1.30   11.20
 -47875.940    43.206    -1.95   11.34
 -47587.728    42.223    -3.41   11.93
 -47299.535    41.682    -1.88   12.04
 -47011.360    41.600    -0.28   12.42
 -46723.204    41.458    -0.50   12.68
 -46435.067    40.623    -2.90   12.67
 -46146.948    41.499     3.04   12.91
 -45858.848    42.292     2.75   12.97
 -45570.767    43.142     2.95   12.79
 -45282.704    44.283     3.96   12.45
 -44994.660    45.625     4.66   11.47
 -44706.635    46.638     3.52    9.99
 -44418.628    48.147     5.24    8.02
 -44130.639    48.682     1.86    6.56
 -43842.670    49.840     4.02    4.54
 -43554.719    49.980     0.48    4.57
 -43266.786    50.373     1.37    4.40
 -42978.872    50.962     2.05    4.00
 -42690.977    51.740     2.70    2.97
 -42403.100    51.974     0.81    2.49
 -42115.242    51.596    -1.31    3.15
 -41827.403    50.632    -3.35    4.46
 -41539.582    49.791    -2.92    5.18
 -41251.779    49.629    -0.56    5.63
 -40963.995    49.464    -0.57    6.18
 -40676.230    49.671     0.72    6.47
 -40388.483    50.074     1.40    6.68
 -40100.755    50.557     1.68    6.67
 -39813.046    50.791     0.81    6.85
 -39525.354    51.258     1.62    6.84
 -39237.682    51.613     1.23    6.76
 -38950.028    51.690     0.27    6.65
 -38662.392    52.064     1.30    6.45
 -38374.776    52.632     1.97    6.04
 -38087.177    52.657     0.09    5.76
 -37799.597    53.137     1.67    5.37
 -37512.036    53.596     1.60    5.05
 -37224.493    53.532    -0.22    4.67
 -36936.969    53.372    -0.55    4.52
 -36649.463    52.953    -1.46    4.19
 -36361.975    52.517    -1.52    3.85
 -36074.506    51.848    -2.32    4.08
 -35787.056    51.145    -2.45    4.16
 -35499.624    50.563    -2.02    3.85
 -35212.211    49.758    -2.80    4.29
 -34924.816    49.237    -1.81    4.47
 -34637.439    48.735    -1.75    4.32
 -34350.081    47.632    -3.84    5.06
 -34062.742    46.477    -4.02    5.72
 -33775.421    45.959    -1.81    5.74
 -33488.118    44.861    -3.82    6.09
 -33200.834    44.172    -2.40    6.17
 -32913.568    43.666    -1.76    6.17
 -32626.321    43.029    -2.22    6.36
 -32339.092    42.454    -2.00    6.60
 -32051.882    41.988    -1.62    6.74
 -31764.690    41.148    -2.92    6.76
 -31477.516    40.233    -3.19    6.77
 -31190.361    39.002    -4.29    6.36
 -30903.224    37.771    -4.29    5.16
 -30616.106    37.195    -2.00    4.44
 -30329.006    36.808    -1.35    3.73
 -30041.924    36.977     0.59    3.53
 -29754.861    37.130     0.53    3.40
 -29467.817    37.422     1.02    3.40
 -29180.790    37.693     0.95    3.36
 -28893.782    37.586    -0.37    4.17
 -28606.793    37.534    -0.18    4.77
 -28319.822    37.811     0.97    5.16
 -28032.869    38.023     0.74    5.63
 -27745.935    38.365     1.19    5.74
 -27459.018    38.717     1.23    5.64
 -27172.121    38.598    -0.41    5.37
 -26885.242    38.195    -1.41    5.55
 -26598.381    38.050    -0.51    5.57
 -26311.538    37.902    -0.52    5.25
 -26024.714    37.332    -1.99    5.47
 -25737.908    36.775    -1.94    5.73
 -25451.120    36.530    -0.85    5.72
 -25164.351    35.857    -2.35    5.67
 -24877.600    35.404    -1.58    5.56
 -24590.867    34.668    -2.57    5.05
 -24304.153    33.206    -5.10    4.67
 -24017.457    32.389    -2.85    4.84
 -23730.780    31.613    -2.70    4.52
 -23444.120    30.214    -4.88    4.78
 -23157.479    29.140    -3.75    5.21
 -22870.857    28.129    -3.53    5.29
 -22584.252    27.491    -2.22    5.29
 -22297.666    27.186    -1.07    5.30
 -22011.098    26.971    -0.75    5.03
 -21724.549    26.607    -1.27    4.76
 -21438.017    26.381    -0.79    5.04
 -21151.504    25.994    -1.35    5.57
 -20865.010    25.605    -1.36    5.83
 -20578.533    24.800    -2.81    6.29
 -20292.075    23.679    -3.91    6.27
 -20005.635    22.629    -3.66    5.67
 -19719.213    21.567    -3.71    5.38
 -19432.810    20.783    -2.74    4.84
 -19146.425    19.865    -3.20    3.98
 -18860.058    18.690    -4.10    3.36
 -18573.709    17.980    -2.48    3.15
 -18287.379    17.180    -2.79    2.69
 -18001.067    16.223    -3.34    2.44
 -17714.773    15.627    -2.08    2.65
 -17428.497    15.057    -1.99    2.71
 -17142.239    14.448    -2.13    2.78
 -16856.000    13.824    -2.18    3.20
 -16569.779    13.082    -2.59    3.30
 -16283.576    12.434    -2.27    3.29
 -15997.391    11.755    -2.37    3.50
 -15711.225    11.117    -2.23    3.21
 -15425.076    10.673    -1.55    2.99
 -15138.946    10.094    -2.02    2.90
 -14852.834     9.511    -2.04    2.79
 -14566.740     8.750    -2.66    2.60
 -14280.665     7.922    -2.89    2.51
 -13994.607     7.155    -2.68    2.44
 -13708.568     6.265    -3.11    2.18
 -13422.547     5.306    -3.35    1.77
 -13136.544     4.771    -1.87    1.49
 -12850.559     4.206    -1.98    1.29
 -12564.593     3.811    -1.38    1.11
 -12278.644     3.657    -0.54    1.00
 -11992.714     3.497    -0.56    1.07
 -11706.802     3.298    -0.70    1.30
 -11420.908     3.152    -0.51    1.46
 -11135.032     2.987    -0.58    1.58
 -10849.174     2.985    -0.01    1.59
 -10563.335     2.991     0.02    1.61
 -10277.513     3.031     0.14    1.54
  -9991.710     3.107     0.26    1.42
  -9705.924     3.283     0.62    1.25
  -9420.157     3.488     0.72    1.10
  -9134.408     3.782     1.03    1.00
  -8848.677     4.040     0.90    0.94
  -8562.964     4.185     0.51    0.98
  -8277.270     4.365     0.63    0.80
  -7991.593     4.439     0.26    0.66
  -7705.934     4.508     0.24    0.53
  -7420.294     4.525     0.06    0.40
  -7134.671     4.573     0.17    0.46
  -6849.067     4.771     0.69    0.80
  -6563.481     5.032     0.91    1.12
  -6277.912     5.374     1.20    1.36
  -5992.362     5.644     0.95    1.40
  -5706.830     5.968     1.13    1.35
  -5421.316     6.122     0.54    1.45
  -5135.820     5.844    -0.97    1.88
  -4850.342     5.398    -1.56    2.09
  -4564.882     4.979    -1.47    2.10
  -4279.440     4.638    -1.19    2.00
  -3994.016     4.332    -1.07    1.77
  -3708.610     4.170    -0.57    1.47
  -3423.223     4.147    -0.08    1.07
  -3137.853     4.195     0.17    0.60
  -2852.501     4.348     0.54    0.00
  -2567.167     4.348     0.00    0.00
  -2281.852     4.357     0.03    0.09
  -1996.554     4.374     0.06    0.16
  -1711.274     4.307    -0.23    0.81
  -1426.012     3.897    -1.44    1.59
  -1140.768     3.495    -1.41    2.00
   -855.543     2.791    -2.47    2.45
   -570.335     2.107    -2.40    2.61
   -285.145     1.407    -2.45    2.57
      0.027     0.687    -2.52    2.21
    285.181     0.446    -0.85    1.89
    570.317     0.080    -1.29    1.31
    855.435     0.273     0.68    1.13
   1140.534     0.649     1.32    1.30
   1425.617     0.970     1.13    1.32
   1710.681     1.550     2.03    1.44
   1995.727     2.056     1.77    1.99
   2280.755     2.609     1.94    2.45
   2565.765     3.264     2.30    3.01
   2850.757     3.985     2.53    3.50
   3135.732     4.832     2.97    3.60
   3420.688     5.728     3.14    3.60
   3705.627     6.884     4.06    4.12
   3990.547     8.161     4.48    4.51
   4275.450     9.671     5.30    4.89
   4560.335    11.406     6.09    5.14
   4845.202    13.406     7.02    4.79
   5130.051    15.307     6.67    3.99
   5414.882    16.758     5.09    3.43
   5699.695    17.684     3.25    3.13
   5984.490    18.728     3.66    2.79
   6269.267    19.840     3.91    3.17
   6554.027    21.283     5.07    3.79
   6838.769    22.668     4.86    4.09
   7123.492    24.584     6.73    4.94
   7408.198    26.488     6.69    5.57
   7694.886    28.164     5.85    5.50
   7983.555    30.474     8.01    5.84
   8272.206    32.212     6.02    6.36
   8560.837    34.161     6.75    6.54
   8849.449    36.137     6.84    6.44
   9138.042    37.982     6.39    6.85
   9426.615    40.101     7.34    6.80
   9715.170    42.196     7.26    6.27
  10003.705    44.916     9.43    5.56
  10292.221    46.861     6.74    5.34
  10580.718    48.977     7.33    4.56
  10869.196    51.124     7.45    4.02
  11157.654    53.018     6.56    4.39
  11446.094    55.070     7.11    4.85
  11734.514    57.134     7.16    5.19
  12022.916    59.777     9.17    6.34
  12311.298    62.413     9.14    7.36
  12599.661    64.533     7.35    7.27
  12888.005    67.382     9.88    7.90
  13176.329    69.556     7.54    8.59
  13464.635    71.792     7.75    8.74
  13752.922    73.696     6.60    9.07
  14041.189    76.070     8.23   10.99
  14329.438    78.067     6.93   12.26
  14617.667    79.704     5.68   12.56
  14905.877    83.425    12.91   13.14
  15194.068    86.365    10.20   13.65
  15482.240    89.832    12.03   13.88
  15770.393    94.047    14.63   13.39
  16058.527    98.034    13.84   13.13
  16346.642   102.267    14.69   12.05
  16634.738   106.223    13.73   10.43
  16922.814   109.273    10.59    8.56
  17210.872   110.985     5.94    7.10
  17498.911   113.043     7.15    4.37
  17786.930   114.715     5.80    2.24
  18074.931   115.268     1.92    2.50
  18362.912   116.115     2.94    2.79
  18650.875   117.098     3.42    3.02
  18938.818   118.414     4.57    3.00
  19226.743   119.853     5.00    2.63
  19514.648   120.878     3.56    2.16
  19802.535   121.921     3.62    1.86
  20090.402   122.668     2.59    1.82
  20378.251   123.381     2.48    1.75
  20666.080   123.995     2.13    1.68
  20953.890   124.558     1.95    1.71
  21241.682   124.921     1.26    1.64
  21529.454   125.391     1.63    1.41
  21817.208   125.720     1.15    1.32
  22104.942   125.897     0.61    1.28
  22392.658   126.012     0.40    1.18
  22680.354   126.196     0.64    1.12
  22968.032   126.258     0.21    1.07
  23255.691   126.398     0.49    0.93
  23543.330   126.529     0.46    0.72
  23830.951   126.598     0.24    0.68
  24118.553   126.676     0.27    0.59
  24406.136   126.701     0.09    0.56
  24693.700   126.603    -0.34    0.68
  24981.245   126.282    -1.11    1.05
  25268.771   125.911    -1.29    1.32
  25556.278   125.575    -1.17    1.36
  25843.766   125.340    -0.82    1.25
  26131.235   125.251    -0.31    1.24
  26418.686   125.443     0.67    1.31
  26706.117   125.869     1.48    1.43
  26993.530   126.479     2.12    1.38
  27280.923   127.137     2.29    1.44
  27568.298   127.882     2.60    1.18
  27855.654   128.432     1.91    1.00
  28142.991   128.743     1.08    0.94
  28430.309   128.869     0.44    0.97
  28717.609   128.881     0.04    1.13
  29004.889   128.695    -0.65    1.31
  29292.151   128.374    -1.12    1.44
  29579.393   127.935    -1.53    1.42
  29866.617   127.470    -1.62    1.25
  30153.822   127.049    -1.47    1.10
  30441.008   126.519    -1.85    1.14
  30728.175   125.979    -1.88    1.15
  31015.324   125.548    -1.50    1.13
  31302.453   125.132    -1.45    1.13
  31589.564   124.881    -0.87    1.12
  31876.656   124.676    -0.71    1.13
  32163.729   124.478    -0.69    1.12
  32450.783   124.474    -0.01    1.16
  32737.819   124.405    -0.24    1.19
  33024.836   124.340    -0.23    1.19
  33311.834   124.348     0.03    1.22
  33598.813   124.373     0.09    1.25
  33885.773   124.515     0.49    1.27
  34172.714   124.707     0.67    1.25
  34459.637   124.935     0.80    1.24
  34746.541   125.124     0.66    1.20
  35033.426   125.289     0.57    1.05
  35320.292   125.532     0.85    0.93
  35607.140   125.660     0.45    0.92
  35893.969   125.803     0.50    0.83
  36180.779   125.979     0.61    0.78
  36467.570   126.076     0.34    0.80
  36754.343   126.257     0.63    0.82
  37041.096   126.307     0.17    0.86
  37327.831   126.357     0.17    0.97
  37614.548   126.357    -0.00    1.00
  37901.245   126.315    -0.15    0.99
  38187.924   126.532     0.76    1.21
  38474.584   126.853     1.12    1.57
  38761.226   127.315     1.61    1.98
  39047.848   127.979     2.31    2.27
  39334.452   128.732     2.63    2.52
  39621.037   129.690     3.34    2.57
  39907.604   130.493     2.80    2.41
  40194.152   131.191     2.44    2.29
  40480.681   131.881     2.41    2.15
  40767.191   132.565     2.39    1.91
  41053.683   133.450     3.09    1.96
  41340.156   134.446     3.48    2.60
  41626.611   135.529     3.78    3.00
  41913.046   136.757     4.29    3.00
  42199.463   137.948     4.16    2.93
  42485.862   139.175     4.28    2.42
  42772.241   140.113     3.28    1.59
  43058.602   140.665     1.93    1.04
  43344.945   140.901     0.82    0.99
  43631.269   141.105     0.71    1.10
  43917.574   141.637     1.86    1.19
  44203.860   142.172     1.87    1.54
  44490.128   142.960     2.75    1.56
  44776.377   143.698     2.58    1.54
  45062.608   144.381     2.39    1.56
  45348.820   145.040     2.30    1.53
  45635.013   145.679     2.23    1.50
  45921.187   146.315     2.22    1.68
  46207.344   146.901     2.05    1.86
  46493.481   147.348     1.56    1.93
  46779.600   148.096     2.61    1.95
  47065.700   148.660     1.97    1.93
  47351.782   149.127     1.63    1.78
  47637.845   149.538     1.44    1.67
  47923.889   149.729     0.67    1.64
  48209.915   150.018     1.01    1.47
  48495.923   150.298     0.98    1.36
  48781.911   150.634     1.18    1.43
  49067.882   150.982     1.22    1.45
  49353.833   151.255     0.96    1.43
  49639.766   151.586     1.16    1.40
  49925.681   151.804     0.76    1.54
  50211.577   152.090     1.00    1.58
  50497.454   152.504     1.45    1.63
  50783.313   152.953     1.57    1.93
  51069.153   153.532     2.02    2.07
  51354.975   154.265     2.57    2.12
  51640.778   154.976     2.49    2.17
  51926.563   155.794     2.86    2.21
  52212.329   156.579     2.75    2.10
  52498.077   157.434     2.99    2.02
  52783.806   157.942     1.78    2.20
  53069.517   158.398     1.60    2.23
  53355.209   158.926     1.85    2.27
  53640.882   159.174     0.87    2.47
  53926.537   159.576     1.41    2.49
  54212.174   160.064     1.71    2.46
  54497.792   160.778     2.50    2.65
  54783.392   161.690     3.19    2.70
  55068.973   162.725     3.62    2.54
  55354.536   163.938     4.25    2.29
  55640.080   165.026     3.81    2.21
  55925.606   166.323     4.54    2.36
  56211.113   167.659     4.68    2.71
  56496.602   168.909     4.38    2.77
  56782.072   170.137     4.30    2.75
  57067.524   171.279     4.00    2.59
  57352.958   172.259     3.43    2.31
  57638.373   173.186     3.25    2.08
  57923.769   173.979     2.78    1.64
  58209.148   174.727     2.62    1.51
  58494.507   175.274     1.92    1.55
  58779.849   175.788     1.80    1.53
  59065.172   176.460     2.35    1.53
  59350.476   177.127     2.34    1.62
  59635.762   177.943     2.86    1.67
  59921.030   178.819     3.07    1.60
  60206.279   179.600     2.74    1.51
  60491.510   180.219     2.17    1.29
  60776.722   180.754     1.87    1.13
  61061.916   181.175     1.48    1.12
  61347.092   181.496     1.13    1.10
  61632.249   181.776     0.98    1.04
  61917.388   182.126     1.23    1.02
  62202.509   182.381     0.90    1.11
  62487.611   182.776     1.38    1.05
  62772.695   183.195     1.47    0.95
  63057.760   183.573     1.33    0.90
  63342.807   183.848     0.96    0.91
  63627.836   183.874     0.09    0.96
  63912.846   183.771    -0.36    1.20
  64197.838   183.555    -0.76    1.43
  64482.812   183.193    -1.27    1.54
  64767.767   182.952    -0.85    1.64
  65052.704   182.787    -0.58    1.68
  65337.623   182.745    -0.15    1.82
  65622.523   183.152     1.43    2.22
  65907.405   183.659     1.78    2.53
  66192.269   184.281     2.18    2.64
  66477.114   185.001     2.53    2.55
  66761.941   185.522     1.83    2.60
  67046.750   185.948     1.50    2.50
  67331.540   186.193     0.86    2.38
  67616.313   186.527     1.17    2.41
  67901.066   186.916     1.37    2.36
  68185.802   187.254     1.19    2.12
  68470.519   187.718     1.63    1.89
  68755.218   187.804     0.30    1.87
  69039.899   187.767    -0.13    1.85
  69324.561   187.605    -0.57    2.17
  69611.696   187.248    -1.24    2.29
  69900.414   186.968    -0.97    2.30
  70189.112   186.895    -0.25    2.23
  70477.790   187.088     0.67    2.14
  70766.449   187.405     1.10    2.22
  71055.088   187.977     1.98    2.07
  71343.708   188.624     2.24    1.96
  71632.308   189.007     1.33    2.00
  71920.888   189.163     0.54    2.16
  72209.449   189.092    -0.25    2.18
  72497.990   189.128     0.13    2.26
  72786.512   189.034    -0.32    2.13
  73075.014   189.088     0.19    1.96
  73363.497   189.298     0.73    1.73
  73651.960   189.668     1.28    1.72
  73940.403   190.182     1.78    1.72
  74228.827   190.750     1.97    1.55
  74517.232   191.374     2.16    1.44
  74805.617   191.828     1.57    1.46
  75093.982   192.307     1.66    1.44
  75382.328   192.805     1.73    1.29
  75670.654   193.340     1.85    1.10
  75958.961   193.627     1.00    0.98
  76247.249   193.915     1.00    0.71
  76535.516   194.098     0.64    0.53
  76823.765   194.065    -0.12    0.55
  77111.994   193.848    -0.75    0.72
  77400.203   193.528    -1.11    0.89
  77688.393   193.024    -1.75    1.25
  77976.563   192.407    -2.14    1.53
  78264.714   191.698    -2.46    1.73
  78552.846   190.933    -2.66    1.79
  78840.958   190.150    -2.72    1.88
  79129.050   189.422    -2.53    1.99
  79417.124   188.727    -2.41    1.96
  79705.177   187.892    -2.90    2.05
  79993.211   187.115    -2.70    2.19
  80281.226   186.479    -2.21    2.24
  80569.222   185.827    -2.26    2.19
  80857.197   184.916    -3.16    2.30
  81145.154   184.194    -2.51    2.39
  81433.091   183.433    -2.64    2.44
  81721.009   182.542    -3.10    2.57
  82008.907   181.532    -3.51    2.75
  82296.786   180.533    -3.47    2.78
  82584.645   179.536    -3.46    2.59
  82872.485   178.461    -3.74    2.46
  83160.306   177.580    -3.06    2.38
  83448.107   176.696    -3.07    2.22
  83735.889   175.857    -2.91    2.01
  84023.651   175.067    -2.74    1.95
  84311.394   174.234    -2.90    1.78
  84599.118   173.628    -2.10    1.62
  84886.822   172.844    -2.72    1.42
  85174.507   172.224    -2.15    1.38
  85462.173   171.596    -2.18    1.32
  85749.819   170.950    -2.25    1.32
  86037.446   170.289    -2.30    1.28
  86325.054   169.646    -2.23    1.37
  86612.642   169.032    -2.13    1.27
  86900.211   168.348    -2.38    1.19
  87187.760   167.740    -2.12    1.09
  87475.291   167.206    -1.86    0.99
  87762.801   166.721    -1.68    0.84
  88050.293   166.281    -1.53    0.74
  88337.765   166.004    -0.96    0.68
  88625.218   165.720    -0.99    0.59
  88912.652   165.469    -0.87    0.56
  89200.066   165.259    -0.73    0.54
  89487.461   165.056    -0.71    0.55
  89774.837   165.012    -0.15    0.61
  90062.194   164.784    -0.79    1.04
  90349.531   164.398    -1.34    1.64
  90636.849   163.911    -1.69    2.03
  90924.147   163.248    -2.31    2.38
  91211.427   162.525    -2.52    2.59
  91498.687   161.890    -2.21    2.68
  91785.928   161.098    -2.76    2.68
  92073.150   160.707    -1.36    2.76
  92360.352   160.596    -0.39    2.92
  92647.535   160.640     0.15    3.14
  92934.699   160.736     0.34    3.19
  93221.844   161.071     1.17    3.06
  93508.969   161.348     0.97    2.81
  93796.075   161.588     0.83    2.41
  94083.162   161.808     0.77    1.94
