# NaN NaN NaN ;Mean Elev.(m), Avg Gradient(m/km), RMS Gradient(m/km) - SRTM1     
#   10.699  -1.875   7.846 ;Mean Elev.(m), Avg Gradient(m/km), RMS Gradient(m/km) - ASTER GDEM
#   30.000  -1.877   6.685 ;Mean Elev.(m), Avg Gradient(m/km), RMS Gradient(m/km) - GMTED2010 
   2 230.890552  66.043988    75.458    74.894 10 54673.85151185 17.925
   3 230.891534  66.045297   -12.903   -13.070 11 54683.76715534 23.452
   4 230.894880  66.045966    77.240    76.586 10 54693.68279771 16.023
   5 230.892306  66.045451     2.690     2.683 11 54703.59843707  7.137
   6 230.887124  66.043526    72.961    77.470 10 54713.51408658 27.623
   7 230.882469  66.041709     8.065     6.556  8 54723.42973691 28.335
   8 230.883645  66.040903    72.920    70.430  9 54733.34538539 21.102
   9 230.887839  66.041738    73.590    71.917  9 54743.26103263 18.459
  10 230.891676  66.042601    72.873    72.107 10 54753.17667954 23.256
  11 230.885714  66.042603    74.217    76.192  9 54763.09232509 26.687
  12 230.887653  66.040860    74.986    74.406  9 54773.00796884 24.364
  13 230.883848  66.039656    74.532    73.041  9 54782.92360925 19.904
  14 230.883888  66.039834    74.134    72.994  9 54792.83924768 21.209
  15 230.881968  66.041734    74.989    73.391  8 54802.75488486 19.753
  16 230.889722  66.043071    77.060    77.362 11 54812.67052273 18.497
  17 230.886795  66.043618    76.549    74.887  9 54822.58616519 17.005
  18 230.892299  66.042623    76.456    75.831 10 54832.50180609 17.224
  19 230.891050  66.042490    76.469    75.845 10 54842.41745613 16.297
  20 230.888357  66.043653    76.293    75.175 10 54852.33310482 15.768
  21 230.894384  66.045091    77.102    76.917 11 54862.24875396 15.567
  22 230.892726  66.045878    77.278    76.987 10 54872.16440236 15.161
  23 230.890900  66.044694    76.531    76.514 11 54882.08004891 15.502
  24 230.883701  66.042300    75.593    73.994  8 54891.99569169 15.836
  25 230.884824  66.040033    75.102    73.300  9 54901.91133239 16.235
  26 230.883950  66.040147    75.385    73.244  9 54911.82697129 15.794
  27 230.887873  66.041669    76.971    76.834  9 54921.74260958 15.291
  28 230.891320  66.042891    76.317    75.503 10 54931.65824715 14.616
  29 230.884513  66.042635    75.726    73.982  8 54941.57388227 14.385
  30 230.884482  66.040857    72.767    69.669  9 54951.48951634 24.990
  31 230.880791  66.039442    74.155    69.295  7 54961.40515749 23.874
  32 230.884436  66.039795    74.102    70.122  9 54971.32080647 22.325
  33 230.883964  66.041636    75.486    71.958  9 54981.23645389 20.570
  34 230.885921  66.043304    79.327    79.762  9 54991.15210122 28.445
  35 230.889043  66.043433    76.298    75.596 10 55001.06774831 18.895
  36 230.884734  66.043231    75.512    74.449  9 55010.98339296 19.336
  37 230.885384  66.042788    73.546    73.154  9 55020.89903655 24.032
  38 230.889045  66.043522    74.357    78.362 10 55030.81467931 26.207
  39 230.890832  66.044835    76.138    75.972 11 55040.73032122 28.035
  40 230.893601  66.045605    76.077    74.761 11 55050.64596181 19.084
  41 230.890323  66.044676    77.481    76.378 10 55060.56159973 15.862
  42 230.883212  66.042402    74.750    70.193  8 55070.47724049 20.951
  43 230.883494  66.040030    73.987    70.414  9 55080.39288975 20.301
  44 230.884430  66.039708    72.701    69.100  9 55090.30853717 19.330
  45 230.882258  66.041383    73.562    70.719  8 55100.22418332 18.664
  46 230.886740  66.042950    74.507    71.439  9 55110.13982958 20.419
  47 230.884807  66.042855    69.974    67.122  9 55120.05547364 31.679
  48 230.884956  66.040853    69.868    68.631  9 55129.97111532 29.202
  49 230.884099  66.038961    68.461    67.241  9 55139.88675491 27.712
  50 230.883444  66.039296    70.673    68.094  8 55149.80239344 26.237
  51 230.884658  66.041559    73.764    71.549  9 55159.71803189 23.542
  52 230.888903  66.043650    76.349    75.499 10 55169.63367026 21.227
  53 230.891257  66.044319    76.483    75.772 10 55179.54930733 20.460
  54 230.887109  66.043600    76.263    74.744  9 55189.46495371 20.962
  55 230.885883  66.043175    76.384    74.489  9 55199.38060413 20.102
  56 230.890107  66.043584    76.230    75.517 10 55209.29625422 20.265
  57 230.891098  66.044699    77.250    75.993 10 55219.21190350 19.849
  58 230.893163  66.044622    76.546    76.252 10 55229.12755204 18.533
  59 230.887319  66.043561    75.657    75.152 10 55239.04319674 19.052
  60 230.887837  66.041259    75.216    73.715  9 55248.95883846 19.544
  61 230.884094  66.039796    75.638    73.963  8 55258.87447743 19.076
  62 230.882319  66.039947    75.141    72.890  9 55268.79011581 18.815
  63 230.884210  66.041323    75.210    73.197  8 55278.70575427 18.910
  64 230.886311  66.042387    75.565    73.676  9 55288.62139147 17.771
  65 230.884849  66.042435    75.295    73.738  9 55298.53702597 17.756
  66 230.882726  66.040949    72.239    70.141  8 55308.45266896 23.239
  67 230.884234  66.039513    74.005    70.010  9 55318.36831529 20.607
  68 230.884060  66.039692    72.895    70.083  9 55328.28396037 21.719
  69 230.883101  66.041507    73.725    69.327  9 55338.19960474 20.493
  70 230.892114  66.043044    74.914    77.204 10 55348.11524959 26.962
  71 230.888020  66.044031    73.807    75.550 10 55358.03089149 28.065
  72 230.886974  66.043896    74.671    73.432 10 55367.94653162 18.252
  73 230.889104  66.043493    75.531    77.358 10 55377.86217058 25.737
  74 230.890283  66.043753    76.895    75.133 10 55387.77780866 18.388
  75 230.888980  66.044387    73.540    73.552 10 55397.69344559 24.035
  76 230.888731  66.044282    74.333    76.450 10 55407.60908943 29.564
  77 230.887596  66.042969    74.422    71.349  9 55417.52474040 18.851
  78 230.883103  66.041161    74.187    71.471  9 55427.44038761 20.264
  79 230.882746  66.040076    71.998    68.463  9 55437.35603247 22.676
  80 230.884253  66.040315    72.720    70.132  8 55447.27167614 19.024
  81 230.883778  66.041374    74.043    70.412  9 55457.18731923 20.908
  82 230.883233  66.042202    75.186    72.206  8 55467.10296164 17.608
  83 230.884391  66.041814    73.998    77.797  8 55477.01860101 26.824
  84 230.883400  66.040827    72.527    68.797  9 55486.93423702 25.233
  85 230.882933  66.040075    74.118    72.786  9 55496.84987088 24.057
  86 230.884702  66.040782    73.729    71.664  9 55506.76550727 21.497
  87 230.887482  66.042057    73.676    73.409 10 55516.68115799 20.074
  88 230.887416  66.043473    75.758    74.057  9 55526.59680754 18.189
  89 230.894473  66.043732    76.594    76.369 11 55536.51245574 17.104
  90 230.893102  66.043688    77.695    77.925 10 55546.42810099 17.925
  91 230.889735  66.043853    77.427    77.430 10 55556.34374422 17.836
  92 230.893011  66.044120    77.201    77.069 10 55566.25938716 18.447
  93 230.891184  66.044164    76.659    76.123 10 55576.17502899 17.908
  94 230.886111  66.043273    75.835    74.070  9 55586.09066872 18.511
  95 230.882382  66.041826    74.016    72.316  8 55596.00630536 18.035
  96 230.895003  66.040294    75.553    75.288  8 55605.92194039 17.353
  97 230.883441  66.040750    73.627    71.906  8 55615.83757111 17.856
  98 230.881679  66.041699    76.529    74.688  8 55625.75321251 14.058
  99 230.887260  66.041887    76.601    75.226 10 55635.66886513 13.862
 100 230.883227  66.041802    76.275    74.432  9 55645.58451477 13.717
 101 230.883517  66.040938    76.862    74.609  9 55655.50016204 13.629
 102 230.887523  66.040152    76.830    75.238  9 55665.41580512 14.393
 103 230.882227  66.040530    75.788    74.062  8 55675.33144436 13.690
 104 230.882813  66.041613    78.219    77.017  9 55685.24708241  2.530
 105 230.885696  66.042836    72.999    70.779  9 55695.16271950 19.514
 106 230.887807  66.043685    75.419    74.488 10 55705.07835523 24.102
 107 230.888514  66.043712    76.396    74.986 10 55714.99400287 18.352
 108 230.889052  66.043627    78.323    79.689 10 55724.90965186 22.076
 109 230.890773  66.043935    76.240    74.596 10 55734.82529905 17.764
 110 230.891669  66.044403    75.161    74.669 11 55744.74094490 17.206
 111 230.894919  66.043974    75.961    75.594 11 55754.65658937 27.440
 112 230.884545  66.042816    70.539    66.647  9 55764.57223031 23.759
 113 230.895230  66.040451    70.832    68.029  8 55774.48787035 26.078
 114 230.883126  66.039815    72.223    68.529  9 55784.40350505 22.376
 115 230.883793  66.040700    74.125    70.297  8 55794.31913856 19.012
 116 230.886480  66.042205    73.383    70.130 10 55804.23477595 20.425
 117 230.884456  66.042888    73.601    71.319  9 55814.15042526 21.715
 118 230.881332  66.042050    72.855    79.305  8 55824.06607238 26.223
 119 230.884287  66.040505    71.597    67.660  9 55833.98171540 25.163
 120 230.883260  66.039973    74.382    71.918  9 55843.89735406 21.324
 121 230.882682  66.041083    69.631    66.908  9 55853.81298975 28.645
 122 230.885019  66.042967    71.968    69.546  9 55863.72862727 26.896
 123 230.889772  66.043949    78.632    77.851 10 55873.64428144 23.355
 124 230.889704  66.043987    75.316    75.976 10 55883.55992995 23.626
 125 230.892030  66.043481    75.782    75.626 10 55893.47557243 22.525
 126 230.892180  66.043348    75.789    75.118 10 55903.39120917 21.477
 127 230.895857  66.043923    77.723    77.922 11 55913.30684728 18.363
 128 230.891123  66.044695    77.227    77.818 11 55923.22250095 16.999
 129 230.893104  66.044279    77.237    77.730 10 55933.13815231 14.993
 130 230.885314  66.042590    76.152    75.232  9 55943.05379841 14.378
 131 230.882880  66.040240    76.639    75.532  9 55952.96944070 15.869
 132 230.894214  66.038833    76.420    75.880  8 55962.88508103 16.386
 133 230.894238  66.040026    76.620    76.396  8 55972.80071835 15.632
 134 230.885587  66.042564    76.685    75.106  9 55982.71635364 15.944
 135 230.888571  66.043350    77.037    77.905 10 55992.63198825 15.704
 136 230.888745  66.042161    77.181    75.458  9 56002.54763666 15.981
 137 230.894050  66.039812    75.462    75.289  8 56012.46328681 16.856
 138 230.882528  66.039528    74.931    73.108  9 56022.37893189 16.341
 139 230.884098  66.040878    76.650    74.355  9 56032.29457535 14.444
 140 230.891998  66.043059    80.357    80.151 10 56042.21021728  0.758
 141 230.892666  66.044618    78.689    78.844 10 56052.12585610 10.513
 142 230.890405  66.044715    70.944    71.667 10 56062.04149177 22.964
 143 230.891914  66.043507    77.912    74.530 10 56071.95713149 24.943
 144 230.886777  66.043027    75.922    75.213  9 56081.87278145 18.211
 145 230.890058  66.043408    75.810    74.422 11 56091.78842959 19.806
 146 230.891118  66.044418    74.948    76.253 11 56101.70407521 26.724
 147 230.890283  66.044223    73.731    73.887 11 56111.61970637 26.309
 148 230.886430  66.042612    70.697    67.287 10 56121.53534541 25.621
 149 230.884658  66.040349    72.836    69.049  9 56131.45098088 21.674
 150 230.894326  66.039015    72.475    72.475  2 56141.36661700 22.957
 151 230.894370  66.040128    69.298    67.175  8 56151.28226790 27.788
 152 230.886385  66.042526    75.320    72.267 10 56161.19791624 20.416
 153 230.891505  66.043318    74.828    73.578 10 56171.11356406 23.551
 154 230.886863  66.042426    75.364    73.157  9 56181.02920677 16.936
 155 230.894967  66.040282    75.977    78.000  8 56190.94484678 24.811
 156 230.885468  66.039888    74.195    70.416  9 56200.86048236 18.751
 157 230.887923  66.041396    72.761    69.289  9 56210.77611675 21.537
 158 230.895398  66.043728    74.919    74.972 11 56220.69174970 24.196
 159 230.892435  66.045504    74.448    74.580 11 56230.60740049 25.393
 160 230.893814  66.045077    75.407    76.098 10 56240.52305368 22.326
 161 230.887994  66.044074    73.850    73.943 10 56250.43870221 23.676
 162 230.884067  66.043188    74.250    72.337  9 56260.35434612 22.495
 163 230.888040  66.043309    75.505    74.431 10 56270.26998825 21.881
 164 230.890245  66.043842    75.071    74.335 10 56280.18562848 22.153
 165 230.890006  66.043885    76.171    75.029  9 56290.10128010 21.733
 166 230.885858  66.042481    74.737    73.296  9 56300.01692787 21.824
 167 230.894828  66.040010    75.471    74.915  8 56309.93257281 21.400
 168 230.884430  66.039364    73.458    70.889  9 56319.84821364 21.911
 169 230.882912  66.040532    72.422    70.090  8 56329.76385442 21.863
 170 230.884311  66.042460    72.372    70.870  9 56339.67949472 21.179
 171 230.892807  66.043317    73.358    72.503 10 56349.59513353 19.781
 172 230.884975  66.042825    73.599    72.144  9 56359.51076923 19.305
 173 230.883510  66.041064    73.402    72.214  8 56369.42641945 16.868
 175 230.888042  66.041760    75.144    74.125  9 56389.25771261 16.165
 176 230.892665  66.043888    77.269    76.122 10 56399.17335632 14.346
 177 230.892278  66.045342    76.528    76.542 11 56409.08899705  9.357
 178 230.894840  66.045048    76.980    76.658 11 56419.00463362 11.265
 179 230.890030  66.044169    78.879    79.559 10 56428.92026714 19.870
 180 230.892348  66.043158    76.523    75.084 10 56438.83592100 23.004
 181 230.886418  66.043265    75.383    72.625  9 56448.75157158 17.948
 182 230.891742  66.043355    74.519    75.498 10 56458.66722100 27.893
 183 230.884656  66.043086    75.165    73.242  9 56468.58286599 18.750
 184 230.881612  66.042159    75.513    72.963  8 56478.49850735 18.879
 185 230.883487  66.040829    74.365    71.801  8 56488.41414528 18.264
 186 230.882373  66.040672    74.607    72.014  8 56498.32978037 19.362
 187 230.883899  66.041394    74.230    77.922  9 56508.24541446 23.290
 188 230.886714  66.042615    75.471    78.920  9 56518.16105339 26.010
 189 230.889701  66.042934    75.745    75.912 11 56528.07670776 19.326
 190 230.887121  66.042660    75.289    78.321  9 56537.99235740 18.214
 191 230.882482  66.041900    73.954    70.946  8 56547.90800288 19.398
 192 230.883435  66.041825    76.312    72.741  8 56557.82364627 18.079
 193 230.886421  66.042779    75.382    72.492 10 56567.73928896 20.208
 194 230.890792  66.044399    73.569    72.594 10 56577.65493044 23.490
 195 230.893829  66.045341    76.285    79.867 11 56587.57056823 26.686
 196 230.891480  66.045205    73.901    74.443 11 56597.48620932 27.835
 197 230.887865  66.044201    73.351    72.191 10 56607.40186060 27.399
 198 230.891207  66.043417    75.970    74.961 10 56617.31750758 24.427
 199 230.887797  66.043425    75.631    74.883 10 56627.23315054 22.915
 200 230.887628  66.043366    74.212    74.231 10 56637.14879100 20.357
 201 230.886591  66.042745    75.620    74.202 10 56647.06443250 18.571
 202 230.884658  66.041625    76.226    74.277  9 56656.98008440 20.146
 203 230.882365  66.040752    74.850    73.241  9 56666.89573193 20.337
 204 230.895237  66.040539    75.961    75.957  8 56676.81137824 19.558
 205 230.882301  66.042008    75.098    73.581  8 56686.72702104 19.885
 206 230.886697  66.042639    75.512    73.886 10 56696.64266341 19.293
 207 230.886813  66.042670    76.235    74.849 10 56706.55830083 18.032
 208 230.888116  66.042137    76.541    75.074  9 56716.47393500 17.738
 209 230.882439  66.042028    75.487    73.531  8 56726.38958770 18.587
 210 230.885310  66.042654    75.729    74.114  9 56736.30523718 18.052
 211 230.890599  66.043988    76.303    75.888 10 56746.22088345 18.746
 212 230.890936  66.044963    76.680    77.355 11 56756.13652497 17.864
 213 230.894669  66.044842    77.934    77.901 11 56766.05216110 11.246
 214 230.895301  66.044018    74.936    75.254 11 56775.96780173 13.002
 215 230.888147  66.043707    76.654    75.785 10 56785.88345765 20.580
 216 230.888037  66.043682    74.457    72.808 10 56795.79911059 26.765
 217 230.891275  66.043615    77.282    78.165 10 56805.71475952 28.887
 218 230.891267  66.042963    75.232    76.294 10 56815.63040150 18.186
 219 230.883201  66.041974    73.229    75.768  8 56825.54603928 26.176
 220 230.883180  66.040908    75.222    77.415  9 56835.46167415 21.259
 221 230.888214  66.040925    71.301    69.008  9 56845.37730617 26.724
 222 230.882021  66.042119    73.105    70.290  8 56855.29295219 18.379
 223 230.884930  66.042955    73.361    71.350  9 56865.20860597 20.696
 224 230.885612  66.042931    73.498    71.502  9 56875.12425870 19.470
 225 230.883306  66.042471    74.656    78.563  8 56885.03990803 28.159
 226 230.886057  66.041750    74.550    72.301 10 56894.95555484 20.941
 227 230.882996  66.042239    71.683    68.723  8 56904.87119795 20.026
 228 230.888411  66.043438    72.163    69.066 10 56914.78683971 20.897
 229 230.891303  66.044917    74.553    74.694 11 56924.70247946 17.733
 230 230.894855  66.045513    73.607    75.269 11 56934.61811647 26.718
 231 230.893388  66.045048    73.751    74.828 10 56944.53374776 26.711
 232 230.892888  66.043639    76.070    75.996 10 56954.44939672 22.950
 233 230.884973  66.043112    74.376    73.948  9 56964.36504586 22.970
 234 230.889255  66.043432    76.357    76.055 10 56974.28069144 20.320
 235 230.894701  66.044040    77.573    78.374 11 56984.19633271 19.743
 236 230.888913  66.043935    76.814    77.005 10 56994.11196797 19.957
 237 230.886157  66.042240    75.837    74.459 10 57004.02760631 19.899
 238 230.883812  66.040360    75.338    73.725  8 57013.94326220 20.425
 239 230.884909  66.040103    75.029    73.790  9 57023.85891335 19.865
 240 230.883808  66.041984    73.622    71.850  8 57033.77456179 18.827
 241 230.886949  66.043621    74.295    73.278 10 57043.69020824 18.940
 242 230.888112  66.043802    75.390    74.930 10 57053.60585201 17.093
 243 230.888320  66.042471    75.539    73.599  9 57063.52149114 16.723
 244 230.883410  66.041758    74.336    72.185  9 57073.43712473 16.518
 245 230.886339  66.042450    74.280    73.249  9 57083.35275529 14.901
 246 230.889615  66.044404    76.524    75.740 10 57093.26840479 15.281
 247 230.893857  66.045990    76.706    76.318 11 57103.18406207 14.703
 248 230.894847  66.046034    77.646    77.556 10 57113.09971527 13.755
 249 230.890044  66.044590    79.657    79.822 10 57123.01536194  3.986
 250 230.887263  66.042913    78.974    78.898  9 57132.93100337  8.066
 251 230.889008  66.042407    74.257    70.860  9 57142.84664048 13.883
 252 230.887853  66.043517    78.771    76.618 10 57152.76227441 20.613
 253 230.894536  66.044267    75.707    75.607 11 57162.67790782 25.765
 254 230.889970  66.043909    76.679    76.024  9 57172.59356461 15.940
 255 230.884415  66.042172    75.776    79.067  9 57182.50921830 24.855
 256 230.882464  66.040339    73.588    69.338  8 57192.42486845 26.483
 257 230.894161  66.039765    75.117    74.153  8 57202.34051713 16.793
 258 230.884081  66.041846    74.494    71.535  8 57212.25615023 17.582
 259 230.892749  66.043501    76.257    75.413 10 57222.17179475 16.172
 260 230.887288  66.044207    74.149    72.963 10 57232.08743654 19.434
 261 230.887112  66.043375    75.454    77.408 10 57242.00307621 24.054
 262 230.884388  66.042333    71.907    70.496  9 57251.91871309 23.823
 263 230.886501  66.042709    73.599    71.410 10 57261.83434860 23.406
 264 230.894841  66.044384    75.797    79.586 11 57271.74998349 19.120
 265 230.892678  66.046306    77.369    79.910 10 57281.66564034 16.674
 266 230.893072  66.046451    78.962    80.119 10 57291.58129545 15.468
 267 230.894585  66.044664    77.443    76.814 11 57301.49694752 17.203
 268 230.888242  66.042613    72.035    76.020  9 57311.41259513 26.679
 269 230.887852  66.041623    73.115    72.167  9 57321.32823994 23.991
 270 230.887034  66.042470    75.143    74.911  9 57331.24388224 22.225
 271 230.889731  66.043874    72.848    73.830 10 57341.15952275 24.130
 272 230.888334  66.043817    74.478    75.030 10 57351.07517354 23.128
 273 230.887215  66.042143    73.841    72.571 10 57360.99081828 22.760
 274 230.883776  66.040208    72.757    70.383  9 57370.90645964 23.193
 275 230.882744  66.040090    74.757    73.078  8 57380.82209906 20.708
 276 230.883214  66.041951    74.712    73.306  8 57390.73773772 20.966
 277 230.887331  66.043982    74.683    74.531 10 57400.65337575 22.056
 278 230.893169  66.044442    76.978    77.547 10 57410.56901637 21.624
 279 230.887117  66.043576    74.966    75.536 10 57420.48466811 21.293
 280 230.887229  66.042615    75.613    74.501 10 57430.40031782 21.765
 281 230.887102  66.043026    74.790    73.943 10 57440.31596540 22.182
 282 230.892096  66.044484    75.971    75.434 11 57450.23161246 20.679
 283 230.893064  66.045736    75.732    75.593 11 57460.14725769 21.029
 284 230.893726  66.045675    77.000    76.304 11 57470.06289966 20.612
 285 230.888257  66.044427    76.023    74.719 10 57479.97853706 18.414
 286 230.884477  66.042937    72.510    70.921  9 57489.89417159 19.809
 287 230.884587  66.042312    73.592    72.073  9 57499.80980445 20.020
 288 230.885519  66.042826    71.296    68.917  9 57509.72544910 17.590
 289 230.885851  66.043333    75.052    73.293  9 57519.64110495 28.241
 290 230.891834  66.043111    77.263    75.285 10 57529.55675861 18.703
 291 230.889026  66.042041    75.680    71.822  9 57539.47240831 24.720
 292 230.882529  66.040945    74.824    78.474  8 57549.38805495 23.176
 293 230.895003  66.040119    69.754    67.576  8 57559.30370195 26.224
 294 230.884137  66.041761    70.761    68.074  9 57569.21934608 25.532
 295 230.891222  66.043111    76.079    74.594 10 57579.13499141 17.763
 296 230.887162  66.044171    74.123    73.271 10 57589.05063417 17.612
 297 230.887648  66.043910    72.605    72.158 10 57598.96627470 18.985
