# NaN NaN NaN ;Mean Elev.(m), Avg Gradient(m/km), RMS Gradient(m/km) - SRTM1     
#    9.366  -2.690  12.197 ;Mean Elev.(m), Avg Gradient(m/km), RMS Gradient(m/km) - ASTER GDEM
#   30.040  -2.276  10.531 ;Mean Elev.(m), Avg Gradient(m/km), RMS Gradient(m/km) - GMTED2010 
   1 230.927274  66.122668    24.485    24.401  5 54666.90249721 28.819
   2 230.929914  66.123582    23.927    23.861  5 54676.81814194 31.979
   3 230.931492  66.125340     2.166     1.993  5 54686.73378522 10.591
   4 230.931846  66.126521    26.149    27.003  6 54696.64942668 28.774
   5 230.931080  66.125755     5.526     5.538  6 54706.56506694 14.329
   6 230.931228  66.123251    23.145    23.179  5 54716.48071916 26.665
   7 230.929630  66.120758    11.809    11.813  5 54726.39636874 13.680
   8 230.927364  66.120147    23.332    23.312  5 54736.31201646 29.565
   9 230.927972  66.121561    85.096    86.225  6 54746.22766375 26.012
  10 230.928883  66.123147    85.825    86.371  5 54756.14331063 25.356
  11 230.929665  66.123092    74.172    75.540  6 54766.05895590 22.610
  12 230.928009  66.121172    76.581    76.337  6 54775.97459793 14.576
  13 230.925337  66.119332    76.038    76.071  5 54785.89023742 16.810
  14 230.925999  66.119328    76.164    76.232  6 54795.80587586 16.339
  15 230.927484  66.121422    76.217    75.847  6 54805.72151382 15.648
  16 230.930885  66.123378    75.941    75.613  5 54815.63715137 14.757
  17 230.930321  66.124050    75.668    75.491  5 54825.55279819 14.477
  18 230.929984  66.123222    75.897    75.637  5 54835.46843768 13.084
  19 230.929576  66.122997    76.047    75.840  6 54845.38408735 12.553
  20 230.930296  66.123662    75.790    75.633  5 54855.29973636 12.555
  21 230.930475  66.125119    76.063    76.012  6 54865.21538521 12.029
  22 230.929441  66.125615    75.987    76.214  5 54875.13103357 11.674
  23 230.928269  66.124715    75.555    74.983  5 54885.04667918 11.522
  24 230.930950  66.122358    75.931    75.542  5 54894.96232173 11.630
  25 230.927592  66.120401    76.300    76.026  6 54904.87796107 11.568
  26 230.928453  66.120065    75.817    75.703  5 54914.79359965 11.667
  27 230.927231  66.121244    76.282    75.962  6 54924.70923759 11.341
  28 230.928903  66.122506    76.271    76.174  6 54934.62487504 10.431
  29 230.927333  66.122642    76.072    76.184  5 54944.54051026  9.631
  30 230.927062  66.121243    77.693    77.604  6 54954.45614331 19.473
  31 230.925243  66.119620    27.068    26.993  5 54964.37178906 32.550
  32 230.926461  66.119515    29.536    29.563  5 54974.28743740 35.908
  33 230.928523  66.121106    25.395    25.401  6 54984.20308528 43.571
  34 230.930987  66.122959    26.250    25.967  5 54994.11873305 52.647
  35 230.932140  66.123822    41.789    42.115  5 55004.03437948 17.231
  36 230.931961  66.123658    25.393    25.425  5 55013.95002373 53.986
  37 230.931560  66.123268    25.605    25.648  5 55023.86566658 45.393
  38 230.929310  66.123876    25.169    25.179  5 55033.78130863 53.845
  39 230.930779  66.124767    27.942    29.412  5 55043.69695030 24.663
  40 230.931320  66.124990    26.501    23.496  5 55053.61259027 24.965
  41 230.929474  66.123756    23.254    23.256  5 55063.52822781 32.072
  42 230.930269  66.121847    23.980    24.061  5 55073.44387331 24.535
  43 230.927829  66.120460    23.961    24.006  6 55083.35952124 47.391
  44 230.928664  66.120463    77.790    77.853  5 55093.27516788 16.797
  45 230.929691  66.121250    23.893    23.948  5 55103.19081435 37.429
  46 230.929190  66.122068    76.432    76.352  5 55113.10646043 16.879
  47 230.927942  66.121851    76.238    76.066  5 55123.02210403 19.549
  48 230.927728  66.120863    91.314    91.747  6 55132.93774484 27.502
  49 230.928623  66.119858    70.767    69.775  5 55142.85338368 22.547
  50 230.928343  66.120155    76.086    75.768  5 55152.76902184 18.439
  51 230.927652  66.121479    76.503    76.406  6 55162.68466028 17.095
  52 230.927697  66.123029    76.158    76.067  5 55172.60029845 16.870
  53 230.930191  66.123808    76.380    76.066  6 55182.51593526 17.063
  54 230.930164  66.123825    76.004    75.784  5 55192.43158630 16.964
  55 230.929619  66.124034    76.132    75.920  5 55202.34723631 16.467
  56 230.929285  66.124522    75.697    75.524  5 55212.26288568 17.327
  57 230.930212  66.124744    76.307    76.077  6 55222.17853472 14.948
  58 230.929276  66.123919    76.209    75.943  5 55232.09418231 14.831
  59 230.929752  66.122359    75.965    76.198  5 55242.00982685 15.056
  60 230.927545  66.120913    76.239    76.226  6 55251.92546772 15.457
  61 230.927281  66.120357    76.234    76.157  6 55261.84110652 15.986
  62 230.926116  66.121053    76.091    75.896  5 55271.75674432 15.083
  63 230.927403  66.121712    76.239    76.041  6 55281.67238222 14.530
  64 230.928062  66.121707    76.477    76.433  6 55291.58801890 12.824
  65 230.927104  66.121054    73.038    75.930  6 55301.50365316  4.558
  66 230.926227  66.120173    77.919    78.001  6 55311.41930067 19.981
  67 230.928239  66.120055    27.303    27.228  5 55321.33494632 33.969
  68 230.927031  66.120918    29.142    29.275  5 55331.25059052 53.262
  69 230.930197  66.122119    24.274    24.257  5 55341.16623507 40.505
  70 230.930686  66.122850    28.476    28.227  5 55351.08187918 24.239
  71 230.929392  66.123175    24.277    24.279  5 55360.99752097 23.619
  72 230.928181  66.123448    26.792    23.715  5 55370.91316065 24.814
  73 230.930578  66.124049    24.726    24.765  6 55380.82879919 46.368
  74 230.929209  66.124877    24.740    24.781  5 55390.74443669 42.762
  75 230.930787  66.124881    24.253    24.298  6 55400.66007329 47.245
  76 230.930091  66.123477    24.299    24.303  6 55410.57572179 51.865
  77 230.927493  66.121306    24.659    23.617  6 55420.49137170 26.901
  78 230.924728  66.119957    24.003    24.026  5 55430.40701849 41.480
  79 230.928321  66.120313    24.120    24.153  5 55440.32266341 31.818
  80 230.929427  66.121610    24.285    24.289  5 55450.23830661 53.357
  81 230.928311  66.122338    23.210    23.305  5 55460.15394909 29.670
  82 230.927368  66.121663    23.724    23.743  5 55470.06959060 51.571
  83 230.925346  66.120382    87.770    82.520  5 55479.98522892 20.293
  84 230.925487  66.119656    73.896    75.342  5 55489.90086479 20.615
  85 230.927721  66.120288    71.846    70.496  5 55499.81649865 23.881
  86 230.928594  66.121893    75.659    73.637  5 55509.73213977 20.664
  87 230.928930  66.123098    75.951    75.754  5 55519.64778971 13.366
  88 230.929503  66.123518    76.060    75.752  5 55529.56343873 13.537
  89 230.930305  66.123254    76.042    75.682  5 55539.47908602 13.390
  90 230.930032  66.123217    75.914    75.694  5 55549.39473098 14.221
  91 230.929325  66.123919    76.173    76.145  6 55559.31037419 13.915
  92 230.931198  66.124936    76.006    75.826  6 55569.22601676 13.249
  93 230.932215  66.124899    75.550    75.338  5 55579.14165835 13.392
  94 230.928577  66.123198    76.164    76.241  6 55589.05729701 13.713
  95 230.927584  66.120663    76.043    75.888  5 55598.97293286 12.949
  96 230.926934  66.119311    76.495    76.339  6 55608.88856627 11.906
  97 230.925698  66.120122    76.732    76.454  5 55618.80419789 10.711
  98 230.929362  66.122144    76.610    76.498  5 55628.71984621  9.694
  99 230.928123  66.123100    76.664    76.512  5 55638.63549726 10.013
 100 230.927661  66.122047    76.766    76.529  5 55648.55114623 10.042
 101 230.926646  66.119894    77.105    76.878  6 55658.46679209  9.713
 102 230.926826  66.118878    76.560    76.202  5 55668.38243409 10.241
 103 230.924882  66.120108    76.512    76.476  5 55678.29807339  9.527
 104 230.927539  66.122426    77.077    76.205  5 55688.21371113  1.920
 105 230.931387  66.124051    68.269    63.214  5 55698.12934766  9.925
 106 230.931053  66.124099    26.856    26.810  5 55708.04498369 52.892
 107 230.929549  66.123188    25.310    25.347  6 55717.96063459 52.899
 108 230.931420  66.122850    24.627    24.627  5 55727.87628316 52.873
 109 230.931374  66.123604    37.739    41.272  5 55737.79192998 19.643
 110 230.930971  66.124628    25.509    25.454  5 55747.70757552 52.984
 111 230.930912  66.124520    26.510    27.621  5 55757.62321894 22.936
 112 230.929705  66.122831    28.151    28.682  6 55767.53885958 23.061
 113 230.927013  66.120434    24.707    24.763  5 55777.45449705 46.323
 114 230.927606  66.119038    24.079    24.108  5 55787.37013219 31.782
 115 230.926270  66.120053    24.487    24.480  5 55797.28576556 47.829
 116 230.927452  66.121974    24.152    24.154  6 55807.20140836 35.144
 117 230.928918  66.123228    24.051    24.096  5 55817.11705747 46.432
 118 230.926432  66.122343    23.361    23.387  5 55827.03270279 29.278
 119 230.926284  66.120481    23.915    23.898  6 55836.94834396 52.758
 120 230.925519  66.119207    85.761    85.793  6 55846.86398189 25.902
 121 230.926338  66.120383    76.451    76.218  5 55856.77961751 18.616
 122 230.931298  66.122698    72.077    72.316  5 55866.69526162 23.280
 123 230.930953  66.124644    75.888    75.819  6 55876.61091392 18.979
 124 230.928963  66.124826    76.068    76.039  5 55886.52655993 18.048
 125 230.931667  66.123890    75.917    75.525  5 55896.44220063 17.385
 126 230.929557  66.123112    76.061    75.698  5 55906.35783572 15.145
 127 230.931079  66.123407    75.902    75.533  5 55916.27348016 15.277
 128 230.928153  66.124238    76.112    75.895  5 55926.18913342 14.053
 129 230.928582  66.124338    76.034    75.781  5 55936.10478368 12.808
 130 230.929073  66.122658    76.283    76.074  6 55946.02042909 11.070
 131 230.927793  66.120323    76.092    75.930  5 55955.93606987 12.566
 132 230.926474  66.119100    76.361    76.164  6 55965.85170804 11.960
 133 230.926842  66.120067    76.298    76.274  6 55975.76734522 11.808
 134 230.928552  66.122086    76.348    76.355  6 55985.68298167 11.988
 135 230.930870  66.123219    76.111    75.859  5 55995.59861728 11.595
 136 230.929624  66.122306    76.344    76.017  5 56005.51426912 12.217
 137 230.927205  66.120362    76.357    76.089  5 56015.42991688 11.158
 138 230.925496  66.119569    76.283    76.449  5 56025.34556169 10.814
 139 230.927136  66.120809    76.605    76.614  5 56035.26120489 10.118
 140 230.931333  66.123070    76.342    76.387  5 56045.17684625  7.174
 141 230.928496  66.124797    76.504    76.279  5 56055.09248419 12.621
 142 230.932265  66.124911    29.406    29.425  5 56065.00811887 39.096
 143 230.929842  66.123984    25.615    25.564  5 56074.92376345 50.485
 144 230.930405  66.123394    26.491    25.501  5 56084.83941302 21.052
 145 230.931150  66.123369    37.755    37.734  5 56094.75506024 19.048
 146 230.930082  66.123712    25.757    25.742  5 56104.67070517 55.067
 147 230.928824  66.123223    25.593    25.580  5 56114.58633559 53.976
 148 230.929906  66.122184    24.397    24.408  5 56124.50197402 52.154
 149 230.926957  66.120763    24.245    24.251  6 56134.41760810 52.891
 150 230.925669  66.120131    24.143    24.184  5 56144.33324818 46.119
 151 230.926602  66.120560    24.259    24.225  6 56154.24889847 53.724
 152 230.929574  66.121749    23.886    23.926  5 56164.16454774 48.290
 153 230.929036  66.122575    24.044    24.112  5 56174.08019459 40.468
 154 230.928555  66.122304    24.093    24.050  6 56183.99583634 51.262
 155 230.926834  66.121194    24.191    24.216  6 56193.91147422 51.799
 156 230.925472  66.120689    23.342    23.335  5 56203.82710933 25.577
 157 230.929126  66.121639    86.765    86.125  5 56213.74274332 25.881
 158 230.927856  66.123738    92.255    91.808  5 56223.65837738 26.836
 159 230.930054  66.125022    91.507    91.591  5 56233.57403367 22.908
 160 230.932476  66.125006    76.101    75.654  5 56243.48968599 16.479
 161 230.930340  66.124207    76.350    76.177  6 56253.40533319 17.330
 162 230.928892  66.123690    75.968    75.847  5 56263.32097604 18.274
 163 230.929512  66.123650    75.914    75.701  5 56273.23661717 17.533
 164 230.928949  66.123564    76.008    75.704  6 56283.15226024 17.413
 165 230.928983  66.122784    76.008    75.680  6 56293.06791188 16.623
 166 230.928058  66.121365    75.860    75.452  6 56302.98355903 16.573
 167 230.928893  66.120331    75.872    75.708  5 56312.89920219 16.171
 168 230.927007  66.120532    75.989    75.890  5 56322.81484297 15.662
 169 230.928586  66.121554    76.323    76.202  6 56332.73048349 14.436
 170 230.929996  66.122228    75.880    75.709  5 56342.64612353 14.169
 171 230.926329  66.122277    76.301    76.444  5 56352.56176081 12.870
 172 230.928414  66.121518    76.345    75.999  6 56362.47740232 13.006
 173 230.926917  66.121117    76.545    76.485  5 56372.39305140 12.280
 175 230.928434  66.123080    76.095    75.926  5 56392.22434239 12.288
 176 230.928775  66.124179    76.339    76.057  5 56402.13998515 10.589
 177 230.928397  66.124636    75.403    75.061  5 56412.05562507  9.454
 178 230.929774  66.124350    61.397    61.369  5 56421.97126016 11.582
 179 230.930519  66.124083    34.968    40.770  5 56431.88690078 32.322
 180 230.929795  66.124014    66.323    66.387  6 56441.80255341 25.555
 181 230.928979  66.124065    26.665    26.652  5 56451.71820352 26.709
 182 230.929443  66.123366    25.518    25.546  5 56461.63385135 53.251
 183 230.927710  66.122014    25.346    25.319  6 56471.54949569 52.366
 184 230.925813  66.120778    70.220    73.938  5 56481.46513647 24.529
 185 230.928236  66.120490    24.640    24.689  5 56491.38077382 34.832
 186 230.928464  66.121309    24.565    24.499  6 56501.29640843 49.710
 187 230.927430  66.122486    24.454    24.445  5 56511.21204141 52.542
 188 230.928730  66.122772    23.521    23.615  6 56521.12768652 26.405
 189 230.928467  66.122191    26.562    23.616  5 56531.04333959 26.023
 191 230.929813  66.121296    25.585    23.610  5 56550.87463403 24.725
 192 230.926405  66.122570    24.163    24.147  5 56560.79027648 40.545
 193 230.930547  66.124144    27.470    26.574  5 56570.70591855 26.609
 194 230.929466  66.125330    23.744    23.730  5 56580.62155869 43.516
 195 230.932404  66.125002    76.443    76.164  5 56590.53719514 17.066
 196 230.930770  66.123956    75.218    74.827  5 56600.45284217 22.787
 197 230.929298  66.123278    76.074    72.577  6 56610.36849230 22.967
 198 230.932189  66.123786    76.036    75.915  5 56620.28413808 19.745
 199 230.931151  66.124449    75.803    75.384  5 56630.19978039 19.283
 200 230.932302  66.123913    76.016    75.683  5 56640.11541941 15.450
 201 230.927702  66.122018    75.956    75.861  5 56650.03106522 14.610
 202 230.928514  66.119995    75.815    75.417  5 56659.94671615 15.782
 203 230.926865  66.119757    76.136    75.940  6 56669.86236320 16.314
 204 230.927749  66.121531    75.150    74.663  6 56679.77800824 15.984
 205 230.929571  66.123273    76.344    75.924  5 56689.69365169 15.865
 206 230.929272  66.123480    76.178    76.036  6 56699.60929201 13.959
 207 230.929077  66.122111    76.207    75.817  5 56709.52492769 14.149
 208 230.929482  66.120911    75.839    75.632  5 56719.44056828 15.241
 209 230.927777  66.121223    74.855    74.788  6 56729.35622043 14.926
 210 230.929084  66.123203    76.107    75.915  5 56739.27186890 14.613
 211 230.931406  66.125255    75.915    75.774  5 56749.18751352 15.695
 212 230.930113  66.125905    76.029    76.275  5 56759.10315311 14.169
 213 230.929516  66.125004    76.081    75.560  5 56769.01878654  7.898
 214 230.931447  66.123442    76.798    76.740  5 56778.93443543 14.086
 215 230.929241  66.122865    25.447    25.470  5 56788.85009093 34.260
 216 230.929936  66.123332    65.671    72.407  5 56798.76574326 21.414
 217 230.929733  66.124214    76.210    76.306  5 56808.68138952 18.504
 218 230.931064  66.123854    25.147    25.131  5 56818.59703030 54.012
 219 230.927765  66.122219    36.543    38.640  5 56828.51266701 17.337
 220 230.926529  66.120220    48.457    51.958  5 56838.42830071 44.672
 221 230.927259  66.119954    24.838    24.894  6 56848.34393184 49.913
 222 230.929749  66.121389    24.323    24.306  5 56858.25958620 43.808
 223 230.928875  66.123471    24.813    23.624  6 56868.17523956 26.119
 224 230.928632  66.124001    23.985    24.008  5 56878.09089106 41.489
 225 230.931148  66.122838    23.375    23.435  5 56888.00653958 24.846
 226 230.928508  66.121306    23.783    23.802  6 56897.92218494 51.601
 227 230.928929  66.121415    24.890    23.531  5 56907.83782798 26.980
 228 230.931113  66.123379    27.522    29.226  5 56917.75346912 23.101
 229 230.931100  66.125732    30.897    31.567  6 56927.66910808 21.955
 230 230.931825  66.126569    28.745    29.456  5 56937.58474319 23.097
 231 230.930524  66.125441    82.339    82.498  6 56947.50037481 28.041
 232 230.930262  66.123345    85.780    83.008  5 56957.41602859 23.334
 233 230.930559  66.122289    70.897    69.945  5 56967.33167697 24.101
 234 230.929223  66.122987    76.281    76.243  6 56977.24732112 16.097
 235 230.927905  66.124185    76.270    76.442  5 56987.16296075 16.333
 236 230.930384  66.124075    75.976    75.626  5 56997.07859482 16.163
 237 230.928273  66.122384    76.173    75.845  5 57006.99424073 15.407
 238 230.928358  66.120311    75.837    75.769  5 57016.90989466 16.095
 239 230.927108  66.119863    76.048    75.896  5 57026.82554485 15.170
 240 230.927944  66.121511    75.758    75.706  5 57036.74119334 13.760
 241 230.930652  66.123345    76.065    75.608  5 57046.65683941 11.219
 242 230.929876  66.124080    76.256    75.762  5 57056.57248164 11.643
 243 230.927640  66.123066    76.509    76.308  5 57066.48811843 11.502
 244 230.927169  66.122183    76.459    76.163  5 57076.40375095 10.024
 245 230.929501  66.122375    76.403    76.236  5 57086.31938070  9.803
 246 230.929633  66.124089    76.159    75.811  5 57096.23503913 10.749
 247 230.932419  66.125742    76.282    75.831  5 57106.15069550  9.737
 248 230.930328  66.126260    76.152    75.511  5 57116.06634677  9.330
 249 230.932582  66.124980    76.307    75.888  5 57125.98199221  8.811
 250 230.931463  66.123317    62.976    61.673  5 57135.89763201  7.941
 251 230.929527  66.122450    76.954    76.943  6 57145.81326754  8.435
 252 230.928233  66.122854    72.055    70.126  5 57155.72890069 28.146
 253 230.931712  66.123498    24.247    24.327  5 57165.64454208 24.350
 254 230.929968  66.123558    25.614    24.266  5 57175.56019855 23.787
 255 230.926975  66.122389    32.471    31.226  5 57185.47585116 24.635
 256 230.926322  66.120869    24.227    24.266  5 57195.39149992 49.238
 257 230.927952  66.120378    24.135    24.107  5 57205.30713518 52.869
 258 230.926843  66.121588    26.535    23.434  5 57215.22278034 22.981
 259 230.930341  66.123172    32.522    31.399  5 57225.13842451 19.899
 260 230.927743  66.124042    24.422    24.447  5 57235.05406620 48.527
 261 230.931952  66.123530    23.886    23.875  5 57244.96970517 53.091
 262 230.930676  66.122827    26.432    26.730  5 57254.88534109 23.337
 263 230.929520  66.123264    27.052    26.698  5 57264.80097571 25.741
 264 230.929614  66.124681    24.016    23.947  5 57274.71661670 53.585
 265 230.930417  66.125859    26.839    26.624  5 57284.63227398 23.395
 266 230.929359  66.125722    23.777    23.719  5 57294.54792826 36.874
 267 230.931703  66.124465    77.032    76.719  5 57304.46357924 13.845
 268 230.929668  66.123111    77.188    76.873  6 57314.37922595 12.888
 269 230.930792  66.122537    85.212    84.372  5 57324.29486971 25.970
 270 230.929378  66.122750    70.639    69.485  5 57334.21051129 23.052
 271 230.931594  66.123080    74.110    75.475  5 57344.12615126 18.765
 272 230.929743  66.122589    75.957    75.685  5 57354.04180473 15.721
 273 230.928568  66.121799    76.037    76.145  5 57363.95744853 14.316
 274 230.927503  66.121004    76.212    76.572  6 57373.87308897 15.908
 275 230.929408  66.121218    75.672    75.396  5 57383.78872788 16.334
 276 230.926398  66.122164    75.735    75.545  5 57393.70436594 15.840
 277 230.927848  66.123205    75.928    75.545  5 57403.62000350 16.562
 278 230.931166  66.123494    75.395    74.901  5 57413.53564932 16.855
 279 230.927987  66.123403    75.734    75.434  5 57423.45130061 16.536
 280 230.929335  66.123433    75.847    75.639  6 57433.36694946 16.386
 281 230.929984  66.124165    75.528    75.253  5 57443.28259642 16.333
 282 230.932994  66.125039    75.487    74.979  5 57453.19824290 16.276
 283 230.931515  66.125471    76.104    76.148  6 57463.11388728 14.514
 284 230.930694  66.124743    76.022    75.809  6 57473.02952813 14.777
 285 230.930401  66.123622    76.187    76.189  6 57482.94516526 13.023
 286 230.930752  66.122762    76.508    76.352  5 57492.86079945 11.122
 287 230.927762  66.123076    77.260    77.228  5 57502.77643130  4.478
 288 230.931374  66.123218    76.028    76.252  5 57512.69208309 19.748
 289 230.930086  66.122922    25.764    25.750  5 57522.60773801 53.119
 290 230.928940  66.121959    24.891    24.830  5 57532.52339060 46.365
 291 230.925696  66.121089    24.804    24.834  5 57542.43903974 32.761
 292 230.927455  66.120972    24.890    24.894  6 57552.35468650 52.869
 293 230.926461  66.121844    28.116    26.248  5 57562.27033150 26.572
 294 230.928769  66.122847    24.793    24.800  5 57572.18597637 54.150
 295 230.931007  66.123194    26.431    27.887  5 57582.10162114 25.269
 296 230.929485  66.123094    27.805    27.319  6 57592.01726374 25.528
 297 230.927011  66.123078    24.127    24.158  5 57601.93290365 44.869
