# NaN NaN NaN ;Mean Elev.(m), Avg Gradient(m/km), RMS Gradient(m/km) - SRTM1     
#  124.710  -0.023   3.412 ;Mean Elev.(m), Avg Gradient(m/km), RMS Gradient(m/km) - ASTER GDEM
#  140.652  -0.518   1.779 ;Mean Elev.(m), Avg Gradient(m/km), RMS Gradient(m/km) - GMTED2010 
   1 240.580614  61.228215   140.660   140.330  5 54663.00206347 47.644
   2 240.581767  61.228008   141.460   141.741  5 54672.91770853 33.424
   4 240.584854  61.229226   142.254   142.260  4 54692.74899459 30.689
   6 240.582995  61.228235   139.533   139.536  5 54712.58028330 53.671
   8 240.572018  61.226766   142.168   142.185  4 54732.41158190 29.529
   9 240.570506  61.226923   221.098   222.725  4 54742.32722852 19.925
  10 240.574209  61.226202   139.665   139.558  4 54752.24287550 50.983
  11 240.572159  61.226955   139.600   139.461  4 54762.15852146 47.079
  12 240.571648  61.226135   201.604   201.385  4 54772.07416530 18.591
  13 240.570008  61.225876   201.260   200.923  5 54781.98980602 17.568
  14 240.570435  61.226035   200.754   199.799  5 54791.90544444 15.822
  15 240.573772  61.226959   138.682   138.671  5 54801.82108202 40.489
  16 240.578689  61.227520   138.929   138.863  5 54811.73671977 35.063
  17 240.580482  61.228103   139.323   139.389  5 54821.65236140 32.983
  18 240.578550  61.227674   139.445   139.390  5 54831.56801351 30.592
  19 240.576993  61.227302   139.364   139.431  5 54841.48365217 27.069
  20 240.575535  61.227889   139.398   139.403  4 54851.39930094 18.180
  21 240.578149  61.228071   139.716   139.230  4 54861.31494970 19.003
  22 240.581493  61.227537   140.359   140.382  4 54871.23059860 14.701
  23 240.579384  61.227069   139.378   139.363  4 54881.14624542 14.373
  24 240.571622  61.227109   139.193   139.184  4 54891.06188843 17.777
  25 240.567375  61.226000   140.236   140.506  5 54900.97752897 12.692
  26 240.567327  61.225824   139.786   139.842  5 54910.89316802 13.300
  27 240.570892  61.226446   139.302   139.352  5 54920.80880620 15.533
  28 240.575733  61.226884   139.047   139.153  5 54930.72444403 17.623
  29 240.576336  61.227158   140.234   139.446  5 54940.64008021 11.218
  30 240.574625  61.226986   139.599   139.553  5 54950.55571458 33.168
  31 240.573209  61.226257   141.946   141.996  4 54960.47135458 42.522
  32 240.571897  61.226682   141.637   141.442  5 54970.38700305 51.681
  33 240.575478  61.227025   141.880   141.837  4 54980.30265071 41.609
  34 240.579381  61.227163   137.825   137.828  4 54990.21829815 21.811
  35 240.577445  61.227653   142.141   142.295  5 55000.13394486 37.766
  36 240.576347  61.227463   141.122   140.843  4 55010.04958997 43.426
  37 240.574736  61.227706   141.510   141.307  4 55019.96523339 48.838
  38 240.578610  61.227520   141.922   142.053  4 55029.88087620 32.092
  39 240.581642  61.228115   141.144   140.983  5 55039.79651827 47.998
  40 240.585635  61.228304   140.531   140.488  4 55049.71215917 53.239
  41 240.582797  61.228742   142.058   142.176  4 55059.62779730 30.840
  42 240.578255  61.227657   142.207   142.285  4 55069.54343724 30.637
  43 240.571082  61.226518   142.140   142.083  5 55079.45908632 36.837
  44 240.569807  61.225681   142.324   142.279  4 55089.37473382 30.792
  45 240.570529  61.226564   139.823   139.754  4 55099.29037996 52.250
  46 240.575013  61.226888   140.471   140.234  5 55109.20602598 52.099
  47 240.575714  61.226702   139.848   139.836  4 55119.12167041 48.606
  48 240.569497  61.226742   139.915   139.883  4 55129.03731173 49.973
  49 240.565741  61.225941   186.851   186.727  4 55138.95295137 26.176
  50 240.568764  61.225499   186.230   186.547  4 55148.86859033 14.764
  51 240.573713  61.227095   185.940   186.059  4 55158.78422887 18.361
  52 240.581672  61.227738   138.183   138.207  4 55168.69986756 38.178
  53 240.583652  61.228536   139.369   139.344  5 55178.61550482 32.537
  54 240.581395  61.227840   139.523   139.512  4 55188.53115025 30.486
  55 240.577514  61.227412   139.547   139.514  5 55198.44680070 28.996
  56 240.577275  61.227471   139.522   139.533  4 55208.36245042 23.156
  57 240.579619  61.227973   139.455   139.474  5 55218.27809975 25.184
  58 240.580459  61.227816   139.411   139.384  5 55228.19374823 25.030
  59 240.576153  61.227588   139.527   139.516  4 55238.10939326 24.689
  60 240.571484  61.226157   139.462   139.450  4 55248.02503488 24.182
  61 240.567420  61.225162   139.418   139.423  4 55257.94067414 22.792
  62 240.567282  61.225380   139.369   139.385  5 55267.85631289 16.521
  63 240.569981  61.226865   139.279   139.295  4 55277.77195137 18.812
  64 240.576030  61.227266   139.489   139.460  4 55287.68758910 17.475
  65 240.577531  61.227774   141.163   141.467  5 55297.60322404 14.622
  66 240.572938  61.227308   140.615   140.194  4 55307.51886568 40.817
  67 240.569703  61.225894   141.924   142.101  5 55317.43451208 41.314
  68 240.568416  61.226095   142.526   142.618  5 55327.35015725 52.177
  69 240.572667  61.226914   141.878   142.195  5 55337.26580192 42.207
  70 240.578036  61.227694   140.080   140.000  4 55347.18144620 50.901
  71 240.579438  61.228255   140.951   140.620  4 55357.09708861 50.485
  72 240.580978  61.227365   140.280   140.183  4 55367.01272921 46.002
  73 240.580241  61.227137   142.343   142.367  4 55376.92836809 31.304
  74 240.581684  61.227460   142.220   142.236  4 55386.84400629 31.655
  75 240.584517  61.228117   139.780   139.718  4 55396.75964372 52.992
  76 240.585124  61.228745   139.507   139.382  4 55406.67528607 52.255
  77 240.581152  61.227980   142.142   142.155  5 55416.59093708 34.573
  78 240.573930  61.226916   141.535   142.289  4 55426.50658445 32.994
  79 240.570268  61.225565   142.440   142.477  4 55436.42222942 30.689
  80 240.569456  61.225468   138.930   138.920  4 55446.33787309 52.740
  81 240.571172  61.226405   142.339   142.356  4 55456.25351625 31.993
  82 240.573465  61.227544   139.997   139.346  4 55466.16915872 50.878
  83 240.574665  61.227705   142.314   142.325  4 55476.08479812 37.001
  84 240.574604  61.226790   142.344   142.336  4 55486.00043440 33.534
  85 240.572912  61.226238   142.172   142.242  4 55495.91606840 22.228
  86 240.573331  61.227090   142.349   142.296  4 55505.83170314 23.508
  87 240.576475  61.227334   195.439   195.451  4 55515.74735402 17.716
  88 240.580262  61.227953   137.768   137.779  4 55525.66300403 36.651
  89 240.580665  61.228274   138.151   138.107  5 55535.57865177 28.417
  90 240.579556  61.227743   138.096   138.108  4 55545.49429736 28.050
  91 240.577964  61.227380   138.286   138.276  5 55555.40994099 25.473
  92 240.577754  61.227579   138.228   138.200  5 55565.32558368 26.424
  93 240.580839  61.227320   138.176   138.188  4 55575.24122608 24.330
  94 240.578154  61.228072   138.261   138.252  4 55585.15686616 22.427
  95 240.577361  61.227415   138.239   138.236  4 55595.07250326 24.431
  96 240.574782  61.227219   138.171   138.155  4 55604.98813692 22.817
  97 240.575041  61.227119   138.123   138.105  5 55614.90376883 24.141
  98 240.576506  61.227340   138.142   138.098  5 55624.81940873 17.384
  99 240.578033  61.226803   138.125   138.116  4 55634.73506149 16.675
 100 240.575696  61.227382   138.045   138.004  5 55644.65071158 18.235
 101 240.573380  61.227362   138.927   138.848  4 55654.56635893 14.831
 102 240.573845  61.226095   141.824   141.890  4 55664.48200213 11.753
 103 240.571942  61.226197   138.453   138.394  4 55674.39764191 14.747
 104 240.574293  61.226298   142.412   142.426  4 55684.31328038 33.786
 105 240.577502  61.227507   142.391   142.329  5 55694.22891754 37.867
 106 240.582012  61.228626   142.276   142.291  4 55704.14455342 33.447
 107 240.583648  61.228617   142.276   142.216  5 55714.06019945 33.818
 108 240.582537  61.228023   141.067   141.051  4 55723.97584847 39.222
 109 240.580859  61.227783   142.196   142.178  4 55733.89149549 30.823
 110 240.580267  61.227750   142.077   142.232  5 55743.80714138 32.084
 111 240.580849  61.227289   140.286   140.137  4 55753.72278601 50.602
 112 240.577475  61.227554   140.433   139.889  4 55763.63842792 42.540
 113 240.574781  61.227124   140.339   139.932  5 55773.55406717 42.993
 114 240.574056  61.226236   142.187   142.198  4 55783.46970321 26.851
 115 240.574466  61.226967   139.833   139.725  4 55793.38533660 51.208
 116 240.578086  61.227732   140.528   140.986  5 55803.30097226 38.084
 117 240.578927  61.227790   140.361   139.954  4 55813.21662197 49.222
 118 240.577294  61.227659   141.993   141.883  4 55823.13226963 31.016
 119 240.575065  61.227296   140.311   139.783  4 55833.04791250 49.439
 120 240.575134  61.226753   140.791   140.848  4 55842.96355138 35.426
 121 240.575373  61.227577   142.125   142.129  4 55852.87918713 31.981
 122 240.580478  61.228136   142.004   141.988  4 55862.79482299 23.931
 123 240.580347  61.228410   139.725   139.686  4 55872.71047725 44.790
 124 240.580369  61.228638   139.886   139.922  4 55882.62612657 32.394
 125 240.581498  61.228235   139.022   139.020  4 55892.54176960 25.563
 126 240.582129  61.228476   140.761   140.838  4 55902.45740682 17.435
 127 240.584346  61.228766   142.047   142.135  4 55912.37304270 14.987
 128 240.582442  61.228500   141.637   141.979  5 55922.28869684 14.142
 129 240.581714  61.227570   141.799   141.819  4 55932.20434833 12.367
 130 240.576085  61.227225   141.636   141.651  4 55942.11999510 12.589
 131 240.571262  61.226331   141.174   141.414  4 55952.03563765 12.304
 132 240.570131  61.225752   141.391   141.365  4 55961.95127704 12.662
 133 240.573246  61.225983   141.474   141.427  4 55971.86691470 12.794
 134 240.578037  61.227183   141.605   141.658  4 55981.78255121 12.141
 135 240.581415  61.227995   139.730   139.256  4 55991.69818624 14.676
 136 240.578729  61.227690   141.593   141.860  5 56001.61383290 11.456
 137 240.572682  61.226875   141.624   141.624  4 56011.52948265 11.623
 138 240.570264  61.226365   142.428   142.441  5 56021.44512892 10.914
 139 240.572606  61.226425   140.974   141.359  5 56031.36077255 10.800
 140 240.577039  61.227447   142.008   141.962  5 56041.27641416 15.374
 141 240.580861  61.228273   141.580   142.131  4 56051.19205340 37.731
 142 240.583878  61.228445   140.686   140.659  5 56061.10768991 46.779
 143 240.581573  61.228974   142.364   142.334  4 56071.02332747 37.373
 144 240.581611  61.227450   141.813   142.062  4 56080.93897829 34.883
 145 240.580166  61.227665   141.873   142.244  4 56090.85462619 33.899
 146 240.580236  61.228431   140.983   140.793  4 56100.77027179 51.308
 147 240.580710  61.228043   142.232   142.244  5 56110.68590343 36.980
 148 240.577758  61.227419   142.297   142.265  5 56120.60154311 34.642
 149 240.573579  61.226906   140.423   140.354  4 56130.51717895 52.366
 150 240.574412  61.226199   141.107   141.120  4 56140.43281274 32.846
 151 240.573950  61.226652   142.067   142.090  4 56150.34846357 27.471
 152 240.578400  61.227086   139.895   139.804  4 56160.26411289 51.396
 153 240.579339  61.227746   141.437   141.763  4 56170.17976030 33.575
 154 240.577821  61.227057   142.106   142.114  4 56180.09540385 28.326
 155 240.572838  61.226741   142.115   142.148  4 56190.01104301 28.078
 156 240.571475  61.226615   142.148   142.058  5 56199.92667956 27.992
 157 240.575333  61.227861   142.004   142.005  4 56209.84231400 30.656
 158 240.583804  61.229033   142.108   142.138  4 56219.75794711 21.580
 159 240.588440  61.228975   139.908   139.832  4 56229.67359645 47.550
 160 240.585193  61.228740   138.712   138.701  5 56239.58924973 42.461
 161 240.580635  61.228150   138.595   138.642  5 56249.50489900 43.057
 162 240.578503  61.227506   139.239   139.228  4 56259.42054361 30.586
 163 240.580191  61.227521   140.092   140.065  4 56269.33618567 26.125
 164 240.581980  61.227950   140.188   140.224  5 56279.25182591 24.171
 165 240.579933  61.228105   140.176   140.160  5 56289.16747601 23.767
 166 240.575520  61.227151   140.058   140.094  5 56299.08312410 22.778
 167 240.570868  61.225842   139.835   139.799  4 56308.99876828 21.751
 168 240.567329  61.225645   139.773   139.800  4 56318.91441006 17.301
 169 240.569659  61.226424   139.675   139.682  4 56328.83005130 17.827
 170 240.576273  61.227255   139.627   139.612  4 56338.74569207 17.386
 171 240.579319  61.228576   139.502   139.497  4 56348.66133047 18.165
 172 240.581147  61.227849   139.434   139.424  4 56358.57696607 18.134
 173 240.574119  61.226726   139.511   139.518  4 56368.49261616 19.597
 175 240.573827  61.226247   139.542   139.538  4 56388.32390956 19.259
 176 240.578418  61.227946   162.228   162.280  4 56398.23955308  4.231
 178 240.584431  61.228904   140.671   140.674  4 56418.07083114 37.846
 179 240.583948  61.228593   141.921   141.977  5 56427.98646325 40.132
 180 240.579629  61.227410   141.995   142.208  4 56437.90211680 36.867
 181 240.576140  61.227631   141.982   142.180  4 56447.81776787 37.255
 182 240.578722  61.227249   142.031   142.210  4 56457.73341739 33.286
 183 240.577666  61.227224   141.089   140.926  4 56467.64906330 52.073
 184 240.574647  61.226932   141.400   141.252  5 56477.56470499 40.026
 185 240.572192  61.226148   141.844   142.170  4 56487.48034301 27.816
 186 240.569160  61.227106   140.785   140.664  3 56497.39597807 49.932
 187 240.575936  61.226934   140.620   140.578  5 56507.31161283 50.601
 188 240.580760  61.228467   140.284   140.245  4 56517.22724951 45.404
 189 240.581696  61.228307   140.560   140.310  4 56527.14290383 51.714
 190 240.578971  61.228032   141.908   141.883  4 56537.05855360 26.301
 192 240.574169  61.226299   141.955   141.970  4 56556.88984310 25.741
 193 240.575461  61.227127   140.698   140.651  4 56566.80548577 35.618
 194 240.581877  61.227939   141.905   141.935  4 56576.72112761 25.684
 195 240.586289  61.229094   141.362   141.872  4 56586.63676585 27.039
 196 240.588239  61.228906   139.749   139.587  4 56596.55240554 49.265
 197 240.582334  61.228151   138.917   138.926  4 56606.46805718 47.205
 198 240.578460  61.227475   138.041   138.101  5 56616.38370406 43.832
 199 240.578179  61.227289   137.859   137.832  4 56626.29934763 39.305
 200 240.578934  61.227674   138.471   138.445  4 56636.21498844 32.271
 201 240.579630  61.227946   138.987   138.378  4 56646.13062838 27.419
 202 240.575540  61.227262   139.357   139.376  4 56656.04628034 29.266
 203 240.573052  61.225929   139.149   139.144  4 56665.96192823 22.439
 204 240.570015  61.226229   138.890   138.868  4 56675.87757332 23.597
 205 240.571830  61.226612   138.674   138.661  4 56685.79321785 24.393
 206 240.575739  61.227213   138.451   138.453  4 56695.70886059 25.915
 207 240.579609  61.227622   138.575   138.568  4 56705.62449882 22.159
 208 240.580551  61.228004   138.396   138.396  5 56715.54013129 22.979
 209 240.575895  61.227152   137.714   137.711  4 56725.45578428 19.926
 210 240.574463  61.226601   138.504   138.506  4 56735.37143387 21.646
 211 240.576505  61.227138   138.392   138.413  5 56745.28708022 22.153
 212 240.580545  61.228083   138.556   138.537  5 56755.20272240 21.096
 213 240.584715  61.228662   157.376   159.183  4 56765.11835903  5.290
 214 240.585236  61.228481   140.440   141.007  5 56775.03399704 33.469
 215 240.579768  61.227688   140.932   140.942  4 56784.94965344 40.415
 216 240.575027  61.227350   140.615   140.539  4 56794.86530629 49.122
 217 240.573933  61.226850   140.667   140.264  5 56804.78095578 51.419
 218 240.573743  61.226956   142.268   142.239  4 56814.69659825 29.636
 219 240.573945  61.226625   142.272   142.236  5 56824.61223734 33.660
 220 240.574014  61.226527   136.337   137.390  5 56834.52787250 21.833
 221 240.576115  61.226788   142.073   142.093  4 56844.44350435 29.272
 222 240.575500  61.227526   142.116   142.082  4 56854.35914848 29.841
 223 240.576289  61.227237   139.808   139.778  5 56864.27480221 51.178
 224 240.576157  61.227020   139.698   139.756  5 56874.19045516 49.042
 225 240.575896  61.226543   142.024   142.042  4 56884.10610496 27.122
 226 240.574254  61.226477   140.404   140.300  4 56894.02175140 28.210
 227 240.573167  61.226622   139.127   139.183  4 56903.93739471 47.803
 228 240.574938  61.226881   138.847   138.750  5 56913.85303632 49.052
 229 240.579130  61.227306   141.870   141.826  4 56923.76867647 24.020
 230 240.581544  61.228579   141.750   141.761  4 56933.68431382 24.607
 231 240.584093  61.229251   141.806   141.843  4 56943.59994599 26.560
 232 240.582587  61.228578   141.805   141.782  5 56953.51559269 21.341
 233 240.579342  61.227668   138.949   138.933  5 56963.43124285 47.553
 234 240.576443  61.228014   137.727   137.683  4 56973.34688801 46.122
 235 240.579015  61.227786   137.904   137.886  5 56983.26252938 43.553
 236 240.581137  61.227748   137.815   137.810  4 56993.17816592 42.953
 237 240.580955  61.227389   138.116   138.109  4 57003.09380205 40.084
 238 240.574061  61.226687   138.484   138.503  5 57013.00945809 39.270
 239 240.570927  61.226464   139.014   138.981  5 57022.92510905 32.613
 240 240.573982  61.226591   139.076   139.037  4 57032.84075799 32.551
 241 240.576443  61.227400   139.051   139.060  4 57042.75640462 29.848
 242 240.578076  61.227537   138.871   138.849  5 57052.67204902 29.503
 243 240.576915  61.227404   138.805   138.842  5 57062.58768878 26.609
 244 240.576814  61.227356   138.703   138.745  5 57072.50332334 24.926
 245 240.581015  61.227654   138.467   138.485  4 57082.41895421 21.877
 246 240.583746  61.228330   138.525   138.507  4 57092.33460070 21.666
 247 240.583191  61.229106   138.394   138.396  4 57102.25025768 21.290
 248 240.583897  61.228526   142.267   142.423  4 57112.16591138  7.198
 249 240.581173  61.227935   138.588   138.597  4 57122.08155887 13.950
 250 240.576087  61.227839   142.099   142.092  4 57131.99720055 25.507
 251 240.576306  61.227738   142.200   142.188  4 57141.91283785 39.408
 252 240.581980  61.227619   140.164   140.163  4 57151.82847260 50.445
 253 240.584923  61.228853   139.981   139.549  5 57161.74410352 52.800
 254 240.580222  61.228562   141.523   142.038  4 57171.65976028 31.781
 255 240.576076  61.226986   140.319   139.970  5 57181.57541483 43.430
 256 240.569942  61.226422   142.260   142.228  5 57191.49106516 27.067
 257 240.569415  61.226259   139.753   139.669  4 57201.40671288 47.454
 258 240.573341  61.226773   139.897   139.922  4 57211.32234721 50.399
 259 240.578904  61.227282   140.602   139.515  4 57221.23799136 49.957
 260 240.580472  61.227508   139.710   139.040  4 57231.15363388 40.688
 261 240.579335  61.227387   140.166   140.158  4 57241.06927375 32.428
 262 240.577464  61.227386   139.885   139.826  5 57250.98491091 49.418
 263 240.579182  61.228096   141.986   141.961  4 57260.90054635 26.091
 264 240.586386  61.228660   141.898   141.910  5 57270.81618112 29.378
 265 240.587568  61.229471   141.888   141.881  5 57280.73183604 30.456
 266 240.588069  61.228703   142.041   142.037  5 57290.64749157 26.394
 267 240.583465  61.227713   141.865   141.905  4 57300.56314365 26.916
 268 240.575362  61.227351   139.873   138.944  5 57310.47879161 45.915
 269 240.572247  61.226819   142.108   142.108  5 57320.39443660 34.689
 270 240.573773  61.227020   138.457   138.469  5 57330.31007915 46.522
 271 240.578228  61.227666   138.158   138.152  4 57340.22571974 41.914
 272 240.577583  61.227412   137.895   137.883  4 57350.14136966 39.281
 273 240.572047  61.227278   138.746   138.735  4 57360.05701433 38.770
 274 240.569454  61.225910   138.804   138.794  4 57369.97265628 34.307
 275 240.569987  61.225867   138.728   138.716  5 57379.88829608 33.034
 276 240.576692  61.226702   138.617   138.620  4 57389.80393526 32.447
 277 240.583633  61.228078   138.610   138.587  4 57399.71957348 26.819
 278 240.586399  61.228715   138.539   138.510  5 57409.63521224 29.834
 279 240.582462  61.227512   138.686   138.691  4 57419.55086478 27.949
 280 240.577023  61.226931   138.633   138.598  4 57429.46651447 23.134
 281 240.575684  61.227189   138.689   138.743  5 57439.38216212 24.192
 282 240.579341  61.228095   138.515   138.527  4 57449.29780895 23.840
 283 240.584950  61.228262   138.505   138.507  4 57459.21345467 23.996
 284 240.584427  61.228972   138.310   138.295  4 57469.12909669 22.494
 285 240.582219  61.228423   146.853   146.848  5 57479.04473467  6.890
 286 240.579698  61.227611   138.650   138.614  5 57488.96036963 13.939
 287 240.579669  61.227593   138.525   138.522  4 57498.87600278 21.340
 288 240.581292  61.228152   142.321   142.280  5 57508.79164521 39.352
 289 240.579213  61.228589   140.893   140.597  4 57518.70730109 51.243
 290 240.581239  61.227337   139.799   139.788  4 57528.62295471 51.884
 291 240.575166  61.227217   142.300   142.220  5 57538.53860445 36.569
 292 240.571456  61.226206   140.280   139.993  4 57548.45425181 54.122
 293 240.570435  61.225774   140.222   140.163  4 57558.36989789 51.751
 294 240.573570  61.226466   141.632   142.071  4 57568.28554325 29.414
 295 240.579489  61.226991   140.755   140.468  4 57578.20118826 35.230
 296 240.582264  61.227580   139.965   139.804  4 57588.11683155 49.948
 297 240.579971  61.227964   141.407   141.938  4 57598.03247188 27.863
