-132480.713   177.703     0.00   16.61
-132194.237   178.398     2.43   14.91
-131907.758   179.710     4.58   12.36
-131621.275   181.413     5.94    9.51
-131334.789   183.050     5.72    5.57
-131048.301   183.340     1.01    7.93
-130761.809   183.227    -0.39   11.91
-130475.313   181.609    -5.65   16.93
-130188.815   179.340    -7.92   22.20
-129902.314   170.618   -30.44   37.05
-129615.809   159.909   -37.38   48.09
-129329.301   146.585   -46.50   55.36
-129042.790   131.681   -52.02   58.29
-128756.276   125.294   -22.29   57.41
-128469.759   121.081   -14.70   56.85
-128183.239   119.040    -7.12   56.05
-127896.715   119.028    -0.04   56.32
-127610.189   126.128    24.78   58.98
-127323.659   137.944    41.24   59.46
-127037.126   150.086    42.37   56.93
-126750.590   163.236    45.89   51.53
-126464.051   175.375    42.36   42.75
-126177.508   186.331    38.23   30.13
-125890.963   194.257    27.66   13.92
-125604.414   197.916    12.77    3.53
-125317.862   198.434     1.81    2.69
-125031.307   198.516     0.29    2.75
-124744.749   198.753     0.83    2.67
-124458.188   199.099     1.21    2.75
-124171.623   199.739     2.23    2.88
-123885.056   200.618     3.07    2.66
-123598.485   201.421     2.80    2.16
-123311.911   201.063    -1.25    5.87
-123025.334   198.801    -7.90   15.28
-122738.754   195.811   -10.43   21.45
-122452.171   191.614   -14.65   25.52
-122165.584   185.331   -21.92   31.76
-121878.994   180.438   -17.07   34.57
-121592.402   179.758    -2.37   33.96
-121305.806   181.380     5.66   32.89
-121019.206   180.069    -4.58   34.16
-120732.604   179.323    -2.60   34.11
-120445.999   180.459     3.96   33.10
-120159.390   182.470     7.02   31.63
-119872.778   186.289    13.33   29.78
-119586.163   191.239    17.27   25.63
-119299.545   192.598     4.74   23.00
-119012.924   192.992     1.38   22.65
-118726.300   195.091     7.32   19.83
-118439.672   195.580     1.71   19.94
-118153.042   197.580     6.98   19.72
-117866.408   199.923     8.17   18.80
-117579.771   202.113     7.64   17.90
-117293.131   204.826     9.46   16.88
-117006.487   206.536     5.97   16.12
-116719.841   209.215     9.35   14.02
-116433.191   211.618     8.38    9.32
-116146.539   212.099     1.68    5.84
-115859.883   211.022    -3.76    5.95
-115573.224   209.881    -3.98    5.95
-115286.562   208.910    -3.39    5.44
-114999.896   208.296    -2.14    4.66
-114713.228   207.575    -2.52    3.52
-114426.556   207.068    -1.77    2.15
-114139.881   206.833    -0.82    1.87
-113853.203   207.560     2.53    2.43
-113566.522   208.578     3.55    2.88
-113279.838   209.661     3.78    3.08
-112993.150   210.756     3.82    2.87
-112706.460   211.694     3.27    2.47
-112419.766   212.262     1.98    1.85
-112133.069   212.271     0.03    1.60
-111846.369   212.007    -0.92    1.45
-111559.665   211.753    -0.89    1.38
-111272.959   211.644    -0.38    1.33
-110986.249   211.618    -0.09    1.30
-110699.537   211.797     0.62    1.43
-110412.821   212.305     1.77    1.45
-110126.102   212.883     2.02    1.14
-109839.380   213.278     1.38    0.81
-109552.654   213.441     0.57    0.69
-109265.926   213.628     0.65    0.47
-108979.194   213.691     0.22    0.44
-108692.459   213.714     0.08    0.42
-108405.721   213.750     0.12    0.40
-108118.980   213.855     0.37    0.31
-107832.236   213.917     0.22    0.23
-107545.488   214.040     0.43    0.36
-107258.738   214.255     0.75    0.56
-106971.984   214.441     0.65    0.64
-106685.227   214.628     0.65    0.66
-106398.467   214.880     0.88    0.66
-106111.799   215.139     0.90    0.61
-105825.636   215.324     0.65    0.59
-105539.470   215.550     0.79    0.69
-105253.302   215.951     1.40    1.12
-104967.132   216.372     1.47    1.38
-104680.959   216.784     1.44    1.40
-104394.784   217.186     1.40    1.34
-104108.607   217.459     0.95    1.22
-103822.427   217.759     1.05    1.07
-103536.244   217.966     0.72    0.93
-103250.059   218.057     0.32    0.84
-102963.872   218.139     0.29    0.86
-102677.683   218.368     0.80    1.01
-102391.491   218.746     1.32    1.15
-102105.296   219.161     1.45    1.20
-101819.099   219.479     1.11    1.23
-101532.900   219.839     1.26    1.16
-101246.698   220.126     1.00    1.03
-100960.494   220.221     0.33    0.97
-100674.288   220.078    -0.50    1.20
-100388.079   219.618    -1.61    1.61
-100101.867   218.986    -2.21    1.83
 -99815.653   218.200    -2.75    1.86
 -99529.437   217.438    -2.66    1.68
 -99243.219   216.951    -1.70    1.45
 -98956.998   216.625    -1.14    1.26
 -98670.774   216.346    -0.98    1.27
 -98384.548   216.016    -1.15    1.35
 -98098.320   215.625    -1.36    1.55
 -97812.089   214.952    -2.35    1.88
 -97525.856   214.189    -2.66    2.08
 -97239.621   213.264    -3.23    2.13
 -96953.383   212.328    -3.27    2.11
 -96667.142   211.625    -2.46    2.10
 -96380.900   211.020    -2.11    2.13
 -96094.654   210.632    -1.36    2.25
 -95808.407   210.289    -1.20    2.41
 -95522.157   209.740    -1.92    2.54
 -95235.904   209.182    -1.95    2.81
 -94949.649   208.522    -2.31    3.16
 -94663.392   207.513    -3.53    3.65
 -94377.132   206.287    -4.28    4.25
 -94090.870   204.644    -5.74    4.28
 -93804.606   203.611    -3.61    3.79
 -93518.339   202.883    -2.54    3.26
 -93232.070   202.370    -1.79    2.82
 -92945.798   201.826    -1.90    2.39
 -92659.524   201.560    -0.93    2.07
 -92373.247   201.427    -0.46    1.83
 -92086.968   201.150    -0.97    1.95
 -91800.686   200.611    -1.88    1.90
 -91514.403   200.057    -1.94    1.85
 -91228.116   199.465    -2.07    1.81
 -90941.828   198.883    -2.03    1.74
 -90655.536   198.304    -2.02    1.57
 -90369.243   197.801    -1.76    1.44
 -90082.947   197.379    -1.47    1.28
 -89796.649   197.158    -0.77    1.17
 -89510.348   197.079    -0.28    1.08
 -89224.045   197.113     0.12    1.13
 -88937.739   197.152     0.13    1.16
 -88651.431   197.085    -0.23    1.21
 -88365.120   196.733    -1.23    1.48
 -88078.807   196.042    -2.42    2.05
 -87792.492   194.985    -3.69    2.78
 -87506.174   193.761    -4.28    3.63
 -87219.854   192.584    -4.11    4.05
 -86933.532   191.441    -3.99    4.36
 -86647.207   190.184    -4.39    4.66
 -86360.879   189.808    -1.31    4.70
 -86074.549   189.766    -0.15    4.79
 -85788.217   189.923     0.55    4.75
 -85501.882   190.894     3.39    3.63
 -85215.545   191.124     0.80    3.28
 -84929.206   190.848    -0.96    3.36
 -84642.864   190.611    -0.83    3.37
 -84356.520   190.373    -0.83    3.44
 -84070.173   190.595     0.78    3.67
 -83783.824   190.820     0.79    3.94
 -83497.472   190.894     0.26    3.92
 -83211.118   190.916     0.08    4.03
 -82924.762   190.866    -0.17    4.12
 -82638.403   190.391    -1.66    4.20
 -82352.041   189.050    -4.68    4.29
 -82065.678   187.229    -6.36    4.05
 -81779.312   185.444    -6.23    3.96
 -81492.943   183.848    -5.58    4.31
 -81206.572   182.224    -5.67    4.56
 -80920.199   180.696    -5.34    4.45
 -80633.823   179.171    -5.32    4.19
 -80347.445   177.684    -5.19    4.14
 -80061.064   176.243    -5.03    4.02
 -79774.681   174.839    -4.90    4.08
 -79488.295   173.395    -5.04    4.07
 -79201.907   171.544    -6.46    4.28
 -78915.517   169.602    -6.78    4.39
 -78629.124   167.814    -6.24    4.67
 -78342.729   166.248    -5.47    4.76
 -78056.331   164.528    -6.01    5.07
 -77769.931   163.043    -5.18    5.31
 -77483.529   161.661    -4.83    5.59
 -77197.124   160.973    -2.40    6.04
 -76910.717   160.455    -1.81    6.63
 -76624.307   160.037    -1.46    7.01
 -76337.895   159.393    -2.25    7.67
 -76051.480   158.636    -2.64    8.10
 -75765.063   157.802    -2.91    8.20
 -75478.644   156.427    -4.80    8.12
 -75192.222   154.820    -5.61    8.19
 -74905.798   152.157    -9.30    8.44
 -74619.371   149.859    -8.02    7.73
 -74332.942   147.793    -7.21    6.96
 -74046.511   145.839    -6.82    6.45
 -73760.077   143.937    -6.64    5.52
 -73473.640   142.065    -6.54    4.89
 -73187.201   140.207    -6.49    4.95
 -72900.760   138.478    -6.03    4.75
 -72614.317   136.672    -6.30    4.42
 -72327.871   134.813    -6.49    4.45
 -72041.422   133.083    -6.04    4.51
 -71754.971   131.378    -5.95    4.44
 -71468.518   129.895    -5.18    4.49
 -71182.062   128.547    -4.71    4.48
 -70895.604   127.129    -4.95    4.57
 -70609.143   125.388    -6.08    4.86
 -70322.680   122.868    -8.80    6.26
 -70036.215   116.917   -20.77   14.96
 -69749.747   108.462   -29.52   20.99
 -69463.277    98.144   -36.01   23.97
 -69176.804    88.855   -32.43   23.28
 -68890.329    86.049    -9.80   23.07
 -68603.851    86.085     0.13   22.75
 -68317.371    87.951     6.51   22.39
 -68030.889    92.703    16.59   21.18
 -67744.404    96.760    14.16   18.87
 -67457.917    99.672    10.16   15.36
 -67171.427   100.710     3.62   11.48
 -66884.935    97.897    -9.82    9.97
 -66598.440    95.390    -8.75    9.07
 -66311.943    93.499    -6.60    8.55
 -66025.444    91.666    -6.40    8.01
 -65738.942    89.430    -7.80    7.01
 -65452.438    88.023    -4.91    6.58
 -65165.931    86.602    -4.96    6.25
 -64879.422    85.124    -5.16    5.67
 -64592.910    83.810    -4.59    5.13
 -64306.396    82.365    -5.04    4.71
 -64019.880    81.393    -3.39    4.40
 -63733.361    80.465    -3.24    3.96
 -63446.840    79.573    -3.11    3.69
 -63160.316    78.764    -2.82    3.43
 -62873.790    78.001    -2.66    3.12
 -62587.262    77.320    -2.37    2.92
 -62300.731    76.547    -2.70    2.72
 -62014.198    75.754    -2.77    2.69
 -61727.662    74.923    -2.90    2.78
 -61441.124    73.931    -3.46    2.88
 -61154.583    72.999    -3.25    2.88
 -60868.040    72.014    -3.44    2.80
 -60581.494    71.096    -3.20    2.63
 -60294.946    70.177    -3.21    2.45
 -60008.396    69.365    -2.83    2.27
 -59721.843    68.554    -2.83    2.02
 -59435.288    67.874    -2.37    1.80
 -59148.730    67.352    -1.82    1.60
 -58862.170    66.973    -1.32    1.50
 -58575.608    66.656    -1.11    1.43
 -58289.043    66.403    -0.88    1.47
 -58002.476    66.134    -0.94    1.51
 -57715.906    65.890    -0.85    1.60
 -57429.334    65.577    -1.09    1.71
 -57142.759    65.149    -1.50    1.74
 -56856.182    64.585    -1.97    1.71
 -56569.603    64.109    -1.66    1.64
 -56283.021    63.644    -1.62    1.58
 -55996.436    63.175    -1.64    1.52
 -55709.850    62.717    -1.60    1.53
 -55423.260    62.131    -2.05    1.59
 -55136.669    61.495    -2.22    1.66
 -54850.075    60.828    -2.33    1.74
 -54563.478    60.121    -2.47    1.77
 -54276.879    59.319    -2.80    1.73
 -53990.278    58.635    -2.39    1.72
 -53703.674    57.980    -2.28    1.73
 -53417.068    57.444    -1.87    1.75
 -53130.459    56.937    -1.77    1.74
 -52843.848    56.353    -2.04    1.71
 -52557.235    55.618    -2.56    1.70
 -52270.619    54.883    -2.57    1.75
 -51984.001    54.184    -2.44    1.73
 -51697.380    53.383    -2.79    1.75
 -51410.757    52.538    -2.95    1.70
 -51124.131    51.827    -2.48    1.55
 -50837.503    51.164    -2.31    1.32
 -50550.873    50.677    -1.70    1.10
 -50264.240    50.316    -1.26    0.89
 -49977.604    50.022    -1.03    0.78
 -49690.967    49.804    -0.76    0.70
 -49404.326    49.618    -0.65    0.66
 -49117.684    49.444    -0.61    0.58
 -48831.039    49.482     0.13    0.60
 -48544.391    49.570     0.31    0.66
 -48257.741    49.636     0.23    0.69
 -47971.089    49.665     0.10    0.69
 -47684.434    49.637    -0.10    0.68
 -47397.777    49.587    -0.17    0.69
 -47111.117    49.462    -0.44    0.65
 -46824.455    49.356    -0.37    0.67
 -46537.791    49.253    -0.36    0.74
 -46251.124    49.074    -0.62    0.80
 -45964.454    48.855    -0.76    0.85
 -45677.783    48.638    -0.76    0.91
 -45391.108    48.386    -0.88    0.99
 -45104.432    48.099    -1.00    1.08
 -44817.753    47.740    -1.25    1.08
 -44531.071    47.451    -1.01    1.08
 -44244.494    47.164    -1.00    1.07
 -43958.253    46.909    -0.89    0.96
 -43672.009    46.749    -0.56    0.94
 -43385.764    46.550    -0.69    0.83
 -43099.518    46.396    -0.54    0.67
 -42813.269    46.324    -0.25    0.58
 -42527.019    46.482     0.55    0.83
 -42240.768    46.751     0.94    0.97
 -41954.514    46.965     0.75    1.05
 -41668.259    47.243     0.97    1.05
 -41382.002    47.532     1.01    0.94
 -41095.744    47.797     0.92    0.72
 -40809.483    48.044     0.87    0.38
 -40523.221    48.072     0.10    0.33
 -40236.958    48.100     0.10    0.40
 -39950.692    48.059    -0.15    0.43
 -39664.425    47.944    -0.40    0.49
 -39378.156    47.680    -0.92    0.75
 -39091.886    47.331    -1.22    0.96
 -38805.614    46.972    -1.25    1.02
 -38519.340    46.652    -1.12    0.99
 -38233.064    46.373    -0.97    0.84
 -37946.787    46.164    -0.73    0.67
 -37660.508    46.059    -0.36    0.58
 -37374.228    46.097     0.13    0.64
 -37087.945    46.476     1.32    1.52
 -36801.661    46.930     1.59    2.06
 -36515.375    46.952     0.07    2.13
 -36229.088    46.951    -0.00    2.13
 -35942.799    46.937    -0.05    2.15
 -35656.508    46.874    -0.22    2.08
 -35370.215    46.329    -1.90    1.83
 -35083.921    45.859    -1.64    1.15
 -34797.625    45.799    -0.21    1.71
 -34511.328    46.087     1.01    2.30
 -34225.028    46.229     0.50    2.55
 -33938.727    46.115    -0.40    2.56
 -33652.424    46.054    -0.21    2.51
 -33366.120    45.993    -0.21    2.24
 -33079.814    45.750    -0.85    2.13
 -32793.506    45.322    -1.49    2.08
 -32507.196    44.552    -2.69    2.10
 -32220.885    44.024    -1.84    1.99
 -31934.572    43.966    -0.20    2.01
 -31648.258    43.980     0.05    2.03
 -31361.941    43.980     0.00    1.99
 -31075.623    44.002     0.07    1.85
 -30789.303    44.149     0.51    1.72
 -30502.982    44.210     0.21    1.53
 -30216.659    44.321     0.39    1.45
 -29930.334    44.359     0.13    1.30
 -29644.007    44.427     0.24    1.17
 -29357.679    44.527     0.35    1.09
 -29071.349    44.572     0.16    1.02
 -28785.018    44.743     0.60    0.98
 -28498.684    44.889     0.51    0.92
 -28212.349    45.051     0.57    0.94
 -27926.012    45.057     0.02    1.16
 -27639.674    44.812    -0.86    1.64
 -27353.334    44.528    -0.99    1.83
 -27066.992    44.311    -0.76    2.01
 -26780.648    44.182    -0.45    2.12
 -26494.303    44.154    -0.10    2.19
 -26207.956    43.875    -0.98    2.33
 -25921.607    43.833    -0.15    2.45
 -25635.257    44.278     1.55    2.38
 -25348.905    44.468     0.67    2.28
 -25062.551    44.455    -0.05    2.10
 -24776.196    44.271    -0.64    1.90
 -24489.839    44.331     0.21    1.57
 -24203.480    44.400     0.24    1.20
 -23917.119    44.280    -0.42    1.15
 -23630.757    44.211    -0.24    1.15
 -23344.393    44.302     0.32    1.18
 -23058.027    44.409     0.37    1.16
 -22771.660    44.419     0.04    1.13
 -22485.291    44.519     0.35    1.02
 -22198.920    44.579     0.21    0.94
 -21912.547    44.696     0.41    0.91
 -21626.173    44.863     0.58    0.92
 -21339.797    45.287     1.48    1.45
 -21053.420    46.026     2.58    2.31
 -20767.040    46.917     3.11    2.97
 -20480.660    48.310     4.86    3.56
 -20194.277    49.689     4.82    3.66
 -19907.892    50.588     3.14    3.40
 -19621.506    51.322     2.56    2.98
 -19335.118    52.042     2.52    2.39
 -19048.729    52.553     1.78    1.78
 -18762.338    52.959     1.42    1.06
 -18475.945    53.015     0.20    0.81
 -18189.550    53.086     0.25    0.74
 -17903.154    53.280     0.68    0.63
 -17616.756    53.521     0.84    0.55
 -17330.356    53.795     0.96    0.61
 -17043.955    54.033     0.83    0.74
 -16757.552    54.355     1.12    0.98
 -16471.147    54.747     1.37    1.26
 -16184.740    55.239     1.72    1.54
 -15898.332    55.924     2.39    1.85
 -15611.922    56.630     2.47    2.12
 -15325.510    56.937     1.07    2.16
 -15039.097    57.016     0.27    2.12
 -14752.682    56.966    -0.18    2.04
 -14466.265    56.859    -0.37    1.82
 -14179.847    56.533    -1.14    1.75
 -13893.427    55.895    -2.23    1.70
 -13607.005    55.203    -2.42    1.62
 -13320.581    54.531    -2.35    2.03
 -13034.156    53.820    -2.48    2.17
 -12747.729    52.999    -2.87    2.20
 -12461.300    52.239    -2.65    2.45
 -12174.870    51.712    -1.84    2.88
 -11888.438    50.097    -5.64    5.02
 -11602.004    47.465    -9.19    7.11
 -11315.569    44.113   -11.70    8.47
 -11029.132    40.656   -12.07    8.56
 -10742.693    36.682   -13.87    8.93
 -10456.252    31.703   -17.38    9.19
 -10169.810    27.142   -15.93    8.93
  -9883.366    23.306   -13.39    9.48
  -9596.920    20.389   -10.18    9.13
  -9310.473    18.013    -8.29    7.69
  -9024.024    15.849    -7.56    5.39
  -8737.573    13.985    -6.51    4.28
  -8451.120    12.572    -4.93    4.82
  -8164.666    12.244    -1.15    6.57
  -7878.210    15.172    10.22   11.10
  -7591.753    18.910    13.05   14.69
  -7305.293    22.979    14.20   17.08
  -7018.832    27.266    14.97   18.27
  -6732.369    33.767    22.69   17.52
  -6445.905    40.292    22.78   14.71
  -6159.439    45.214    17.18   10.81
  -5872.971    48.916    12.92    5.25
  -5586.501    50.278     4.75    3.65
  -5300.030    50.665     1.35    2.93
  -5013.557    50.924     0.90    2.93
  -4727.083    51.088     0.57    3.53
  -4440.606    50.931    -0.55    3.94
  -4154.128    50.472    -1.60    4.15
  -3867.648    49.812    -2.30    4.70
  -3581.167    47.938    -6.54    7.30
  -3294.684    42.479   -19.05   14.67
  -3008.199    35.091   -25.79   19.24
  -2721.712    26.717   -29.23   20.89
  -2435.224    18.839   -27.50   19.90
  -2148.734    11.271   -26.42   16.59
  -1862.242     5.342   -20.70   10.97
  -1575.749     1.563   -13.19    4.95
  -1289.254     0.093    -5.13    1.19
  -1002.757    -0.056    -0.52    0.00
   -716.258    -0.056     0.00    0.00
   -429.758    -0.056     0.00    0.00
   -143.256     0.387     1.54    2.91
    143.247     3.301    10.17    8.89
    429.753     8.728    18.94   14.68
    716.260    15.420    23.36   18.13
   1002.769    21.665    21.79   18.49
   1289.279    25.937    14.91   16.55
   1575.791    29.966    14.06   13.95
   1862.305    33.550    12.51   10.48
   2148.821    34.909     4.74    9.64
   2435.338    36.135     4.28    8.88
   2721.857    36.840     2.46    7.56
   3008.378    37.958     3.91    5.48
   3294.900    39.365     4.91    6.03
   3581.424    40.157     2.76    6.71
   3867.950    41.420     4.41    8.68
   4154.477    43.278     6.48   10.41
   4441.007    44.563     4.49   10.53
   4727.538    46.115     5.41    9.61
   5014.070    45.738    -1.32    9.43
   5300.604    43.979    -6.14    9.63
   5587.141    41.859    -7.40    9.35
   5873.678    39.124    -9.55    7.50
   6160.218    37.723    -4.89    5.84
   6446.759    38.173     1.57    7.27
   6733.302    39.297     3.92    8.74
   7019.846    40.363     3.72    9.49
   7306.393    40.820     1.60    9.45
   7592.941    41.193     1.30    8.64
   7879.490    41.679     1.70    7.90
   8166.042    42.167     1.70    7.82
   8452.595    43.325     4.04    8.51
   8739.150    45.572     7.84    9.66
   9025.706    48.503    10.23   10.01
   9312.264    50.862     8.23    9.30
   9598.824    52.308     5.05    8.37
   9885.386    53.812     5.25    7.93
  10171.949    55.371     5.44    8.01
  10458.514    55.691     1.12    7.89
  10745.081    55.732     0.14    7.75
  11031.649    56.177     1.55    7.33
  11318.220    56.768     2.06    7.01
  11604.791    57.451     2.38    6.51
  11891.365    57.462     0.04    5.77
  12177.940    57.557     0.33    5.23
  12464.517    58.115     1.95    4.74
  12751.096    58.417     1.06    4.21
  13037.676    58.815     1.39    3.76
  13324.258    59.448     2.21    3.18
  13610.842    59.978     1.85    3.07
  13897.428    60.487     1.78    2.79
  14184.015    60.880     1.37    2.28
  14470.604    61.065     0.65    1.97
  14757.194    60.987    -0.27    1.76
  15043.787    60.838    -0.52    1.63
  15330.381    60.677    -0.56    1.37
  15616.977    60.540    -0.48    1.11
  15903.574    60.313    -0.79    0.90
  16190.173    60.121    -0.67    0.79
  16476.774    60.111    -0.04    0.86
  16763.377    60.390     0.97    1.28
  17049.981    60.986     2.08    1.78
  17336.587    61.903     3.20    2.17
  17623.097    63.013     3.87    2.18
  17909.416    64.189     4.11    1.95
  18195.735    65.273     3.79    1.78
  18482.056    66.294     3.57    1.78
  18768.378    67.278     3.44    1.69
  19054.700    68.130     2.98    1.58
  19341.024    68.923     2.77    1.46
  19627.349    69.602     2.37    1.26
  19913.674    70.313     2.49    1.16
  20200.001    70.966     2.28    1.12
  20486.329    71.630     2.32    1.24
  20772.657    72.304     2.35    1.35
  21058.987    72.980     2.36    1.44
  21345.317    73.723     2.59    1.44
  21631.649    74.515     2.77    1.41
  21917.981    75.304     2.75    1.40
  22204.315    76.091     2.75    1.45
  22490.649    76.931     2.93    1.55
  22776.985    77.779     2.96    1.58
  23063.321    78.667     3.10    1.61
  23349.658    79.551     3.09    1.61
  23635.997    80.527     3.41    1.60
  23922.336    81.390     3.01    1.64
  24208.676    82.207     2.85    1.63
  24495.018    82.992     2.74    1.69
  24781.360    83.875     3.08    1.85
  25067.703    84.715     2.93    2.08
  25354.048    85.518     2.80    2.24
  25640.393    86.385     3.03    2.29
  25926.739    87.113     2.54    2.07
  26213.086    87.809     2.43    1.82
  26499.434    88.491     2.38    1.76
  26785.783    89.144     2.28    1.83
  27072.133    89.888     2.60    2.03
  27358.485    90.611     2.53    2.06
  27644.837    91.360     2.62    1.99
  27931.190    92.242     3.08    2.06
  28217.544    93.242     3.49    2.31
  28503.899    94.285     3.64    2.69
  28790.255    95.437     4.02    3.15
  29076.612    96.763     4.63    3.46
  29362.970    98.014     4.37    3.58
  29649.328    99.172     4.04    3.57
  29935.688   100.273     3.85    3.64
  30222.049   101.335     3.71    3.68
  30508.411   102.257     3.22    3.72
  30794.774   103.369     3.88    3.84
  31081.138   104.573     4.20    4.07
  31367.503   105.876     4.55    4.23
  31653.868   107.128     4.37    4.32
  31940.235   108.296     4.08    4.27
  32226.603   109.561     4.42    4.23
  32512.971   110.682     3.92    4.04
  32799.341   111.764     3.78    3.84
  33085.712   112.607     2.94    3.57
  33372.083   113.257     2.27    3.19
  33658.456   114.023     2.68    2.81
  33944.830   114.766     2.59    2.37
  34231.204   115.412     2.26    2.11
  34517.580   116.150     2.58    2.06
  34803.956   117.022     3.04    2.28
  35090.334   118.086     3.72    2.40
  35376.712   119.275     4.15    2.29
  35663.092   120.353     3.76    2.26
  35949.472   121.564     4.23    2.31
  36235.854   122.895     4.65    2.48
  36522.236   124.364     5.13    2.67
  36808.620   125.778     4.94    2.78
  37095.004   127.097     4.61    2.77
  37381.389   128.335     4.32    2.65
  37667.776   129.479     4.00    2.43
  37954.163   130.662     4.13    2.34
  38240.551   131.829     4.08    2.43
  38526.941   133.169     4.68    2.79
  38813.331   134.623     5.08    3.14
  39099.722   136.303     5.87    3.47
  39386.114   138.176     6.54    3.75
  39672.507   140.184     7.01    3.82
  39958.902   142.194     7.02    3.72
  40245.297   144.232     7.11    3.55
  40531.693   146.146     6.68    3.35
  40818.090   147.930     6.23    3.22
  41104.488   149.552     5.66    2.89
  41390.887   151.037     5.19    2.70
  41677.287   152.377     4.68    2.57
  41963.688   153.505     3.94    2.37
  42250.090   154.423     3.21    2.25
  42536.493   155.325     3.15    2.24
  42822.897   156.240     3.20    2.37
  43109.302   157.497     4.39    2.79
  43395.708   158.853     4.73    3.31
  43682.115   160.367     5.29    3.59
  43968.523   161.896     5.34    3.75
  44254.932   163.448     5.42    3.62
  44541.342   165.028     5.52    3.54
  44827.752   166.333     4.56    3.78
  45114.164   167.291     3.35    4.10
  45400.577   168.407     3.90    4.83
  45686.991   169.482     3.75    5.46
  45973.405   170.184     2.45    5.85
  46259.821   170.734     1.92    6.23
  46546.238   171.162     1.50    6.50
  46832.656   171.779     2.15    6.61
  47119.074   172.421     2.24    6.56
  47405.494   173.448     3.59    6.73
  47691.915   174.786     4.67    6.78
  47978.336   175.645     3.00    6.53
  48264.759   176.563     3.21    6.17
  48551.182   177.451     3.10    5.71
