# NaN NaN NaN ;Mean Elev.(m), Avg Gradient(m/km), RMS Gradient(m/km) - SRTM1     
#   90.372 -29.153 129.762 ;Mean Elev.(m), Avg Gradient(m/km), RMS Gradient(m/km) - ASTER GDEM
#   98.282 -30.005 134.611 ;Mean Elev.(m), Avg Gradient(m/km), RMS Gradient(m/km) - GMTED2010 
   1 236.657167  62.373317   105.170   105.178  4 54668.77294184 51.016
   2 236.655228  62.374056   117.677   119.774  5 54678.68858596 18.905
   3 236.653871  62.375107     1.417     1.425  3 54688.60422893  0.426
   4 236.656573  62.375996   118.700   119.020  5 54698.51987020 19.243
   5 236.655605  62.374247     1.646     1.381  6 54708.43551286  0.377
   6 236.656791  62.373065   117.894   118.110  6 54718.35116442 22.185
   8 236.656052  62.371795   156.821   156.984  6 54738.18246081 26.001
   9 236.656874  62.373608   106.451   109.211  5 54748.09810850 32.248
  10 236.665540  62.377448   102.650   102.650  2 54758.01375682 55.698
  12 236.657443  62.373189   103.309   103.335  6 54777.84504221 46.316
  13 236.656725  62.370987   102.960   103.011  6 54787.76068106 44.108
  14 236.655360  62.370106   103.503   103.479  6 54797.67631889 28.145
  15 236.654847  62.371058   106.091   106.742  6 54807.59195681 24.401
  16 236.655563  62.372270   121.679   121.860  6 54817.50759427 18.156
  17 236.656838  62.373906   128.474   128.276  5 54827.42324428 15.072
  18 236.657547  62.374797   129.986   129.883  5 54837.33888343 14.845
  19 236.656734  62.375775   131.323   131.026  6 54847.25453282 14.789
  20 236.656189  62.376915   113.695   113.651  6 54857.17018173 19.519
  21 236.656894  62.378368   107.425   107.903  6 54867.08583088 21.239
  22 236.657815  62.378530   106.753   106.407  5 54877.00147931 21.430
  23 236.655987  62.376487   112.426   114.368  5 54886.91712425 19.398
  24 236.655910  62.374426   128.429   130.201  6 54896.83276591 15.802
  25 236.655449  62.373129   130.127   130.236  5 54906.74840492 12.854
  26 236.656903  62.373434   130.024   130.366  5 54916.66404302 13.238
  27 236.656095  62.373534   130.031   130.000  5 54926.57968069 12.885
  28 236.655804  62.373052   124.064   125.506  5 54936.49531769  9.370
  29 236.655594  62.371556   127.654   126.030  5 54946.41095272  7.055
  30 236.655550  62.369191   104.559   104.570  5 54956.32658517 33.965
  31 236.656645  62.369321   113.402   113.373  6 54966.24223392 53.159
  32 236.659775  62.371207   104.861   104.857  5 54976.15788217 54.183
  33 236.655589  62.371862   106.569   106.578  6 54986.07352961 50.196
  34 236.655623  62.373191   106.589   105.630  6 54995.98917760 33.266
  35 236.656428  62.374175   105.333   105.339  6 55005.90482401 49.565
  36 236.656674  62.374796   120.186   120.251  6 55015.82046811 22.293
  37 236.657364  62.375690   105.081   105.034  6 55025.73611083 50.720
  38 236.657199  62.376787   104.501   104.477  5 55035.65175296 44.666
  39 236.656215  62.376517   117.044   116.662  5 55045.56739404 22.446
  40 236.656131  62.374669   117.094   116.574  5 55055.48303323 22.927
  41 236.656877  62.371928   116.933   117.227  6 55065.39867011 22.264
  42 236.656578  62.370932   104.619   104.673  6 55075.31431811 51.193
  43 236.654649  62.371122   119.201   119.720  6 55085.22996581 21.795
  44 236.656436  62.373174   103.984   103.872  5 55095.14561252 52.194
  45 236.656335  62.373960   102.994   102.998  5 55105.06125877 35.788
  46 236.664679  62.375948   103.378   103.378  2 55114.97690570 54.332
  47 236.666032  62.375056   102.834   102.834  2 55124.89254925 55.000
  48 236.666642  62.374161   112.262   112.262  2 55134.80819001 26.362
  49 236.657355  62.371335   103.272   103.286  6 55144.72382746 46.561
  50 236.656898  62.372056   103.210   103.358  6 55154.63946535 41.579
  51 236.657341  62.372926   106.410   107.011  6 55164.55510362 24.732
  52 236.656441  62.372994   109.416   110.236  5 55174.47074145 22.701
  53 236.656884  62.372627   120.732   120.537  6 55184.38638075 20.548
  54 236.656329  62.373616   123.058   123.882  5 55194.30203192 19.606
  55 236.656651  62.375629   127.780   128.031  6 55204.21768205 18.622
  56 236.657064  62.377662   127.759   129.106  6 55214.13333158 16.753
  57 236.656754  62.378042   130.230   132.362  6 55224.04898040 16.215
  58 236.655201  62.376019   130.412   131.348  5 55233.96462719 16.397
  59 236.655845  62.373309   125.576   124.438  6 55243.88027085 16.518
  60 236.657425  62.372034   128.014   128.132  6 55253.79591164 16.375
  61 236.657014  62.372515   105.788   103.631  6 55263.71155038 19.356
  62 236.656570  62.374103   125.820   130.359  5 55273.62718824 14.566
  63 236.655132  62.373941   131.180   131.091  6 55283.54282537 13.284
  64 236.656462  62.372241   135.340   135.720  6 55293.45846120  5.116
  65 236.655065  62.369100   104.598   103.475  5 55303.37409731 20.964
  66 236.655573  62.368669   167.926   167.751  5 55313.28974479 11.224
  67 236.655240  62.369983   108.132   108.113  5 55323.20539030 54.420
  68 236.655432  62.372322   104.107   104.131  5 55333.12103476 51.327
  69 236.657413  62.374511   103.965   104.055  6 55343.03667930 51.694
  70 236.655850  62.374052   116.596   117.263  6 55352.95232287 22.589
  71 236.656973  62.373735   118.870   118.941  6 55362.86796453 21.083
  72 236.655179  62.373232   116.998   117.268  6 55372.78360397 20.293
  73 236.656818  62.374568   104.847   104.813  5 55382.69924253 52.499
  74 236.656013  62.375197   110.497   108.821  6 55392.61487999 26.483
  75 236.657126  62.374765   118.178   118.979  5 55402.53051596 19.425
  76 236.655794  62.372896   155.823   155.426  6 55412.44616695 26.905
  77 236.654336  62.370228   104.216   104.113  6 55422.36181577 39.961
  78 236.656900  62.369737   119.740   119.903  6 55432.27746254 21.295
  79 236.655944  62.371036   104.151   104.141  6 55442.19310726 50.660
  80 236.655322  62.373159   103.785   103.742  5 55452.10875065 52.306
  81 236.655276  62.374274   103.254   103.086  5 55462.02439324 49.245
  82 236.656771  62.373053   119.188   118.585  6 55471.94003409 23.867
  83 236.657934  62.370671   102.481   102.464  4 55481.85567191 45.831
  84 236.655137  62.368015   103.128   103.265  6 55491.77130702 52.328
  85 236.654892  62.368447   103.064   103.090  6 55501.68694082 50.021
  86 236.663567  62.373593   102.351   102.351  2 55511.60258647 50.538
  87 236.656831  62.374321   102.116   102.269  6 55521.51823548 40.632
  88 236.656529  62.375027   108.666   108.843  6 55531.43388386 28.686
  89 236.656473  62.374451   114.261   111.307  5 55541.34953050 24.632
  90 236.656969  62.374333   117.851   117.524  6 55551.26517518 21.976
  91 236.656991  62.375476   118.015   119.276  6 55561.18081851 22.591
  92 236.655413  62.376405   118.285   117.765  5 55571.09646095 21.567
  93 236.656516  62.376530   121.483   121.822  6 55581.01210247 19.589
  94 236.655045  62.373488   126.353   127.905  5 55590.92774037 18.258
  95 236.656141  62.369986   124.053   123.895  6 55600.84337525 15.614
  96 236.652546  62.366631   128.192   128.012  6 55610.75900746 13.399
  97 236.654335  62.367492   129.780   129.076  6 55620.67463942 10.441
  98 236.655871  62.371444   131.194   130.722  5 55630.59029220 10.650
  99 236.656341  62.373350   129.075   130.775  6 55640.50594318 11.849
 100 236.655574  62.372167   130.701   130.681  6 55650.42159115 10.159
 101 236.657248  62.370240   129.935   130.068  6 55660.33723574  3.950
 102 236.654521  62.368526   124.680   124.159  6 55670.25287654  6.604
 103 236.654986  62.369934   123.193   123.020  6 55680.16851617  7.441
 104 236.656136  62.372465   112.778   108.275  6 55690.08415417 29.706
 105 236.655371  62.373476   179.738   183.971  5 55699.99979027 10.478
 106 236.656482  62.373488   182.182   183.015  6 55709.91542947 22.411
 107 236.655598  62.373070   105.149   105.393  6 55719.83107968 33.811
 108 236.662306  62.375226   104.065   104.070  4 55729.74672854 55.707
 109 236.657170  62.374651   109.538   109.953  5 55739.66237462 26.733
 110 236.656175  62.375251   104.847   104.860  5 55749.57801995 51.444
 111 236.655664  62.374775   104.039   103.978  6 55759.49366281 51.080
 112 236.654990  62.372807   104.862   104.920  6 55769.40930268 51.310
 113 236.655864  62.370335   103.967   103.991  6 55779.32493937 31.391
 114 236.656407  62.368522   104.891   105.001  6 55789.24057362 52.666
 115 236.656436  62.368437   104.372   104.376  6 55799.15620687 52.206
 116 236.655415  62.370295   103.581   103.572  5 55809.07185328 50.035
 117 236.654744  62.371864   103.610   103.616  6 55818.98750245 52.071
 118 236.656675  62.371767   104.002   104.031  6 55828.90314739 49.671
 119 236.657065  62.369863   103.102   103.047  6 55838.81878756 52.775
 120 236.653704  62.367520   102.849   102.763  6 55848.73442423 52.589
 121 236.655418  62.368682   120.140   120.526  6 55858.65005959 21.804
 122 236.666732  62.374758   102.204   102.204  2 55868.56570893 41.229
 123 236.655638  62.374289   102.319   102.376  6 55878.48135937 43.117
 124 236.656111  62.374877   117.788   114.555  5 55888.39700441 22.519
 125 236.656437  62.373963   124.353   124.555  6 55898.31264353 20.328
 126 236.655852  62.372506   131.568   132.212  5 55908.22827758 19.007
 127 236.655860  62.373426   131.013   131.184  5 55918.14392606 18.859
 128 236.656191  62.374628   129.552   128.723  5 55928.05957940 18.836
 129 236.655495  62.374250   131.316   131.174  5 55937.97522899 17.847
 130 236.655236  62.372588   131.087   130.455  6 55947.89087355 16.944
 131 236.656139  62.371150   130.448   129.894  5 55957.80651367 16.460
 132 236.656039  62.370426   133.433   133.790  5 55967.72215123 11.897
 133 236.655112  62.370665   133.006   132.907  6 55977.63778789 11.686
 134 236.656960  62.371535   133.157   133.728  6 55987.55342418 12.590
 135 236.655298  62.370792   132.361   132.371  6 55997.46906299 12.161
 136 236.656351  62.370951   129.174   129.466  6 56007.38471432 11.870
 137 236.656577  62.370495   126.204   127.635  5 56017.30036135 12.149
 138 236.656128  62.371005   128.594   128.537  5 56027.21600559 10.131
 139 236.655385  62.372321   136.755   137.569  5 56037.13164831  3.786
 140 236.657072  62.374078   115.233   109.735  5 56047.04728937 23.903
 141 236.656083  62.374276   176.299   176.137  6 56056.96292722  5.730
 142 236.656832  62.373587   180.382   176.260  6 56066.87856083  9.849
 143 236.656880  62.373911   111.765   105.231  6 56076.79420925 46.385
 144 236.655747  62.374447   105.945   105.851  6 56086.70985817 51.860
 145 236.655546  62.374778   107.286   107.248  5 56096.62550466 52.899
 146 236.662674  62.376128   105.612   105.658  3 56106.54114977 52.631
 147 236.655365  62.372487   104.690   104.647  6 56116.45677858 51.873
 148 236.655583  62.370684   118.225   118.082  6 56126.37241616 19.514
 149 236.655798  62.369247   104.281   104.306  5 56136.28804990 51.627
 150 236.656557  62.370043   104.023   104.036  6 56146.20369352 52.688
 151 236.655115  62.371125   104.106   104.114  5 56156.11934317 50.872
 152 236.655459  62.372236   120.147   120.428  6 56166.03499207 20.350
 153 236.656881  62.372477   118.745   118.441  6 56175.95063868 23.263
 154 236.656072  62.371321   104.998   103.467  6 56185.86627992 35.180
 155 236.655599  62.370339   114.440   114.301  5 56195.78191740 38.016
 156 236.656118  62.370775   103.058   103.017  5 56205.69755209 49.545
 157 236.664052  62.373933   102.415   102.415  2 56215.61318621 57.817
 158 236.655784  62.372839   103.308   103.494  6 56225.52882419 48.333
 159 236.655728  62.373861   103.159   103.165  5 56235.44447963 46.999
 160 236.656205  62.374100   102.986   103.007  5 56245.36013116 41.572
 161 236.656092  62.374148   105.383   103.967  5 56255.27577757 25.417
 162 236.655878  62.374749   113.473   110.538  5 56265.19142011 21.518
 163 236.655646  62.375154   112.502   113.444  6 56275.10706095 22.469
 164 236.655143  62.374385   123.680   125.366  5 56285.02270631 19.471
 165 236.655694  62.372857   121.997   121.549  6 56294.93835702 19.415
 166 236.655195  62.370874   127.415   128.131  6 56304.85400337 18.853
 167 236.657200  62.371243   120.542   120.190  6 56314.76964646 17.632
 168 236.656318  62.372500   121.246   120.630  5 56324.68528735 16.084
 169 236.657387  62.374082   123.424   123.817  6 56334.60092763 15.915
 170 236.655353  62.372931   125.803   125.343  6 56344.51656647 15.815
 171 236.656230  62.371080   127.687   129.097  5 56354.43220319 15.152
 172 236.656242  62.369944   123.626   125.324  5 56364.34784733 15.205
 173 236.656223  62.370944   123.945   123.004  5 56374.26349630 15.669
 175 236.655353  62.375528   118.281   118.112  5 56394.09478676 13.783
 176 236.655949  62.376185   118.845   123.300  6 56404.01042905 13.643
 177 236.657210  62.375573   127.632   130.633  5 56413.92606830 11.475
 178 236.655575  62.372993   104.028   104.063  6 56423.84170212 34.181
 179 236.656973  62.373329   181.612   184.983  5 56433.75734711 19.166
 180 236.664567  62.377045   105.188   105.188  2 56443.67300043 57.968
 181 236.657500  62.376669   190.861   194.298  5 56453.58864938  9.488
 182 236.657640  62.376157   105.919   105.985  5 56463.50429625 52.252
 183 236.655121  62.373193   105.742   105.811  6 56473.41993921 51.196
 184 236.656010  62.370708   104.772   104.739  5 56483.33557915 32.611
 185 236.654948  62.369577   104.587   104.589  6 56493.25121572 51.482
 186 236.656051  62.370831   104.846   104.787  6 56503.16685048 50.763
 187 236.656575  62.371972   117.808   118.139  6 56513.08248362 21.973
 188 236.656329  62.372567   104.161   104.188  6 56522.99813267 49.973
 189 236.656717  62.371926   105.504   103.931  6 56532.91378491 36.732
 191 236.655754  62.371089   118.077   118.137  6 56552.74507809 20.827
 192 236.655475  62.373438   121.629   112.023  6 56562.66072103 31.779
 193 236.657239  62.376395   116.799   117.850  5 56572.57636296 24.065
 194 236.658007  62.377216   103.068   102.958  5 56582.49200254 51.203
 195 236.664738  62.376820   102.763   102.763  2 56592.40763812 54.248
 196 236.665015  62.375677   111.872   111.872  2 56602.32328867 26.201
 197 236.656129  62.373223   102.655   102.659  6 56612.23893699 45.053
 198 236.655892  62.374448   103.240   103.214  6 56622.15458218 37.903
 199 236.656147  62.375528   104.477   104.489  5 56632.07022451 33.352
 200 236.655908  62.374425   106.514   106.510  5 56641.98586231 24.007
 201 236.656505  62.372489   104.180   104.107  5 56651.90151137 28.293
 202 236.656138  62.370577   104.290   104.287  5 56661.81716105 27.057
 203 236.656228  62.370517   104.125   104.102  6 56671.73280790 26.256
 204 236.654828  62.372442   103.826   103.834  6 56681.64845297 25.034
 205 236.656730  62.374784   111.043   111.469  6 56691.56409636 20.235
 206 236.657150  62.374702   111.452   108.722  5 56701.47973555 20.836
 207 236.656367  62.371908   109.646   103.476  5 56711.39536947 22.219
 208 236.655644  62.370632   108.321   103.276  5 56721.31101365 22.299
 209 236.655866  62.371900   104.117   102.595  6 56731.22666546 24.359
 210 236.657239  62.375203   131.099   131.159  6 56741.14231393 15.420
 211 236.658109  62.377862   132.245   132.453  5 56751.05795804 15.023
 212 236.655224  62.377173   131.057   130.638  5 56760.97359642 14.871
 213 236.655934  62.374956   120.014   119.978  6 56770.88922832 15.191
 214 236.655337  62.373922   120.140   120.366  6 56780.80488201 21.012
 215 236.655852  62.374253   182.108   179.516  6 56790.72053700 11.130
 216 236.657606  62.376130   117.912   119.425  5 56800.63618911 23.947
 217 236.657176  62.377125   104.732   104.758  6 56810.55183403 44.090
 218 236.656730  62.376426   155.501   155.637  6 56820.46747394 26.822
 219 236.655581  62.373475   105.753   105.672  5 56830.38310955 50.591
 220 236.655770  62.370186   104.341   104.345  6 56840.29874202 53.714
 221 236.655842  62.368822   105.428   105.573  6 56850.21437674 39.635
 222 236.657018  62.371700   120.065   120.327  6 56860.13003171 21.216
 223 236.656562  62.374441   103.405   103.453  5 56870.04568574 40.198
 224 236.665783  62.378117   113.396   113.396  2 56879.96133817 22.281
 225 236.655448  62.374650   117.131   117.798  5 56889.87698445 21.708
 226 236.663569  62.375790   114.795   113.325  3 56899.79263009 22.585
 227 236.656119  62.374421   102.823   102.687  5 56909.70827180 51.417
 228 236.655573  62.375986   102.488   102.561  5 56919.62391269 50.749
 229 236.664766  62.379871   113.394   112.989  3 56929.53955258 22.278
 230 236.664158  62.379068   102.129   102.129  2 56939.45518644 56.595
 231 236.656248  62.374909   103.007   103.156  6 56949.37082145 47.598
 232 236.665607  62.376607   102.286   102.286  2 56959.28647496 52.403
 233 236.657213  62.374107   102.921   102.987  6 56969.20212130 48.194
 234 236.656900  62.374313   102.103   102.021  5 56979.11776483 43.552
 235 236.657411  62.374488   103.162   103.309  6 56989.03340402 36.953
 236 236.656907  62.372833   103.386   103.356  6 56998.94903668 33.613
 237 236.655478  62.371766   103.585   103.639  6 57008.86468771 31.278
 238 236.657123  62.371567   103.618   103.603  6 57018.78034066 30.143
 239 236.657141  62.371858   108.224   106.389  6 57028.69599030 25.134
 240 236.656282  62.373024   106.333   107.055  5 57038.61163821 23.930
 241 236.655987  62.374256   105.986   106.495  5 57048.52728375 23.145
 242 236.656292  62.374419   111.463   109.406  5 57058.44292533 22.136
 243 236.655140  62.372884   108.069   102.870  6 57068.35856097 22.692
 244 236.654592  62.371620   102.633   102.624  6 57078.27419244 22.952
 245 236.655173  62.371740   125.200   125.798  5 57088.18982682 13.678
 246 236.656501  62.374960   123.686   123.787  5 57098.10548584 13.694
 247 236.655360  62.376777   123.713   123.511  5 57108.02114158 14.071
 248 236.656581  62.377216   133.060   133.971  5 57117.93679229  8.796
 249 236.656683  62.376046   102.689   102.726  6 57127.85243656 17.830
 250 236.655623  62.374388   119.043   120.152  6 57137.76807515 19.595
 251 236.655088  62.373284   108.548   108.418  5 57147.68370989 47.158
 252 236.655260  62.372443   103.887   103.686  6 57157.59934216 46.542
 253 236.655080  62.372254   104.835   104.750  5 57167.51498819 34.145
 254 236.657246  62.373056   104.356   104.400  6 57177.43064470 52.602
 255 236.655232  62.372079   118.477   118.178  6 57187.34629659 20.048
 256 236.655275  62.371944   120.185   120.116  5 57197.26194469 19.582
 257 236.655527  62.372596   118.983   120.113  5 57207.17757931 20.176
 258 236.655343  62.373523   152.246   150.451  6 57217.09322429 24.337
 259 236.656228  62.374111   119.354   119.535  6 57227.00886826 21.088
 260 236.657450  62.374088   103.894   103.988  6 57236.92451011 46.031
 261 236.655047  62.372777   104.172   104.170  6 57246.84014802 50.855
 262 236.656227  62.372948   103.428   103.339  5 57256.75578379 51.678
 263 236.656352  62.373746   120.137   119.998  5 57266.67141828 19.954
 264 236.656064  62.374979   106.200   106.840  6 57276.58706366 36.999
 265 236.656844  62.376163   102.504   102.409  5 57286.50272053 37.934
 266 236.661244  62.376944   117.585   118.435  3 57296.41837477 22.412
 267 236.665044  62.377163   102.548   102.548  2 57306.33402528 37.781
 268 236.655827  62.374660   102.549   102.440  5 57316.24967053 53.228
 269 236.657231  62.375681   119.266   121.063  5 57326.16531396 21.222
 270 236.656685  62.375669   102.484   102.567  6 57336.08095509 47.007
 271 236.655906  62.374871   102.480   102.427  6 57345.99660195 41.517
 272 236.656109  62.373599   103.070   103.031  6 57355.91224929 28.730
 273 236.656267  62.372400   103.546   103.504  6 57365.82789287 26.146
 274 236.655338  62.371856   103.492   103.469  5 57375.74353303 25.257
 275 236.656025  62.372742   107.927   105.797  6 57385.65917155 24.797
 276 236.655820  62.373029   117.057   115.098  6 57395.57480935 21.428
 277 236.655137  62.372280   117.017   114.272  6 57405.49044599 21.665
 278 236.656694  62.372386   113.168   112.824  6 57415.40609493 21.620
 279 236.656592  62.372851   112.552   111.167  5 57425.32174621 22.231
 280 236.657128  62.374674   107.904   109.464  5 57435.23739478 22.629
 281 236.656629  62.376871   120.751   120.345  6 57445.15304162 19.084
 282 236.655172  62.377811   107.734   107.004  5 57455.06868752 21.161
 283 236.657114  62.377670   102.347   102.425  5 57464.98433166 25.423
 284 236.657356  62.374928   102.365   102.396  6 57474.89997159 26.319
 285 236.657221  62.372375   102.291   102.307  6 57484.81560798 25.472
 286 236.655130  62.371006   102.774   102.772  6 57494.73124150 29.433
 287 236.656756  62.372031   107.351   107.680  5 57504.64687373 19.153
 288 236.654787  62.373475   202.495   197.043  5 57514.56252951  1.339
 289 236.656163  62.373587   109.937   109.838  5 57524.47818383 26.908
 290 236.655118  62.371523   104.353   104.319  5 57534.39383538 45.797
 291 236.655849  62.370602   104.553   104.559  5 57544.30948423 52.317
 292 236.655395  62.371360   117.020   116.278  5 57554.22513083 20.885
 293 236.655515  62.373508   117.116   117.839  5 57564.14077617 19.783
 294 236.655530  62.374969   120.121   119.952  6 57574.05642090 19.370
 295 236.657334  62.375206   105.094   105.080  6 57583.97206529 51.235
 296 236.656633  62.373805   120.465   120.383  6 57593.88770729 20.189
 297 236.656843  62.373262   103.854   103.784  6 57603.80334727 45.444
