# NaN NaN NaN ;Mean Elev.(m), Avg Gradient(m/km), RMS Gradient(m/km) - SRTM1     
#  130.008  -0.824   2.971 ;Mean Elev.(m), Avg Gradient(m/km), RMS Gradient(m/km) - ASTER GDEM
#  143.000  -0.801   2.488 ;Mean Elev.(m), Avg Gradient(m/km), RMS Gradient(m/km) - GMTED2010 
   1 241.947838  61.429940   141.979   141.925  4 54667.75755371 27.792
   2 241.947149  61.431140   141.832   141.834  3 54677.67319817 29.504
   4 241.944658  61.432548   141.715   141.737  3 54697.50448231 32.542
   5 241.947029  61.431622   -10.693   -10.672  3 54707.42012387  1.504
   6 241.948113  61.430143   141.232   141.284  3 54717.33577563 33.231
   7 241.946523  61.427938     9.487    10.849  4 54727.25142457  3.478
   8 241.947705  61.428729   141.201   141.098  3 54737.16707256 49.396
   9 241.946929  61.430713   141.476   141.293  4 54747.08272017 32.299
  10 241.945242  61.432164   141.475   141.580  3 54756.99836725 29.991
  11 241.946481  61.432312   141.317   141.304  4 54766.91401255 39.931
  12 241.946905  61.429919   141.195   141.167  3 54776.82965426 34.918
  13 241.947533  61.427721   140.246   140.254  3 54786.74529355 29.572
  14 241.946757  61.427032   140.720   140.698  4 54796.66093167 26.660
  15 241.946256  61.428301   141.201   141.210  4 54806.57656962 25.701
  16 241.946409  61.429457   141.852   141.914  3 54816.49220698 46.078
  17 241.945806  61.430424   142.055   142.053  4 54826.40785512 27.885
  18 241.947338  61.431371   141.875   141.885  3 54836.32349456 25.528
  19 241.945558  61.431994   141.695   141.706  3 54846.23914400 24.235
  20 241.945590  61.433454   141.566   141.574  4 54856.15479311 18.046
  21 241.943970  61.434609   141.509   141.489  3 54866.07044205 18.174
  22 241.944775  61.435157   141.416   141.440  4 54875.98609068 17.815
  23 241.945248  61.433935   141.529   141.520  4 54885.90173617 17.332
  24 241.945517  61.431700   141.619   141.601  3 54895.81737806 17.277
  25 241.945999  61.430151   141.604   141.601  4 54905.73301733 16.040
  26 241.945744  61.429688   141.728   141.689  3 54915.64865544 15.565
  27 241.946653  61.430536   141.690   141.684  4 54925.56429347 15.942
  28 241.947020  61.430736   141.697   141.594  3 54935.47993068  8.403
  29 241.947112  61.429402   141.747   141.742  3 54945.39556574 24.696
  30 241.948906  61.427090   142.411   142.378  4 54955.31119836 41.800
  31 241.947371  61.425754   143.721   143.725  4 54965.22684519 46.057
  32 241.948015  61.426864   143.114   143.081  4 54975.14249340 37.360
  33 241.948174  61.429073   142.454   142.534  3 54985.05814149 31.396
  34 241.946038  61.430224   129.718   129.735  4 54994.97378921 17.284
  35 241.947102  61.431581   142.311   142.235  4 55004.88943582 36.403
  36 241.946142  61.431702   142.235   142.231  3 55014.80507991 33.224
  37 241.945216  61.431741   142.140   142.055  3 55024.72072256 29.587
  38 241.945477  61.432803   142.144   142.115  4 55034.63636483 35.628
  39 241.945675  61.433094   142.257   142.130  3 55044.55200623 51.129
  40 241.946721  61.431947   141.777   141.700  3 55054.46764583 30.297
  41 241.946949  61.429222   141.747   141.680  4 55064.38328292 29.929
  42 241.947142  61.428129   141.741   141.649  4 55074.29892940 32.406
  43 241.947896  61.428669   141.963   141.766  3 55084.21457751 50.166
  44 241.946935  61.429715   141.935   141.796  4 55094.13022402 38.606
  45 241.947490  61.430897   141.647   141.622  4 55104.04587060 28.315
  46 241.946847  61.430990   141.302   141.343  4 55113.96151674 32.969
  47 241.946784  61.430035   141.370   141.445  3 55123.87716035 45.004
  48 241.948375  61.429289   141.368   141.355  3 55133.79280127 43.568
  49 241.947607  61.428235   141.081   141.066  4 55143.70843976 32.709
  50 241.947517  61.428680   140.864   140.843  3 55153.62407780 28.047
  51 241.947002  61.429279   140.587   140.586  3 55163.53971613 27.426
  52 241.946437  61.429603   141.709   141.710  4 55173.45535414 29.982
  53 241.947640  61.429611   141.990   141.975  3 55183.37099188 30.152
  54 241.946480  61.430565   141.847   141.844  4 55193.28664306 25.019
  55 241.945040  61.432047   141.774   141.798  3 55203.20229306 22.160
  56 241.944779  61.433747   141.662   141.670  4 55213.11794261 20.403
  57 241.945229  61.434338   141.669   141.669  4 55223.03359166 20.571
  58 241.944834  61.432881   141.570   141.567  4 55232.94923896 20.760
  59 241.945671  61.430627   141.586   141.595  4 55242.86488307 20.435
  60 241.948117  61.429885   141.744   141.743  3 55252.78052420 20.366
  61 241.946198  61.429537   141.657   141.671  3 55262.69616272 20.477
  62 241.945842  61.430610   141.691   141.691  3 55272.61180053 16.385
  63 241.945353  61.430422   141.688   141.744  3 55282.52743791 16.740
  64 241.947246  61.429218   141.732   141.725  4 55292.44307416 12.432
  65 241.947061  61.426593   141.811   141.877  3 55302.35870901 35.957
  66 241.947755  61.426398   142.981   143.004  3 55312.27435667 39.768
  67 241.948216  61.427642   144.419   144.327  3 55322.19000225 50.318
  68 241.947242  61.429303   142.458   142.464  3 55332.10564660 30.279
  69 241.947295  61.430963   141.100   140.995  4 55342.02129105 37.922
  70 241.946292  61.430835   141.874   141.887  4 55351.93693498 29.870
  71 241.946164  61.430377   141.720   141.708  3 55361.85257675 32.060
  72 241.946149  61.430501   141.850   141.677  4 55371.76821652 35.069
  73 241.947440  61.431756   141.606   141.622  3 55381.68385506 41.647
  74 241.945511  61.431904   141.548   141.558  3 55391.59949241 41.138
  75 241.946548  61.431265   141.440   141.420  4 55401.51512857 33.828
  76 241.947773  61.429939   141.240   141.218  4 55411.43077827 50.880
  77 241.946957  61.427514   141.059   141.034  4 55421.34642758 39.779
  78 241.946689  61.426596   141.714   141.726  4 55431.26207426 49.621
  79 241.947441  61.428597   141.156   141.139  3 55441.17771923 49.133
  80 241.945812  61.430343   141.093   141.053  3 55451.09336250 38.721
  81 241.945959  61.431141   140.904   140.857  3 55461.00900520 37.819
  82 241.947037  61.429737   141.180   140.966  4 55470.92464647 43.581
  83 241.948092  61.427482   141.063   141.023  3 55480.84028466 41.300
  84 241.947619  61.425667   141.009   141.036  4 55490.75592026 43.215
  85 241.946621  61.425756   140.887   140.877  4 55500.67155391 41.680
  86 241.948322  61.428782   140.394   140.461  3 55510.58719691 36.896
  87 241.945565  61.430344   140.886   140.858  4 55520.50284651 41.098
  88 241.946820  61.431558   140.739   140.762  4 55530.41849538 32.443
  89 241.946406  61.431108   140.985   140.993  4 55540.33414225 26.541
  90 241.947540  61.431486   140.877   140.846  3 55550.24978722 25.453
  91 241.945006  61.432011   140.799   140.831  3 55560.16543032 25.453
  92 241.944682  61.433361   140.680   140.642  4 55570.08107294 24.781
  93 241.944979  61.433158   140.636   140.636  4 55579.99671445 24.644
  94 241.946636  61.430809   140.979   140.988  4 55589.91235308 24.786
  95 241.947114  61.426867   141.134   141.136  4 55599.82798828 22.183
  96 241.946615  61.424275   141.138   141.136  4 55609.74362118 21.440
  97 241.947051  61.424857   141.241   141.251  4 55619.65925299 19.179
  98 241.947470  61.428632   141.153   141.155  3 55629.57490333 18.341
  99 241.946064  61.430011   141.044   141.023  3 55639.49055422 18.638
 100 241.946867  61.429135   141.029   141.036  3 55649.40620270 16.762
 101 241.946057  61.426445   141.132   141.110  4 55659.32184758 15.086
 102 241.949005  61.426435   141.044   141.010  4 55669.23748946 11.751
 103 241.948959  61.427905   141.219   141.219  4 55679.15312911 38.002
 104 241.947187  61.429668   141.582   141.507  3 55689.06876676 41.059
 105 241.946426  61.430585   142.488   142.598  3 55698.98440297 28.813
 106 241.948013  61.430335   141.712   141.879  3 55708.90004059 31.841
 107 241.947876  61.430037   141.865   141.805  4 55718.81569129 33.266
 108 241.945613  61.429813   141.898   142.025  3 55728.73133930 30.455
 109 241.946698  61.431398   142.043   142.053  3 55738.64698631 41.474
 110 241.945034  61.432144   141.674   141.663  3 55748.56263170 50.445
 111 241.946737  61.432422   141.610   141.553  3 55758.47827501 30.019
 112 241.946555  61.430153   141.651   141.555  4 55768.39391510 31.185
 113 241.947389  61.427241   141.557   141.529  3 55778.30955207 28.533
 114 241.947627  61.425154   141.477   141.458  3 55788.22518661 32.015
 115 241.947195  61.425229   141.787   141.650  4 55798.14082005 40.671
 116 241.946878  61.427462   141.704   141.612  4 55808.05646474 33.936
 117 241.947906  61.429686   141.432   141.490  3 55817.97211420 31.604
 118 241.947147  61.428501   141.641   141.470  4 55827.88775922 47.916
 119 241.947729  61.426462   141.340   141.357  4 55837.80339988 37.280
 120 241.947843  61.424947   141.692   141.624  3 55847.71903741 43.723
 121 241.948853  61.426101   141.384   141.364  4 55857.63467302 43.512
 122 241.947637  61.428829   141.036   141.054  4 55867.55031868 39.961
 123 241.945825  61.431175   142.390   142.536  3 55877.46597070 35.995
 124 241.945126  61.431382   141.696   141.774  3 55887.38161618 29.450
 125 241.947414  61.430917   141.961   141.970  3 55897.29725617 22.812
 126 241.947902  61.429463   141.755   141.789  3 55907.21289083 28.666
 127 241.947632  61.430238   141.712   141.719  4 55917.12853711 25.542
 128 241.945006  61.431135   141.616   141.612  3 55927.04419043 26.245
 129 241.946625  61.431992   141.563   141.563  4 55936.95984076 18.956
 130 241.946556  61.430343   141.624   141.640  3 55946.87548569 15.365
 131 241.947980  61.428498   141.628   141.609  4 55956.79112617 16.739
 132 241.947700  61.427155   141.776   141.796  4 55966.70676394 15.889
 133 241.948560  61.428025   141.746   141.724  4 55976.62240104 15.181
 134 241.947560  61.428624   141.612   141.592  3 55986.53803717 16.138
 135 241.947042  61.428295   141.671   141.691  3 55996.45367409 15.459
 136 241.946811  61.428015   141.690   141.715  3 56006.36932552 14.845
 137 241.948688  61.427628   141.952   141.926  4 56016.28497309 15.563
 138 241.948921  61.428066   141.849   141.863  4 56026.20061773 12.242
 139 241.946154  61.428946   141.994   141.965  4 56036.11626051 10.267
 140 241.946756  61.430885   141.660   141.598  4 56046.03190176 36.931
 141 241.945570  61.431209   142.921   142.880  3 56055.94753984 41.207
 142 241.946744  61.430594   142.377   142.424  3 56065.86317391 32.454
 143 241.946123  61.430224   142.042   142.065  3 56075.77882024 30.723
 144 241.945688  61.430882   142.094   142.089  4 56085.69446952 32.347
 145 241.946187  61.431459   142.071   142.222  3 56095.61011645 32.198
 146 241.947206  61.431547   142.006   142.032  3 56105.52576121 31.185
 147 241.946948  61.430114   142.047   142.046  3 56115.44139118 51.431
 148 241.948463  61.428819   141.912   141.909  4 56125.35702917 29.285
 149 241.947876  61.426676   141.926   141.871  3 56135.27266291 43.667
 150 241.946823  61.426260   141.631   141.677  4 56145.18830443 31.253
 151 241.948273  61.428139   141.862   141.784  4 56155.10395480 50.926
 152 241.946928  61.429160   141.582   141.600  3 56165.01960380 30.016
 153 241.946355  61.429419   141.782   141.741  4 56174.93525061 27.993
 154 241.947059  61.428867   141.552   141.543  4 56184.85089231 28.979
 155 241.947041  61.427666   141.778   141.694  3 56194.76653005 34.354
 156 241.947900  61.427684   141.586   141.477  4 56204.68216506 41.983
 157 241.947989  61.428394   141.747   141.465  3 56214.59779850 38.231
 158 241.947004  61.429205   141.722   141.770  4 56224.51343482 41.130
 159 241.946382  61.430746   141.237   141.235  4 56234.42909065 30.522
 160 241.945091  61.430850   140.988   141.012  3 56244.34474233 27.783
 161 241.945459  61.430997   139.557   139.359  3 56254.26038927 27.903
 162 241.945504  61.431305   142.111   142.076  3 56264.17603205 24.300
 163 241.945703  61.431591   142.322   142.308  4 56274.09167310 23.132
 164 241.946352  61.431225   142.217   142.243  4 56284.00731741 22.173
 165 241.947140  61.430361   142.132   142.116  3 56293.92296876 21.861
 166 241.948416  61.429250   141.991   141.985  3 56303.83861577 20.814
 167 241.947182  61.428495   141.847   141.855  4 56313.75425856 18.321
 168 241.947946  61.429703   141.841   141.835  3 56323.66989961 18.894
 169 241.946109  61.430152   141.752   141.744  4 56333.58553962 18.570
 170 241.947887  61.430234   141.750   141.783  3 56343.50117930 19.116
 171 241.946844  61.428127   141.786   141.853  3 56353.41681617 20.143
 172 241.946872  61.427007   141.761   141.763  4 56363.33245864 21.041
 173 241.947964  61.428364   141.820   141.830  4 56373.24810788 19.838
 175 241.945441  61.432129   143.144   143.170  3 56393.07939860  4.531
 176 241.945134  61.432541   142.050   142.062  4 56402.99504116  6.741
 177 241.945014  61.431692   142.094   142.087  3 56412.91068074 22.309
 178 241.947310  61.430488   142.877   142.908  3 56422.82631550 37.449
 179 241.947783  61.430510   143.655   143.632  3 56432.74195807 28.345
 180 241.946450  61.431869   142.697   142.500  4 56442.65761054 51.795
 181 241.946145  61.433126   142.169   142.184  4 56452.57326052 42.471
 182 241.945188  61.432088   142.533   142.572  4 56462.48890760 47.007
 183 241.946131  61.430231   142.334   142.328  3 56472.40455144 40.576
 184 241.948449  61.428591   142.334   142.327  4 56482.32019201 36.192
 185 241.948992  61.428071   142.298   142.255  4 56492.23582896 33.888
 186 241.946698  61.427946   142.022   141.929  3 56502.15146330 27.419
 187 241.947628  61.428671   141.907   141.978  3 56512.06709653 27.709
 188 241.947170  61.428826   141.895   141.923  3 56521.98274341 26.981
 189 241.946492  61.428267   141.872   141.866  3 56531.89839611 25.725
 191 241.947006  61.428444   141.753   141.756  4 56551.72969022 27.025
 192 241.946778  61.430729   141.745   141.698  4 56561.64533317 29.126
 193 241.946640  61.432968   141.827   141.754  3 56571.56097494 35.591
 194 241.945216  61.433071   141.614   141.493  3 56581.47661466 35.280
 195 241.945915  61.431020   141.571   141.704  3 56591.39225007 31.204
 196 241.947043  61.430114   141.394   141.395  4 56601.30789881 44.707
 197 241.945499  61.429890   142.479   142.435  3 56611.22354851 37.762
 198 241.946153  61.431616   141.890   141.899  3 56621.13919413 26.129
 199 241.944922  61.432300   142.059   142.058  3 56631.05483646 23.857
 200 241.945335  61.431102   142.019   141.979  3 56640.97047490 20.399
 201 241.946415  61.428952   142.263   142.268  4 56650.88612238 34.593
 202 241.948056  61.427717   142.213   142.236  4 56660.80177287 29.804
 203 241.948458  61.428136   142.073   142.057  4 56670.71742004 24.439
 204 241.947070  61.430249   141.953   141.937  3 56680.63306511 24.173
 205 241.944990  61.431421   141.932   141.951  3 56690.54870814 23.354
 206 241.947079  61.431514   141.901   141.915  3 56700.46434803 23.660
 207 241.946892  61.428555   141.932   141.976  3 56710.37998261 24.744
 208 241.947694  61.427512   142.079   142.072  3 56720.29562481 23.991
 209 241.946267  61.428733   129.715   129.723  3 56730.21127684 14.714
 210 241.946680  61.432164   141.947   141.958  4 56740.12692550 22.519
 211 241.944706  61.434101   141.871   141.862  3 56750.04256971 21.172
 212 241.945156  61.434109   141.895   141.895  4 56759.95820905 19.099
 213 241.945451  61.431458   141.819   141.910  3 56769.87384163 19.634
 214 241.946349  61.430647   142.293   142.271  3 56779.78949270 33.466
 215 241.945965  61.431115   142.731   142.699  4 56789.70514807 39.279
 216 241.945939  61.432935   141.826   141.785  4 56799.62080028 35.453
 217 241.944713  61.433950   141.765   141.783  4 56809.53644585 33.736
 218 241.946032  61.433555   141.960   141.963  3 56819.45208618 41.369
 219 241.946078  61.430533   141.972   141.877  3 56829.36772228 27.518
 220 241.946943  61.427062   130.021   130.025  3 56839.28335523 19.847
 221 241.948047  61.425748   141.736   141.704  3 56849.19898778 28.952
 222 241.946541  61.428265   141.696   141.604  4 56859.11464254 29.089
 223 241.945894  61.431268   141.553   141.551  4 56869.03029651 28.824
 224 241.945139  61.432236   141.484   141.512  3 56878.94594799 34.535
 225 241.946159  61.431730   141.306   141.326  4 56888.86159605 32.138
 226 241.945835  61.430371   141.009   141.022  4 56898.77724113 35.842
 227 241.945544  61.430920   141.050   141.042  4 56908.69288398 36.238
 228 241.945185  61.432903   141.163   141.165  4 56918.60852505 51.031
 229 241.944916  61.434496   140.968   140.990  4 56928.52416400 38.003
 230 241.946416  61.434338   140.866   140.930  3 56938.43979862 35.911
 231 241.946402  61.431593   141.534   141.446  4 56948.35543199 40.981
 232 241.946806  61.430642   141.055   141.022  4 56958.27108505 45.974
 233 241.946180  61.430245   140.706   140.729  3 56968.18673286 35.922
 234 241.946198  61.431006   141.203   141.241  3 56978.10237698 28.937
 235 241.946733  61.431685   141.100   141.100  4 56988.01801668 26.766
 236 241.946598  61.430086   141.875   141.871  3 56997.93364997 35.326
 237 241.946668  61.428718   142.092   142.082  3 57007.84929831 34.656
 238 241.947335  61.427979   142.052   142.003  3 57017.76495171 31.202
 239 241.947414  61.428320   141.853   141.865  4 57027.68060174 30.741
 240 241.946064  61.429828   141.777   141.772  3 57037.59624997 26.666
 241 241.947285  61.431876   141.513   141.511  3 57047.51189592 24.906
 242 241.947247  61.431998   141.407   141.463  3 57057.42753779 24.303
 243 241.946870  61.430207   141.551   141.537  4 57067.34317391 20.341
 244 241.946885  61.428728   141.547   141.577  3 57077.25880582 20.059
 245 241.946849  61.428118   141.543   141.544  4 57087.17443721 17.737
 246 241.946986  61.431539   141.285   141.284  4 57097.09009647 19.883
 247 241.945156  61.433652   141.173   141.171  3 57107.00575253 19.895
 248 241.944174  61.433866   140.341   140.522  3 57116.92140358 18.087
 249 241.945145  61.432882   141.211   141.216  3 57126.83704841 24.442
 250 241.946199  61.431461   141.564   141.591  3 57136.75268776 35.186
 251 241.947054  61.430289   142.170   142.172  3 57146.66832298 34.687
 252 241.946298  61.429125   141.336   141.282  4 57156.58395558 52.951
 253 241.946860  61.429394    98.761    98.597  4 57166.49959897 11.357
 254 241.947330  61.430374   141.484   141.433  3 57176.41525552 29.876
 255 241.947686  61.430052   141.595   141.615  3 57186.33090799 41.842
 256 241.947353  61.429244   141.354   141.413  4 57196.24655626 34.238
 257 241.947617  61.429503   141.189   141.121  3 57206.16219114 34.283
 258 241.945723  61.430090   141.284   141.251  3 57216.07783621 36.183
 259 241.945662  61.430940   140.912   140.877  4 57225.99348027 35.436
 260 241.947106  61.431346   140.886   140.937  3 57235.90912241 42.315
 261 241.946476  61.430292   140.718   140.672  4 57245.82476069 41.973
 262 241.946322  61.429554   140.660   140.576  3 57255.74039644 41.756
 263 241.946583  61.430006   140.806   140.839  3 57265.65603107 41.180
 264 241.947122  61.431418   140.629   140.645  3 57275.57167423 52.302
 265 241.946006  61.432649   140.933   140.835  4 57285.48733122 41.541
 266 241.945931  61.432641   140.831   140.630  3 57295.40298526 42.578
 267 241.946292  61.432092   140.902   140.808  4 57305.31863566 40.088
 268 241.946568  61.431887   140.710   140.655  3 57315.23428227 42.659
 269 241.945853  61.432056   140.851   140.837  3 57325.14992567 44.994
 270 241.946329  61.432203   140.693   140.664  4 57335.06556727 39.882
 272 241.945274  61.430672   141.033   141.025  3 57354.89686112 35.457
 273 241.947203  61.430180   140.948   140.948  4 57364.81250512 29.855
 274 241.947240  61.429466   140.898   140.875  3 57374.72814547 26.339
 275 241.947990  61.429903   140.618   140.725  4 57384.64378411 29.544
 276 241.947564  61.429879   141.219   141.174  3 57394.55942210 33.749
 277 241.948113  61.429628   141.315   141.329  3 57404.47505920 29.216
 278 241.947290  61.429301   141.332   141.354  3 57414.39070606 29.431
 279 241.945986  61.429680   141.291   141.326  4 57424.30635736 27.533
 280 241.944861  61.430968   141.220   141.208  3 57434.22200591 26.761
 281 241.944321  61.432901   141.065   141.029  3 57444.13765287 25.931
 282 241.945145  61.434339   141.028   141.084  4 57454.05329925 25.637
 283 241.945099  61.433885   141.002   141.030  3 57463.96894354 26.975
 284 241.946525  61.431819   141.220   141.192  3 57473.88458409 22.897
 286 241.948203  61.428921   141.265   141.249  3 57493.71585489 14.792
 287 241.947991  61.428909   141.487   141.338  3 57503.63148684 34.917
 288 241.947274  61.430279   142.028   142.065  3 57513.54714028 40.480
 289 241.946725  61.430167   141.631   141.521  4 57523.46279479 52.968
 290 241.946159  61.428723   141.537   141.318  4 57533.37844684 35.036
 291 241.947118  61.428209   141.782   141.755  4 57543.29409601 46.475
 292 241.946529  61.428760   141.811   141.841  3 57553.20974255 28.351
 293 241.946489  61.430502   141.643   141.565  4 57563.12538784 29.981
 294 241.944767  61.431252   141.722   141.761  3 57573.04103243 28.049
 295 241.945611  61.431337   141.669   141.713  4 57582.95667701 31.284
 296 241.945788  61.430366   141.331   141.349  4 57592.87231951 31.214
 297 241.945809  61.429919   141.359   141.396  4 57602.78795960 32.926
