-155561.673  1414.678     0.00   95.90
-155275.584  1418.146    12.12   95.27
-154989.507  1427.713    33.45   94.17
-154703.442  1419.148   -29.94   92.94
-154417.388  1402.387   -58.60   99.15
-154131.346  1369.382  -115.39  105.32
-153845.316  1334.616  -121.55   98.98
-153559.297  1307.111   -96.17   91.22
-153273.289  1286.206   -73.10   89.44
-152987.293  1262.018   -84.58   92.48
-152701.309  1242.630   -67.80  105.27
-152415.336  1214.094   -99.79  109.65
-152129.375  1187.033   -94.63  100.51
-151843.425  1169.394   -61.69   90.90
-151557.487  1164.268   -17.93   97.69
-151271.561  1185.966    75.89  130.38
-150985.646  1230.132   154.48  164.38
-150699.742  1282.525   183.26  175.48
-150413.850  1344.253   215.92  158.81
-150127.970  1375.993   111.03  140.92
-149842.101  1395.996    69.97  122.45
-149556.243  1388.126   -27.53  118.21
-149270.397  1349.952  -133.55  125.08
-148984.563  1304.299  -159.73  128.11
-148698.740  1256.544  -167.09  125.33
-148412.929  1220.588  -125.81  117.01
-148127.129  1193.922   -93.31  102.22
-147841.341  1176.298   -61.67  102.91
-147555.564  1167.127   -32.09  109.94
-147269.799  1180.566    47.03  130.82
-146984.046  1182.560     6.98  135.97
-146698.303  1196.510    48.82  145.54
-146412.573  1194.260    -7.88  132.85
-146126.854  1181.241   -45.57  126.14
-145841.146  1159.298   -76.81  118.76
-145555.450  1123.810  -124.22  102.73
-145269.765  1092.262  -110.43   84.08
-144984.092  1062.922  -102.71   62.68
-144698.431  1036.426   -92.76   45.26
-144412.781  1016.980   -68.08   40.97
-144127.142   997.829   -67.05   34.53
-143841.515   983.473   -50.26   31.26
-143555.899   975.030   -29.56   31.43
-143270.295   970.905   -14.44   36.59
-142984.703   970.978     0.26   43.40
-142699.122   975.220    14.85   51.58
-142413.552   980.532    18.60   54.57
-142127.994   979.603    -3.25   59.11
-141842.447   983.745    14.51   56.89
-141556.912   981.454    -8.03   57.50
-141271.388   977.165   -15.02   53.07
-140985.876   969.532   -26.73   52.69
-140700.375   961.524   -28.05   49.03
-140414.886   954.702   -23.90   47.24
-140129.408   945.242   -33.14   45.57
-139843.942   941.539   -12.97   41.53
-139558.487   936.785   -16.66   44.32
-139273.044   936.602    -0.64   47.20
-138987.612   931.493   -17.90   53.60
-138702.192   926.692   -16.82   56.90
-138416.783   915.731   -38.41   64.37
-138131.385   898.600   -60.03   77.74
-137845.999   873.492   -87.98   89.20
-137560.625   843.628  -104.65   90.17
-137275.261   823.283   -71.30   78.92
-136989.910   816.293   -24.50   65.01
-136704.570   812.381   -13.71   49.29
-136419.241   816.190    13.35   43.75
-136133.924   820.167    13.94   36.78
-135848.618   825.262    17.86   29.64
-135563.323   821.747   -12.32   27.77
-135278.040   807.906   -48.52   40.57
-134992.769   787.603   -71.17   54.04
-134707.141   759.584   -98.10   72.28
-134419.302   725.003  -120.15   84.43
-134131.475   696.344   -99.57   87.45
-133843.661   668.665   -96.17   81.36
-133555.859   653.950   -51.13   74.97
-133268.070   643.818   -35.21   70.75
-132980.294   653.056    32.10   76.23
-132692.530   667.742    51.04   83.39
-132404.778   688.382    71.73   84.87
-132117.039   718.869   105.96   70.39
-131829.312   745.030    90.93   40.86
-131541.598   758.724    47.60   19.52
-131253.896   762.551    13.30   10.31
-130966.207   761.458    -3.80    9.64
-130678.530   757.359   -14.25   13.47
-130390.866   750.075   -25.32   19.68
-130103.214   743.447   -23.04   24.16
-129815.575   731.192   -42.60   32.92
-129527.948   715.523   -54.48   41.08
-129240.333   698.291   -59.92   46.48
-128952.731   683.757   -50.54   45.53
-128665.142   673.011   -37.37   41.81
-128377.565   665.292   -26.84   37.81
-128090.000   666.536     4.33   39.24
-127802.448   677.573    38.38   43.41
-127514.908   693.153    54.19   41.47
-127227.381   705.486    42.90   35.03
-126939.866   715.605    35.19   32.75
-126652.363   718.680    10.69   34.52
-126364.873   720.482     6.27   36.03
-126077.396   720.336    -0.51   38.31
-125789.931   720.278    -0.20   41.50
-125502.478   721.632     4.71   46.14
-125215.038   727.425    20.16   53.90
-124927.610   735.753    28.97   62.07
-124640.195   746.263    36.57   72.64
-124352.792   756.008    33.91   76.27
-124065.401   756.684     2.35   78.09
-123778.023   758.366     5.85   74.15
-123490.657   745.001   -46.51   81.69
-123203.304   735.406   -33.39   86.24
-122915.963   709.884   -88.82   93.80
-122628.635   687.672   -77.31   95.53
-122341.319   662.697   -86.93   93.58
-122054.015   636.216   -92.17   97.42
-121766.724   620.541   -54.56   99.24
-121479.445   595.563   -86.95  106.12
-121192.178   564.791  -107.12  123.22
-120904.924   518.996  -159.43  149.17
-120617.683   467.833  -178.13  168.29
-120330.454   410.088  -201.05  174.50
-120043.237   360.367  -173.12  169.55
-119756.032   307.047  -185.66  147.20
-119468.840   256.306  -176.69  105.60
-119181.661   221.387  -121.60   56.38
-118894.493   206.291   -52.57   28.00
-118607.338   209.161    10.00   37.54
-118320.196   220.081    38.03   61.22
-118033.066   233.840    47.92   82.10
-117745.948   246.010    42.39   89.20
-117458.843   253.066    24.57   88.18
-117171.750   256.403    11.63   80.13
-116884.669   253.483   -10.17   67.10
-116597.601   256.374    10.07   60.71
-116310.545   254.920    -5.07   55.27
-116023.501   257.314     8.34   52.39
-115736.470   257.117    -0.69   50.14
-115449.451   265.179    28.09   62.03
-115162.445   267.569     8.33   66.10
-114875.451   276.829    32.27   79.42
-114588.469   285.290    29.48   87.24
-114301.500   291.351    21.12   99.68
-114014.543   305.404    48.97  114.90
-113727.598   314.380    31.28  129.31
-113440.666   324.554    35.46  139.96
-113153.746   331.010    22.50  147.05
-112866.838   330.240    -2.69  151.24
-112579.943   312.442   -62.04  141.81
-112293.060   298.774   -47.65  131.53
-112006.190   283.690   -52.59  118.12
-111719.331   277.526   -21.49  109.91
-111432.485   269.586   -27.68  106.90
-111145.652   275.736    21.44  122.43
-110858.830   273.511    -7.76  127.37
-110572.022   274.592     3.77  136.11
-110285.225   266.276   -29.00  131.12
-109998.441   261.453   -16.82  126.42
-109711.669   243.329   -63.20  105.75
-109424.909   230.588   -44.43   85.84
-109138.162   222.389   -28.59   67.75
-108851.427   215.201   -25.07   50.11
-108564.704   217.404     7.68   48.72
-108277.994   224.558    24.95   55.58
-107991.296   243.667    66.66   70.11
-107704.610   255.480    41.21   71.83
-107417.936   272.542    59.52   73.37
-107131.275   284.344    41.17   68.52
-106844.626   288.515    14.55   62.55
-106557.990   294.952    22.46   53.17
-106271.366   284.219   -37.45   52.52
-105984.754   276.993   -25.21   49.93
-105698.154   264.404   -43.93   49.74
-105411.567   258.000   -22.34   46.60
-105124.992   252.064   -20.71   44.42
-104838.429   248.283   -13.20   43.57
-104551.878   242.123   -21.50   42.24
-104265.340   234.127   -27.91   39.61
-103978.814   227.153   -24.34   37.60
-103692.301   223.604   -12.39   38.06
-103405.799   221.927    -5.85   39.38
-103119.310   219.903    -7.07   41.40
-102832.833   217.852    -7.16   43.76
-102546.369   214.769   -10.76   46.77
-102259.916   207.935   -23.86   47.40
-101973.476   200.704   -25.24   47.68
-101687.049   194.412   -21.97   46.01
-101400.633   187.563   -23.92   43.58
-101114.230   179.942   -26.61   36.99
-100827.839   174.262   -19.83   31.20
-100541.460   173.948    -1.10   31.32
-100255.094   173.723    -0.79   31.13
 -99968.740   175.329     5.61   32.97
 -99682.398   175.611     0.99   33.15
 -99396.068   179.166    12.42   36.87
 -99109.751   177.713    -5.07   35.80
 -98823.446   180.744    10.59   36.77
 -98537.153   181.321     2.02   35.00
 -98250.872   181.785     1.62   33.45
 -97964.603   179.029    -9.63   31.48
 -97678.347   178.851    -0.62   31.04
 -97392.103   179.685     2.91   32.53
 -97105.872   182.022     8.17   33.96
 -96819.652   187.275    18.35   34.51
 -96533.445   189.870     9.07   35.31
 -96247.250   193.381    12.27   33.81
 -95961.067   195.598     7.75   31.86
 -95674.896   194.973    -2.18   29.38
 -95388.738   192.767    -7.71   25.90
 -95102.592   187.329   -19.01   24.04
 -94816.458   177.662   -33.78   25.54
 -94530.336   167.094   -36.94   24.93
 -94244.227   159.252   -27.41   22.80
 -93958.129   151.836   -25.92   19.40
 -93672.044   144.821   -24.52   14.00
 -93385.972   140.050   -16.68    8.27
 -93099.911   137.059   -10.45    4.71
 -92813.862   135.524    -5.37    3.78
 -92527.826   134.214    -4.58    4.22
 -92241.802   132.627    -5.55    4.86
 -91955.790   131.033    -5.57    5.44
 -91669.791   129.480    -5.43    5.47
 -91383.803   127.699    -6.23    5.21
 -91097.828   127.073    -2.19    6.27
 -90811.865   127.520     1.56   13.16
 -90525.914   128.436     3.20   19.28
 -90239.975   130.887     8.57   25.41
 -89954.049   130.730    -0.55   27.16
 -89668.135   131.941     4.23   29.19
 -89382.232   129.970    -6.89   24.98
 -89096.343   130.769     2.80   25.40
 -88810.465   125.932   -16.92   13.64
 -88524.599   128.396     8.62   16.28
 -88238.746   127.955    -1.54   13.45
 -87952.904   129.410     5.09   13.20
 -87667.075   130.687     4.47   13.66
 -87381.259   130.336    -1.23   11.94
 -87095.454   132.592     7.89   12.53
 -86809.661   134.427     6.42   13.42
 -86523.881   136.293     6.53   15.06
 -86238.113   137.201     3.18   16.54
 -85952.356   139.598     8.39   20.22
 -85666.613   141.382     6.24   24.93
 -85380.881   146.948    19.48   38.69
 -85095.161   151.092    14.50   44.56
 -84809.454   156.233    18.00   55.44
 -84523.758   161.978    20.11   61.42
 -84238.075   164.050     7.25   65.57
 -83952.404   164.867     2.86   64.87
 -83666.745   162.821    -7.16   59.84
 -83381.098   162.959     0.48   55.97
 -83095.464   161.602    -4.75   50.24
 -82809.841   167.570    20.90   52.02
 -82524.231   177.153    33.55   56.35
 -82238.633   197.064    69.72   69.53
 -81953.047   220.897    83.45   80.76
 -81667.473   245.655    86.70   90.13
 -81381.911   270.894    88.38   91.24
 -81096.361   287.322    57.53   94.14
 -80810.824   305.329    63.07   92.80
 -80525.298   309.366    14.14  102.65
 -80239.785   310.814     5.07  109.50
 -79954.284   298.470   -43.24  112.95
 -79668.795   291.963   -22.79  110.45
 -79383.318   279.921   -42.18  102.41
 -79097.853   271.655   -28.96   94.98
 -78812.400   264.634   -24.60   82.57
 -78526.959   252.603   -42.15   70.62
 -78241.531   242.390   -35.78   57.39
 -77956.114   234.508   -27.62   51.74
 -77670.710   228.980   -19.37   47.32
 -77385.318   221.138   -27.48   43.92
 -77099.938   217.692   -12.07   38.30
 -76814.570   213.833   -13.53   33.82
 -76529.214   215.859     7.10   29.93
 -76243.870   224.204    29.25   37.99
 -75958.538   239.720    54.38   53.90
 -75673.218   262.420    79.56   70.01
 -75387.911   286.198    83.34   78.12
 -75102.615   314.973   100.86   80.24
 -74817.332   347.249   113.14   78.27
 -74532.061   377.329   105.45   75.19
 -74246.801   407.277   104.99   72.21
 -73961.554   430.389    81.03   69.11
 -73676.319   453.043    79.42   61.52
 -73391.096   474.642    75.73   49.31
 -73105.885   490.811    56.69   31.65
 -72820.084   500.268    33.09   21.25
 -72532.180   500.219    -0.17   22.96
 -72244.289   498.314    -6.62   26.28
 -71956.411   494.766   -12.32   30.08
 -71668.547   495.382     2.14   28.53
 -71380.695   491.583   -13.20   30.89
 -71092.857   492.749     4.05   28.22
 -70805.032   489.870   -10.00   28.26
 -70517.220   487.769    -7.30   26.76
 -70229.421   483.403   -15.17   26.72
 -69941.635   477.848   -19.30   27.74
 -69653.862   469.744   -28.16   32.59
 -69366.103   459.223   -36.56   38.88
 -69078.356   447.159   -41.93   45.79
 -68790.623   433.396   -47.83   52.60
 -68502.903   416.404   -59.06   56.33
 -68215.196   395.917   -71.21   55.77
 -67927.502   376.730   -66.69   50.82
 -67639.821   356.978   -68.66   45.95
 -67352.153   340.953   -55.71   40.54
 -67064.498   322.389   -64.54   41.57
 -66776.857   305.644   -58.21   43.32
 -66489.228   282.187   -81.55   49.89
 -66201.613   261.428   -72.18   50.92
 -65914.011   236.684   -86.04   49.61
 -65626.421   215.443   -73.86   42.98
 -65338.845   199.564   -55.22   33.65
 -65051.282   189.488   -35.04   24.58
 -64763.732   189.716     0.79   27.88
 -64476.196   191.958     7.80   34.32
 -64188.672   200.066    28.20   41.95
 -63901.161   201.844     6.19   44.61
 -63613.664   205.836    13.89   49.13
 -63326.179   202.123   -12.92   48.43
 -63038.708   194.781   -25.54   44.64
 -62751.249   187.647   -24.82   37.21
 -62463.804   182.293   -18.63   25.26
 -62176.372   184.245     6.79   21.17
 -61888.953   197.108    44.76   30.56
 -61601.547   216.726    68.26   39.93
 -61314.154   235.195    64.26   42.37
 -61026.774   249.450    49.61   40.14
 -60739.407   265.292    55.13   34.78
 -60452.053   276.836    40.18   30.64
 -60164.712   291.687    51.68   29.91
 -59877.384   303.213    40.12   33.21
 -59590.070   318.221    52.24   36.16
 -59302.768   333.749    54.05   36.94
 -59015.479   350.563    58.53   35.42
 -58728.204   368.609    62.82   35.97
 -58440.941   386.829    63.43   31.53
 -58153.692   404.535    61.64   28.25
 -57866.455   418.484    48.57   25.19
 -57579.232   432.008    47.08   22.96
 -57292.022   443.579    40.29   19.92
 -57004.824   453.752    35.42   15.67
 -56717.640   461.035    25.36   13.00
 -56430.469   466.291    18.30    8.99
 -56143.310   468.270     6.89    7.11
 -55856.165   468.029    -0.84    6.85
 -55569.033   465.299    -9.51    7.87
 -55281.913   461.759   -12.33    8.32
 -54994.807   458.810   -10.27    8.27
 -54707.714   456.806    -6.98    7.04
 -54420.634   456.724    -0.28    7.00
 -54133.567   457.069     1.20    7.82
 -53846.512   458.545     5.14    8.57
 -53559.471   461.535    10.42    8.55
 -53272.443   463.513     6.89    9.49
 -52985.428   465.306     6.25   10.43
 -52698.425   466.060     2.63   11.11
 -52411.436   467.135     3.74   10.72
 -52124.460   467.609     1.65   10.17
 -51837.497   467.030    -2.02    9.47
 -51550.546   465.374    -5.77    8.91
 -51263.609   462.844    -8.82    9.00
 -50976.685   460.670    -7.58    8.80
 -50689.774   456.986   -12.84    9.83
 -50402.875   454.544    -8.51    9.86
 -50115.990   449.600   -17.24   13.49
 -49829.117   447.813    -6.23   14.95
 -49542.258   442.107   -19.89   19.99
 -49255.411   438.029   -14.22   20.09
 -48968.578   430.270   -27.05   23.89
 -48681.757   421.192   -31.65   25.73
 -48394.950   409.709   -40.04   29.90
 -48108.155   395.955   -47.96   34.94
 -47821.374   378.329   -61.46   38.43
 -47534.605   360.581   -61.89   37.09
 -47247.849   341.670   -65.95   33.98
 -46961.106   326.564   -52.68   29.81
 -46674.377   311.299   -53.24   27.87
 -46387.660   298.191   -45.72   28.17
 -46100.956   282.847   -53.52   31.50
 -45814.265   266.475   -57.11   33.70
 -45527.587   249.190   -60.29   36.05
 -45240.921   232.437   -58.44   36.09
 -44954.269   214.439   -62.79   34.66
 -44667.630   197.406   -59.42   30.80
 -44381.004   179.877   -61.16   29.17
 -44094.390   161.756   -63.23   32.04
 -43807.790   144.292   -60.94   37.07
 -43521.202   127.944   -57.04   36.42
 -43234.627   113.918   -48.94   34.24
 -42948.066    99.138   -51.58   29.26
 -42661.517    87.285   -41.37   22.44
 -42374.981    78.583   -30.37   12.83
 -42088.458    77.903    -2.37   13.15
 -41801.948    80.541     9.21   19.13
 -41515.451    88.005    26.05   26.85
 -41228.967    95.191    25.08   30.77
 -40942.495   102.522    25.59   32.16
 -40656.037   112.352    34.32   31.05
 -40369.591   120.186    27.35   29.71
 -40083.159   131.667    40.08   25.42
 -39796.739   139.803    28.40   26.03
 -39510.332   148.292    29.64   25.45
 -39223.938   154.484    21.62   27.38
 -38937.557   158.920    15.49   25.81
 -38651.189   161.026     7.35   23.86
 -38364.834   161.878     2.98   21.05
 -38078.491   160.677    -4.19   15.82
 -37792.162   160.870     0.67   11.54
 -37505.845   160.985     0.40    8.09
 -37219.541   162.321     4.67    7.07
 -36933.250   164.405     7.28    7.64
 -36646.972   167.523    10.89    8.55
 -36360.707   171.617    14.30    9.09
 -36074.455   176.499    17.06    9.42
 -35788.215   181.544    17.62    9.59
 -35501.989   186.726    18.10    9.54
 -35215.775   191.229    15.73    9.00
 -34929.574   194.840    12.62    8.97
 -34643.386   196.906     7.22    8.61
 -34357.211   198.008     3.85    9.28
 -34071.049   196.375    -5.71   11.14
 -33784.899   192.520   -13.47   13.83
 -33498.763   186.806   -19.97   16.17
 -33212.639   179.679   -24.91   16.90
 -32926.528   170.840   -30.89   16.18
 -32640.430   162.894   -27.77   14.91
 -32354.345   155.767   -24.91   13.87
 -32068.272   148.455   -25.56   12.21
 -31782.213   141.741   -23.47   11.00
 -31496.166   136.062   -19.85    9.47
 -31210.132   131.184   -17.06    8.70
 -30924.111   126.650   -15.85    7.39
 -30638.103   122.764   -13.59    6.62
 -30352.108   119.173   -12.55    5.64
 -30066.125   116.036   -10.97    5.16
 -29780.155   113.314    -9.52    4.99
 -29494.198   110.596    -9.51    4.89
 -29208.254   108.015    -9.02    4.58
 -28922.323   105.687    -8.14    4.27
 -28636.404   103.553    -7.47    3.68
 -28350.499   102.031    -5.32    3.08
 -28064.606   100.344    -5.90    2.45
 -27778.726    98.794    -5.42    2.33
 -27492.858    97.382    -4.94    2.47
 -27207.004    96.124    -4.40    2.51
 -26921.162    95.253    -3.05    2.41
 -26635.333    94.662    -2.07    2.26
 -26349.517    94.254    -1.43    2.06
 -26063.714    94.126    -0.45    2.12
 -25777.924    94.113    -0.04    2.16
 -25492.146    92.442    -5.85    8.30
 -25206.381    88.452   -13.96   16.25
 -24920.629    78.261   -35.66   28.49
 -24634.889    72.190   -21.25   32.39
 -24349.163    62.403   -34.26   36.04
 -24063.449    55.871   -22.86   36.03
 -23777.748    49.670   -21.71   34.00
 -23492.060    43.985   -19.90   30.82
 -23206.384    47.278    11.53   31.51
 -22920.721    50.685    11.93   32.57
 -22635.072    56.300    19.65   33.10
 -22349.434    61.065    16.68   32.67
 -22063.810    64.066    10.51   32.74
 -21778.198    65.942     6.57   31.83
 -21492.599    64.584    -4.75   32.88
 -21207.013    61.533   -10.68   31.84
 -20921.440    58.889    -9.26   29.91
 -20635.879    59.489     2.10   27.04
 -20350.331    60.441     3.33   25.00
 -20064.796    61.521     3.78   23.75
 -19779.274    64.351     9.91   22.36
 -19493.764    67.237    10.11   21.71
 -19208.267    70.697    12.12   20.21
 -18922.783    75.115    15.48   16.99
 -18637.311    80.129    17.56    9.57
 -18351.853    82.623     8.74    2.66
 -18066.407    83.233     2.14    1.04
 -17780.973    83.445     0.74    1.05
 -17495.553    83.480     0.12    1.31
 -17210.145    83.382    -0.35    1.58
 -16924.750    83.092    -1.02    1.87
 -16639.368    82.930    -0.57    1.90
 -16353.998    82.960     0.11    1.82
 -16068.641    83.165     0.72    1.76
 -15783.297    83.230     0.23    1.64
 -15497.965    83.112    -0.41    2.20
 -15212.647    82.844    -0.94    2.81
 -14927.341    82.750    -0.33    2.82
 -14642.047    82.744    -0.02    2.40
 -14356.766    83.036     1.02    2.69
 -14071.499    83.274     0.84    2.59
 -13786.243    83.559     1.00    3.04
 -13501.001    83.282    -0.97    3.60
 -13215.771    81.692    -5.58    8.05
 -12930.554    76.052   -19.78   17.33
 -12645.349    69.599   -22.62   22.03
 -12360.157    65.042   -15.98   23.03
 -12074.978    60.278   -16.71   22.91
 -11789.812    58.789    -5.22   22.36
 -11504.658    59.963     4.12   22.09
 -11219.517    65.298    18.71   19.90
 -10933.544    72.427    24.93   15.26
 -10645.564    77.791    18.63    8.17
 -10357.598    79.254     5.08    7.03
 -10069.645    80.639     4.81    5.58
  -9781.707    81.404     2.66    5.86
  -9493.782    82.459     3.67    5.52
  -9205.871    83.070     2.12    6.48
  -8917.973    83.274     0.71    7.17
  -8630.090    83.796     1.81    7.94
  -8342.220    84.565     2.67    7.92
  -8054.364    85.307     2.58    8.00
  -7766.522    86.214     3.15    7.58
  -7478.694    86.418     0.71    7.12
  -7190.879    87.236     2.84    6.52
  -6903.078    88.344     3.85    6.31
  -6615.291    88.143    -0.70   10.29
  -6327.517    84.171   -13.80   20.94
  -6039.758    77.427   -23.44   29.41
  -5752.012    70.214   -25.07   34.11
  -5464.280    62.750   -25.94   37.73
  -5176.561    56.230   -22.66   39.40
  -4888.857    47.777   -29.38   40.33
  -4601.166    42.489   -18.38   39.18
  -4313.488    34.605   -27.41   37.39
  -4025.825    29.352   -18.26   34.62
  -3738.175    24.081   -18.32   31.32
  -3450.539    20.036   -14.06   26.93
  -3162.917    16.209   -13.31   23.45
  -2875.308    13.890    -8.06   20.18
  -2587.714    11.351    -8.83   16.31
  -2300.133     9.336    -7.01   13.13
  -2012.565     8.083    -4.36   11.36
  -1725.011     7.044    -3.61   10.33
  -1437.472     6.470    -2.00   10.27
  -1149.945     5.174    -4.51    9.18
   -862.433     5.460     1.00   10.53
   -574.934     5.164    -1.03   10.09
   -287.449     7.329     7.53   12.71
      0.023     9.267     6.74   14.92
    287.480    12.895    12.62   17.40
    574.924    16.290    11.81   18.68
    862.355    20.938    16.17   19.50
   1149.772    26.917    20.80   19.35
   1437.174    32.366    18.96   18.19
   1724.564    37.983    19.54   16.14
   2011.939    43.803    20.25   12.89
   2299.301    49.767    20.76   14.30
   2586.650    54.863    17.73   16.94
   2873.984    61.618    23.51   20.42
   3161.305    67.306    19.80   22.36
   3448.612    75.544    28.67   22.43
   3735.906    80.851    18.47   20.98
   4023.186    87.852    24.37   17.43
   4310.452    94.381    22.73   17.70
   4597.704   103.581    32.03   26.59
   4884.943   111.741    28.41   34.42
   5172.169   120.764    31.41   40.56
   5459.380   129.052    28.86   42.63
   5746.578   139.810    37.46   46.89
   6033.763   148.852    31.48   48.68
   6320.933   160.907    41.98   53.22
   6608.090   173.567    44.09   57.01
   6895.234   185.411    41.25   59.63
   7182.363   197.191    41.03   58.27
   7469.479   207.023    34.24   55.62
   7756.582   217.382    36.08   53.83
   8043.671   231.477    49.10   56.39
   8330.746   240.809    32.51   56.37
   8617.807   247.484    23.25   56.44
   8904.855   249.747     7.88   56.45
   9191.890   245.635   -14.33   57.75
   9478.910   236.306   -32.50   56.88
   9765.917   222.990   -46.39   56.04
  10052.911   207.245   -54.86   49.52
  10339.891   192.291   -52.11   40.56
  10626.857   178.571   -47.81   30.97
  10913.810   167.742   -37.74   22.11
  11200.749   158.375   -32.65   15.14
  11487.674   151.523   -23.88   11.05
  11774.586   145.600   -20.64    9.30
  12061.484   140.627   -17.33    7.60
  12348.369   136.910   -12.96    6.00
  12635.240   133.959   -10.29    4.87
  12922.097   131.936    -7.05    3.47
  13208.941   130.754    -4.12    2.98
  13495.771   130.708    -0.16    2.93
  13782.588   131.411     2.45    3.52
  14069.391   132.825     4.93    4.36
  14356.181   135.299     8.63    5.32
  14642.957   138.436    10.94    6.81
  14929.719   143.859    18.91   10.38
  15216.468   151.244    25.76   17.00
  15503.203   164.539    46.37   27.57
  15789.925   181.206    58.13   37.75
  16076.633   206.978    89.89   52.96
  16363.327   237.548   106.63   70.89
  16650.008   272.863   123.18   81.72
  16936.676   307.829   121.97   92.37
  17223.330   345.775   132.38  103.20
  17509.970   389.139   151.28  102.13
  17796.597   435.559   161.95  100.26
  18083.210   487.388   180.83  100.02
  18369.809   534.680   165.01   97.35
  18656.396   572.821   133.09   84.72
  18942.968   593.848    73.37   73.51
  19229.527   604.908    38.59   66.16
  19516.073   594.590   -36.01   70.74
  19802.605   571.299   -81.29   86.35
  20089.123   540.690  -106.83   96.67
  20375.628   506.381  -119.75   95.30
  20662.119   474.129  -112.58   86.83
  20948.597   443.090  -108.34   68.89
  21235.062   419.008   -84.07   41.31
  21521.512   408.948   -35.12   25.80
  21807.950   406.360    -9.04   28.74
  22094.374   408.559     7.68   34.09
  22380.784   407.071    -5.19   36.49
  22667.181   407.956     3.09   39.83
  22953.564   408.836     3.07   38.11
  23239.934   415.526    23.36   39.55
  23526.290   431.181    54.67   55.63
  23812.633   452.633    74.91   70.82
  24098.962   477.228    85.90   75.45
  24385.278   502.240    87.36   71.45
  24671.580   522.047    69.18   67.31
  24957.869   542.003    69.70   68.28
  25244.144   554.949    45.22   71.71
  25530.406   556.803     6.48   76.72
  25816.654   549.259   -26.36   76.02
  26102.889   535.150   -49.29   75.38
  26389.110   515.228   -69.60   76.63
  26675.318   486.006  -102.10   74.09
  26961.512   453.913  -112.13   60.69
  27247.693   427.344   -92.84   40.14
  27533.861   410.798   -57.82   32.69
  27820.015   399.975   -37.82   26.92
  28106.155   389.898   -35.22   20.47
  28392.282   386.803   -10.82   21.29
  28678.396   385.067    -6.07   17.59
  28964.496   387.742     9.35   20.31
  29250.583   395.708    27.84   30.76
  29536.656   407.571    41.47   41.76
  29822.716   430.712    80.90   60.20
  30108.762   449.923    67.16   67.49
  30394.795   477.897    97.80   74.23
  30680.815   498.075    70.55   74.89
  30966.821   516.071    62.92   73.44
  31252.813   526.420    36.19   72.68
  31538.792   529.960    12.38   70.01
  31824.758   526.059   -13.64   64.37
  32110.710   527.870     6.33   60.09
  32396.649   525.036    -9.91   52.23
  32682.574   533.374    29.16   47.67
  32968.486   542.088    30.48   44.32
  33254.385   557.073    52.41   43.41
  33540.270   577.235    70.52   42.85
  33826.142   595.427    63.64   42.12
  34112.000   613.922    64.70   40.95
  34397.845   626.018    42.31   34.03
  34683.677   627.778     6.16   35.49
  34969.495   628.484     2.47   38.37
  35255.299   629.832     4.72   43.47
  35541.091   635.714    20.58   56.81
  35826.868   643.298    26.54   67.49
  36112.633   650.092    23.78   73.01
  36398.384   667.188    59.83   69.62
  36684.122   675.573    29.35   69.14
  36969.846   672.228   -11.71   77.19
  37255.557   645.818   -92.43   92.19
  37541.254   601.836  -153.94   92.40
  37826.938   562.598  -137.35   89.35
  38112.609   526.477  -126.44   80.85
  38398.266   495.359  -108.93   60.19
  38683.910   483.235   -42.44   46.37
  38969.541   500.478    60.37   82.63
  39255.158   546.646   161.64  128.08
  39540.762   598.105   180.17  142.94
  39826.353   645.352   165.43  133.36
  40111.930   682.554   130.27  110.80
  40397.494   697.829    53.49   89.98
  40683.044   694.660   -11.10   88.42
  40968.581   666.321   -99.25   84.96
  41254.105   632.366  -118.92   55.95
  41539.615   613.344   -66.62   35.77
  41825.112   605.532   -27.36   30.71
  42110.596   599.159   -22.32   28.27
  42396.066   597.667    -5.23   35.55
  42681.523   588.685   -31.46   37.60
  42966.966   580.923   -27.19   40.77
  43252.397   566.289   -51.27   37.18
  43537.813   552.584   -48.02   36.08
  43823.217   533.549   -66.70   35.93
  44108.607   517.098   -57.64   36.04
  44393.984   498.750   -64.29   34.82
  44679.348   483.975   -51.78   31.79
  44964.698   467.649   -57.21   27.74
  45250.035   455.912   -41.13   23.18
  45535.359   445.723   -35.71   19.16
  45820.669   438.066   -26.84   15.43
  46105.966   431.260   -23.85   12.27
  46391.249   426.647   -16.17   10.08
  46676.520   422.520   -14.47    8.47
  46961.777   419.138   -11.85    8.32
  47247.020   415.306   -13.43    8.44
  47532.251   411.229   -14.29    9.59
  47817.468   406.321   -17.21   11.42
  48102.672   400.955   -18.82   13.49
  48387.862   395.533   -19.01   14.67
  48673.040   389.516   -21.10   15.24
  48958.203   383.584   -20.80   15.00
  49243.354   378.204   -18.87   13.95
  49528.491   374.960   -11.37   13.08
  49813.615   373.037    -6.75   12.04
  50098.726   371.968    -3.75   12.59
  50383.824   372.242     0.96   13.50
  50668.908   372.030    -0.74   16.27
  50955.105   372.809     2.72   17.58
  51243.153   372.660    -0.52   19.95
  51531.186   372.026    -2.20   20.16
  51819.204   371.166    -2.99   20.86
  52107.209   371.329     0.56   19.10
  52395.198   373.373     7.10   20.11
  52683.174   375.336     6.82   20.78
  52971.135   378.911    12.41   23.38
  53259.081   382.619    12.88   25.14
  53547.014   387.077    15.48   27.30
  53834.931   389.588     8.72   28.75
  54122.835   390.649     3.69   30.80
  54410.724   387.547   -10.78   33.38
  54698.598   381.606   -20.64   35.85
  54986.459   370.803   -37.53   36.41
  55274.305   361.159   -33.50   34.86
  55562.136   350.859   -35.79   28.26
  55849.953   346.574   -14.89   22.71
  56137.756   342.201   -15.19   18.31
  56425.545   341.359    -2.93   14.81
