# NaN NaN NaN ;Mean Elev.(m), Avg Gradient(m/km), RMS Gradient(m/km) - SRTM1     
#  131.440  -0.638   3.813 ;Mean Elev.(m), Avg Gradient(m/km), RMS Gradient(m/km) - ASTER GDEM
#  144.083  -0.718   2.315 ;Mean Elev.(m), Avg Gradient(m/km), RMS Gradient(m/km) - GMTED2010 
   1 241.995952  61.445133   141.898   141.899  7 54667.75755991 21.082
   2 241.992973  61.445609   142.289   142.396  7 54677.67320407 52.027
   3 241.987480  61.445662    -8.993    -8.952  6 54687.58884662  0.808
   4 241.990479  61.447019   141.213   141.220  7 54697.50448822 22.402
   5 241.999724  61.448262     3.105     3.115  4 54707.42013065  2.423
   6 241.993930  61.444612   141.271   141.283  7 54717.33578153 22.431
   7 241.994629  61.443129    12.241    12.242  6 54727.25143077  1.546
   8 241.995816  61.443918   141.513   141.526  8 54737.16707876 51.566
   9 241.995045  61.445903   141.357   141.327  7 54747.08272636 28.795
  10 241.991069  61.446631   140.868   141.037  7 54756.99837315 27.838
  11 241.990018  61.446057   141.350   141.363  7 54766.91401816 51.173
  12 241.992732  61.444388   141.506   141.539  7 54776.82966016 51.393
  13 241.997943  61.443637   141.087   141.061  7 54786.74530005 48.241
  14 241.997165  61.442948   141.385   141.334  8 54796.66093816 47.105
  15 241.994371  61.443495   141.629   141.589  7 54806.57657582 36.206
  16 241.994523  61.444651   141.705   141.743  8 54816.49221318 33.328
  17 241.993921  61.445618   141.847   141.828  7 54826.40786132 29.493
  18 241.993163  61.445841   141.880   141.858  7 54836.32350047 25.669
  19 241.991385  61.446462   141.688   141.650  7 54846.23914990 22.045
  20 241.989128  61.447199   141.520   141.528  7 54856.15479872 17.870
  21 241.989803  61.449078   141.513   141.521  7 54866.07044795 17.737
  22 241.986025  61.448180   141.370   141.399  6 54875.98609599 17.797
  23 241.988790  61.447682   141.441   141.475  7 54885.90174178 17.454
  24 241.991349  61.446169   141.467   141.473  7 54895.81738396 17.665
  25 241.994124  61.445342   141.441   141.463  7 54905.73302353 16.604
  26 241.996159  61.445601   141.468   141.470  7 54915.64866193 16.304
  27 241.992482  61.445004   141.460   141.446  6 54925.56429938 17.957
  28 241.992846  61.445205   141.588   141.623  7 54935.47993658 10.358
  29 241.992932  61.443872   141.207   141.097  7 54945.39557164 21.737
  30 241.997012  61.442282   142.575   142.548  7 54955.31120456 36.944
  31 241.997766  61.441670   143.905   143.936  8 54965.22685169 48.575
  32 241.996121  61.442055   143.238   143.216  7 54975.14249960 34.131
  33 241.993993  61.443541   142.845   142.869  7 54985.05814739 52.172
  34 241.994152  61.445416   129.704   129.717  7 54994.97379541 16.466
  35 241.990634  61.445327   142.548   142.582  7 55004.88944143 45.008
  36 241.991968  61.446171   143.012   143.107  7 55014.80508582 27.280
  37 241.991042  61.446210   142.781   143.086  7 55024.72072846 26.131
  38 241.989012  61.446549   142.394   142.397  7 55034.63637044 38.970
  39 241.989209  61.446840   142.502   142.551  6 55044.55201184 53.477
  40 241.992542  61.446416   142.008   142.081  7 55054.46765173 33.308
  41 241.995055  61.444415   141.640   141.564  7 55064.38328912 23.333
  42 241.995247  61.443320   141.593   141.571  7 55074.29893560 31.950
  43 241.993713  61.443136   142.101   142.125  7 55084.21458341 52.070
  44 241.995049  61.444905   141.731   141.736  7 55094.13023022 32.356
  45 241.995607  61.446087   141.716   141.360  7 55104.04587680 21.366
  46 241.994965  61.446180   140.978   141.001  7 55113.96152294 24.364
  47 241.992610  61.444503   141.614   141.537  7 55123.87716625 52.778
  48 241.994201  61.443757   141.167   141.216  7 55133.79280718 32.026
  49 241.995725  61.443427   141.436   141.402  7 55143.70844596 45.705
  50 241.995635  61.443872   141.456   141.348  8 55153.62408400 43.274
  51 241.992826  61.443749   141.239   141.169  7 55163.53972203 48.528
  52 241.994551  61.444797   142.498   142.534  7 55173.45536034 37.125
  53 241.993459  61.444083   142.141   142.134  7 55183.37099779 28.411
  54 241.994594  61.445758   142.169   142.183  7 55193.28664926 26.185
  55 241.990866  61.446516   142.028   141.988  7 55203.20229897 24.547
  56 241.988316  61.447492   141.853   141.867  7 55213.11794821 20.941
  57 241.986477  61.447361   141.726   141.731  6 55223.03359697 21.105
  58 241.992958  61.448073   141.691   141.703  7 55232.94924516 21.665
  59 241.993793  61.445820   141.772   141.761  7 55242.86488927 21.789
  60 241.993948  61.444353   141.714   141.726  7 55252.78053010 21.857
  61 241.994320  61.444728   141.710   141.737  8 55262.69616892 21.367
  62 241.991672  61.445079   141.644   141.635  7 55272.61180643 18.838
  63 241.991178  61.444891   141.784   141.783  7 55282.52744381 17.962
  64 241.995359  61.444410   141.880   141.878  7 55292.44308036 12.443
  65 241.997457  61.442509   142.046   142.077  7 55302.35871551 31.397
  66 241.998151  61.442312   143.239   143.279  7 55312.27436317 38.302
  67 241.998616  61.443555   144.485   144.467  7 55322.19000874 54.656
  68 241.993061  61.443771   142.463   142.352  7 55332.10565250 52.249
  69 241.995410  61.446154   141.403   141.387  7 55342.02129725 49.851
  70 241.994407  61.446026   142.280   142.385  7 55351.93694118 24.266
  71 241.991987  61.444847   143.329   143.202  7 55361.85258265 24.588
  72 241.994264  61.445694   142.008   141.982  7 55371.76822272 47.346
  73 241.993264  61.446225   141.866   141.819  7 55381.68386097 47.693
  74 241.991334  61.446374   141.812   141.850  7 55391.59949831 53.881
  75 241.994659  61.446459   140.664   140.572  7 55401.51513477 29.750
  76 241.995880  61.445131   141.511   141.542  7 55411.43078447 54.674
  77 241.995061  61.442705   141.089   141.153  7 55421.34643378 23.834
  78 241.997084  61.442509   141.371   141.283  8 55431.26208076 54.762
  79 241.995550  61.443786   141.465   141.577  8 55441.17772543 53.245
  80 241.991633  61.444809   141.840   142.291  7 55451.09336840 27.594
  81 241.991783  61.445608   142.663   143.878  7 55461.00901110 24.408
  82 241.995152  61.444928   141.262   141.230  7 55470.92465267 50.800
  83 241.998497  61.443398   141.533   141.139  7 55480.84029115 22.922
  84 241.998021  61.441583   140.889   140.856  8 55490.75592675 33.107
  85 241.999314  61.442397   140.700   140.792  7 55500.67156070 30.260
  86 241.994144  61.443253   140.993   141.036  7 55510.58720281 40.734
  87 241.993681  61.445538   141.356   141.380  7 55520.50285271 42.960
  88 241.992645  61.446027   141.086   141.046  8 55530.41850129 31.434
  89 241.994522  61.446300   141.051   141.015  7 55540.33414845 28.827
  90 241.993365  61.445954   140.907   140.893  7 55550.24979313 27.863
  91 241.990831  61.446479   140.806   140.791  7 55560.16543623 27.825
  92 241.988218  61.447107   140.711   140.709  7 55570.08107855 27.077
  93 241.988516  61.446905   140.671   140.653  7 55579.99672006 27.245
  94 241.994756  61.446003   140.715   140.742  7 55589.91235928 26.975
  95 241.995228  61.442061   140.701   140.693  7 55599.82799448 23.780
  96 241.999308  61.440917   140.716   140.695  7 55609.74362796 23.737
  97 241.999744  61.441500   140.712   140.699  7 55619.65925977 19.824
  98 241.995585  61.443826   140.743   140.759  8 55629.57490953 18.873
  99 241.991886  61.444482   140.699   140.688  7 55639.49056013 19.273
 100 241.994979  61.444327   140.794   140.777  8 55649.40620890 17.916
 101 241.998748  61.443083   141.041   141.029  7 55659.32185437 17.118
 102 241.997112  61.441625   140.143   140.101  7 55669.23749566 16.045
 103 241.997069  61.443095   141.245   141.273  7 55679.15313531 34.122
 104 241.993007  61.444137   141.777   141.753  7 55689.06877266 35.817
 105 241.992246  61.445056   142.146   141.942  7 55698.98440887 41.406
 106 241.993834  61.444806   144.178   144.178  7 55708.90004650 24.296
 107 241.995990  61.445231   143.989   143.899  7 55718.81569749 23.028
 108 241.996019  61.445730   141.739   141.737  7 55728.73134579 55.740
 109 241.992523  61.445867   141.829   141.802  7 55738.64699221 51.286
 110 241.990858  61.446613   141.957   141.996  7 55748.56263760 52.743
 111 241.990268  61.446167   142.118   141.686  6 55758.47828062 26.215
 112 241.994665  61.445345   141.537   141.436  7 55768.39392130 21.895
 113 241.997785  61.443155   141.475   141.522  7 55778.30955857 22.000
 114 241.998019  61.441069   141.528   141.518  7 55788.22519310 26.123
 115 241.999878  61.441867   141.424   141.410  7 55798.14082684 39.994
 116 241.994984  61.442655   141.244   141.260  7 55808.05647094 26.105
 117 241.993726  61.444156   141.246   141.241  7 55817.97212010 20.591
 118 241.995258  61.443695   141.650   141.681  7 55827.88776542 40.186
 119 241.995838  61.441656   141.221   141.149  7 55837.80340608 21.111
 120 241.998244  61.440865   141.541   141.517  7 55847.71904391 30.245
 121 241.996964  61.441295   141.668   141.710  7 55857.63467922 50.191
 122 241.995750  61.444024   141.460   141.374  7 55867.55032488 52.221
 123 241.991648  61.445647   143.636   143.638  7 55877.46597661 37.983
 124 241.990948  61.445853   142.680   142.753  7 55887.38162209 28.587
 125 241.993236  61.445387   142.524   142.522  7 55897.29726207 22.067
 126 241.993720  61.443934   142.570   142.592  7 55907.21289674 23.968
 127 241.995746  61.445431   142.466   142.464  7 55917.12854331 21.856
 128 241.990831  61.445606   142.325   142.325  7 55927.04419633 21.319
 129 241.990161  61.445740   142.104   142.099  7 55936.95984637 18.899
 130 241.992385  61.444814   141.957   141.978  7 55946.87549159 16.292
 131 241.996100  61.443691   141.954   141.960  7 55956.79113237 17.092
 132 241.995817  61.442348   141.945   141.927  7 55966.70677014 16.452
 133 241.996678  61.443218   141.877   141.898  7 55976.62240724 15.877
 134 241.995674  61.443818   141.837   141.842  8 55986.53804337 16.371
 135 241.997444  61.444214   141.803   141.790  7 55996.45368058 16.282
 136 241.997211  61.443931   141.722   141.697  7 56006.36933202 16.431
 137 241.996796  61.442820   141.944   141.940  7 56016.28497929 16.907
 138 241.997031  61.443256   141.771   141.743  7 56026.20062393 14.974
 139 241.994266  61.444136   142.060   142.050  7 56036.11626671 10.521
 140 241.994871  61.446076   142.036   142.116  7 56046.03190796 25.597
 141 241.991393  61.445680   142.895   142.851  7 56055.94754575 38.446
 142 241.992565  61.445067   142.180   142.173  7 56065.86317981 47.219
 143 241.991944  61.444695   142.261   142.275  7 56075.77882614 49.543
 144 241.991512  61.445352   143.698   144.065  6 56085.69447543 25.954
 145 241.992011  61.445928   142.302   142.229  7 56095.61012235 50.719
 146 241.993029  61.446015   142.329   142.078  7 56105.52576711 23.027
 147 241.992767  61.444582   142.561   142.705  7 56115.44139709 53.699
 148 241.996569  61.444010   141.987   141.981  7 56125.35703537 30.383
 149 241.998270  61.442590   141.806   141.816  7 56135.27266940 24.643
 150 241.997216  61.442175   141.641   141.639  8 56145.18831093 32.790
 151 241.996381  61.443329   142.048   142.057  7 56155.10396100 52.982
 152 241.995039  61.444352   141.664   141.644  8 56165.01961000 29.887
 153 241.994467  61.444611   142.130   142.069  7 56174.93525681 47.636
 154 241.995172  61.444060   141.269   141.374  7 56184.85089851 21.466
 155 241.997445  61.443583   141.875   141.837  7 56194.76653655 39.177
 156 241.996013  61.442877   141.842   141.868  7 56204.68217126 54.195
 157 241.996101  61.443587   141.564   141.410  8 56214.59780470 32.528
 158 241.995113  61.444400   141.329   141.311  7 56224.51344102 34.218
 159 241.992201  61.445218   141.589   141.620  6 56234.42909656 46.762
 160 241.990911  61.445321   141.290   141.276  7 56244.34474823 47.613
 161 241.991280  61.445467   141.526   141.383  7 56254.26039518 45.439
 162 241.991326  61.445774   142.521   142.470  7 56264.17603795 29.759
 163 241.993819  61.446784   142.631   142.654  7 56274.09167930 26.721
 164 241.994469  61.446418   142.578   142.569  7 56284.00732361 26.506
 165 241.992966  61.444831   142.453   142.407  7 56293.92297466 26.569
 166 241.994244  61.443719   142.251   142.217  7 56303.83862167 26.035
 167 241.995302  61.443687   142.097   142.086  7 56313.75426476 19.831
 168 241.993776  61.444171   142.080   142.032  7 56323.66990551 20.685
 169 241.994228  61.445345   141.979   142.006  7 56333.58554582 20.978
 170 241.993712  61.444704   141.918   141.920  7 56343.50118521 21.516
 171 241.997246  61.444043   141.931   141.934  7 56353.41682266 21.629
 172 241.994978  61.442201   141.936   141.934  7 56363.33246484 25.945
 173 241.996074  61.443555   141.961   141.948  7 56373.24811408 21.439
 175 241.991266  61.446597   142.490   142.495  7 56393.07940450  2.588
 176 241.993253  61.447733   142.218   142.231  7 56402.99504736  5.798
 177 241.990839  61.446163   141.457   141.571  7 56412.91068664 21.484
 178 241.993133  61.444959   143.041   143.051  7 56422.82632140 35.764
 179 241.993606  61.444981   143.909   144.106  7 56432.74196397 27.061
 180 241.992276  61.446338   142.580   142.562  8 56442.65761645 53.197
 181 241.989680  61.446871   142.706   142.698  7 56452.57326613 51.644
 182 241.993305  61.447279   142.764   142.790  7 56462.48891379 53.971
 183 241.991952  61.444698   142.761   142.847  7 56472.40455735 53.263
 184 241.996558  61.443781   142.629   142.485  7 56482.32019821 44.832
 185 241.997099  61.443261   142.439   142.358  7 56492.23583516 38.906
 186 241.997096  61.443861   141.571   141.696  7 56502.15146980 24.473
 187 241.995735  61.443864   141.912   141.862  8 56512.06710273 20.185
 188 241.995279  61.444020   141.895   141.883  8 56521.98274961 24.898
 189 241.996894  61.444184   141.691   141.636  7 56531.89840260 20.704
 191 241.995121  61.443636   141.548   141.519  7 56551.72969641 20.781
 192 241.994897  61.445921   141.543   141.551  7 56561.64533937 20.538
 193 241.992469  61.447437   141.911   141.966  7 56571.56098085 52.201
 194 241.988749  61.446818   141.349   141.270  6 56581.47662027 27.352
 195 241.991735  61.445492   141.173   141.198  7 56591.39225598 22.599
 196 241.995154  61.445307   141.558   141.425  7 56601.30790501 34.987
 197 241.995903  61.445805   143.583   143.591  7 56611.22355501 33.218
 198 241.991977  61.446085   142.709   142.703  7 56621.13920003 25.499
 199 241.990748  61.446770   142.833   142.818  7 56631.05484237 22.368
 200 241.991160  61.445573   142.518   142.529  7 56640.97048081 20.155
 201 241.994531  61.444147   142.328   142.284  7 56650.88612858 21.272
 202 241.996174  61.442910   142.156   142.173  7 56660.80177907 21.632
 203 241.996578  61.443328   142.154   142.178  7 56670.71742624 20.260
 204 241.992900  61.444718   142.162   142.178  7 56680.63307102 21.466
 205 241.990818  61.445891   142.156   142.191  7 56690.54871404 20.575
 206 241.992906  61.445984   142.232   142.241  7 56700.46435393 20.178
 207 241.997295  61.444472   142.137   142.115  7 56710.37998910 20.155
 208 241.998095  61.443427   142.305   142.307  7 56720.29563130 19.806
 209 241.996671  61.444647   129.706   129.710  7 56730.21128333 13.625
 210 241.990215  61.445909   142.101   142.134  7 56740.12693111 19.979
 211 241.990536  61.448570   142.066   142.047  7 56750.04257561 19.397
 212 241.988692  61.447856   142.121   142.116  7 56759.95821466 16.473
 213 241.991275  61.445930   141.591   141.543  7 56769.87384753 22.822
 214 241.992174  61.445118   142.260   142.314  7 56779.78949861 25.954
 215 241.994085  61.446307   143.055   143.038  7 56789.70515427 35.499
 216 241.989477  61.446679   142.398   142.840  7 56799.62080589 25.209
 217 241.988251  61.447694   142.565   142.707  7 56809.53645146 26.007
 218 241.991861  61.448022   142.267   142.235  7 56819.45209208 52.752
 219 241.991899  61.445000   142.225   142.316  7 56829.36772818 44.175
 220 241.997339  61.442976   129.515   129.889  7 56839.28336173 17.984
 221 241.998440  61.441662   141.636   141.679  7 56849.19899427 21.209
 222 241.994647  61.443456   141.501   141.569  7 56859.11464874 19.026
 223 241.994008  61.446460   141.237   141.273  7 56869.03030271 19.481
 224 241.990964  61.446705   141.732   141.713  7 56878.94595390 53.375
 225 241.994278  61.446921   141.147   141.126  7 56888.86160225 22.752
 226 241.993954  61.445561   141.290   141.238  7 56898.77724732 42.062
 227 241.991371  61.445388   140.836   140.802  6 56908.69288989 23.595
 228 241.991014  61.447371   141.436   141.308  6 56918.60853095 51.858
 229 241.986159  61.447518   140.996   140.932  6 56928.52416931 24.273
 230 241.989949  61.448084   141.037   141.141  6 56938.43980423 31.364
 231 241.994514  61.446787   141.293   141.293  7 56948.35543819 48.470
 232 241.994917  61.445834   141.178   141.204  7 56958.27109125 49.243
 233 241.992000  61.444713   140.327   140.263  7 56968.18673876 30.949
 234 241.992021  61.445474   141.644   141.629  7 56978.10238288 36.801
 235 241.992558  61.446154   141.620   141.618  8 56988.01802259 36.405
 236 241.992420  61.444558   141.322   141.297  7 56997.93365587 34.412
 237 241.997075  61.444636   141.499   141.461  7 57007.84930480 32.496
 238 241.997744  61.443896   141.379   141.399  7 57017.76495820 31.423
 239 241.995533  61.443512   141.266   141.281  7 57027.68060794 30.554
 240 241.994184  61.445020   141.200   141.193  8 57037.59625616 27.900
 241 241.990822  61.445622   141.183   141.228  6 57047.51190153 27.227
 242 241.990780  61.445744   141.062   141.025  6 57057.42754340 27.479
 243 241.994983  61.445400   141.006   141.007  7 57067.34318011 20.374
 244 241.997286  61.444644   141.045   141.055  7 57077.25881232 21.174
 245 241.994955  61.443312   140.989   141.000  7 57087.17444341 18.458
 246 241.992809  61.446008   140.917   140.918  8 57097.09010237 23.626
 247 241.988692  61.447399   140.969   140.974  6 57107.00575814 22.909
 248 241.987710  61.447613   141.026   141.042  6 57116.92140919 21.755
 249 241.988681  61.446629   141.199   141.206  6 57126.83705402 20.575
 250 241.992026  61.445930   141.933   141.973  7 57136.75269366 33.080
 251 241.992878  61.444759   142.402   142.416  7 57146.66832888 38.107
 252 241.994410  61.444319   141.838   141.885  7 57156.58396178 53.159
 253 241.994970  61.444587    97.193    94.399  7 57166.49960517 24.561
 254 241.993149  61.444843   141.232   141.221  7 57176.41526142 22.322
 255 241.993505  61.444519   141.884   141.952  7 57186.33091389 52.867
 256 241.995462  61.444434   141.604   141.587  7 57196.24656246 39.698
 257 241.993436  61.443969   141.378   141.384  7 57206.16219704 24.750
 258 241.993836  61.445280   141.416   141.427  8 57216.07784241 40.858
 259 241.991483  61.445408   140.991   140.984  6 57225.99348618 27.376
 260 241.992929  61.445815   141.244   141.130  7 57235.90912831 52.112
 261 241.994590  61.445486   140.685   140.720  7 57245.82476689 24.780
 262 241.994435  61.444747   140.304   140.372  8 57255.74040264 27.395
 263 241.992404  61.444477   140.984   140.990  7 57265.65603697 28.433
 264 241.992944  61.445889   141.177   141.183  7 57275.57168014 52.315
 265 241.989537  61.446397   140.536   140.538  7 57285.48733683 22.500
 266 241.989461  61.446387   140.730   140.704  6 57295.40299087 32.205
 267 241.989822  61.445837   140.787   140.721  7 57305.31864127 31.703
 268 241.992391  61.446354   140.699   140.681  7 57315.23428817 23.833
 269 241.991679  61.446522   141.008   140.945  7 57325.14993157 52.528
 270 241.989863  61.445948   141.167   141.107  7 57335.06557288 46.063
 272 241.991102  61.445141   141.327   141.315  7 57354.89686702 40.582
 273 241.995324  61.445372   141.244   141.220  7 57364.81251132 32.917
 274 241.993068  61.443935   141.046   141.044  7 57374.72815138 30.344
 275 241.996111  61.445096   140.984   140.956  7 57384.64379031 28.390
 276 241.993390  61.444350   140.865   140.870  7 57394.55942800 28.567
 277 241.993935  61.444100   140.806   140.812  7 57404.47506511 26.116
 278 241.993110  61.443773   140.808   140.839  7 57414.39071196 26.170
 279 241.994098  61.444874   140.779   140.757  7 57424.30636356 28.342
 280 241.990684  61.445437   140.714   140.775  7 57434.22201181 27.952
 281 241.990148  61.447370   140.757   140.751  7 57444.13765877 27.711
 282 241.986391  61.447362   140.679   140.680  6 57454.05330456 26.339
 283 241.990930  61.448355   140.709   140.709  7 57463.96894945 27.807
 284 241.992352  61.446290   140.782   140.788  7 57473.88459000 27.071
 286 241.994026  61.443393   140.859   140.866  7 57493.71586079 21.317
 287 241.993812  61.443381   141.196   141.165  7 57503.63149274 31.341
 288 241.993096  61.444750   142.154   142.157  7 57513.54714619 41.363
 289 241.994838  61.445359   141.768   141.816  7 57523.46280099 54.769
 290 241.994269  61.443915   141.723   141.808  7 57533.37845304 54.394
 291 241.995226  61.443400   142.017   141.966  7 57543.29410220 53.620
 292 241.996931  61.444673   141.719   141.709  7 57553.20974904 31.769
 293 241.994602  61.445692   141.611   141.556  7 57563.12539404 20.216
 294 241.990589  61.445720   141.937   141.932  7 57573.04103833 39.460
 295 241.993727  61.446528   141.599   141.574  7 57582.95668321 21.182
 296 241.993903  61.445558   141.180   141.243  7 57592.87232571 21.147
 297 241.993924  61.445112   141.449   141.479  7 57602.78796580 37.705
