-136831.013  1030.343     0.00  160.41
-136543.804  1001.565  -100.20  163.95
-136256.584   980.900   -71.95  163.91
-135969.353   941.076  -138.64  151.44
-135682.111   906.075  -121.85  139.51
-135394.858   863.795  -147.18  129.96
-135107.595   824.820  -135.67  110.21
-134820.320   793.876  -107.71   98.64
-134533.034   766.052   -96.85   81.14
-134245.737   741.411   -85.77   62.96
-133958.429   720.433   -73.01   43.60
-133671.110   709.718   -37.29   31.71
-133383.780   709.867     0.52   28.16
-133096.440   715.299    18.90   34.06
-132809.088   733.683    63.98   51.79
-132521.725   756.992    81.11   68.81
-132234.351   780.711    82.53   80.02
-131946.966   813.516   114.15   87.96
-131659.571   847.149   117.02   87.20
-131372.164   883.991   128.18   95.66
-131084.746   915.911   111.05   96.08
-130797.317   955.790   138.74  116.62
-130509.877  1011.296   193.10  143.50
-130222.426  1076.874   228.13  184.27
-129934.964  1146.070   240.70  201.45
-129647.492  1226.366   279.31  191.63
-129360.008  1284.568   202.45  167.29
-129072.513  1347.733   219.70  142.57
-128785.007  1399.320   179.42  144.25
-128497.490  1457.357   201.85  138.42
-128209.962  1508.444   177.67  138.05
-127922.423  1547.426   135.57  139.64
-127634.873  1593.612   160.61  139.77
-127347.312  1624.595   107.74  128.42
-127059.740  1653.089    99.08  121.57
-126772.157  1670.369    60.09  119.77
-126484.562  1664.458   -20.55  136.23
-126196.957  1644.185   -70.49  146.57
-125909.341  1630.386   -47.97  143.57
-125621.714  1643.016    43.91  135.34
-125334.075  1675.279   112.16  152.47
-125046.426  1701.283    90.40  143.02
-124759.192  1700.746    -1.87  142.46
-124473.800  1671.740  -101.63  161.96
-124188.398  1623.540  -168.88  175.74
-123902.985  1576.251  -165.68  183.04
-123617.563  1523.940  -183.27  163.94
-123332.131  1466.189  -202.32  118.38
-123046.688  1441.739   -85.65  107.55
-122761.235  1418.597   -81.07  109.04
-122475.773  1400.519   -63.33  123.01
-122190.300  1383.832   -58.45  144.26
-121904.817  1355.918   -97.78  144.10
-121619.324  1338.108   -62.38  136.17
-121333.821  1323.796   -50.13  123.97
-121048.309  1314.548   -32.39  116.39
-120762.785  1318.730    14.65  125.57
-120477.252  1336.896    63.62  149.09
-120191.709  1378.140   144.44  176.33
-119906.156  1421.881   153.18  193.23
-119620.592  1492.568   247.53  217.25
-119335.019  1560.134   236.59  221.33
-119049.436  1619.630   208.32  193.70
-118763.842  1651.146   110.35  163.72
-118478.238  1659.386    28.85  140.35
-118192.625  1643.037   -57.24  151.57
-117907.001  1605.803  -130.36  172.36
-117621.367  1560.511  -158.56  184.74
-117335.723  1505.649  -192.06  173.20
-117050.069  1467.077  -135.03  157.77
-116764.405  1432.851  -119.81  152.19
-116478.730  1408.418   -85.52  145.87
-116193.046  1379.013  -102.93  139.79
-115907.352  1349.452  -103.47  135.38
-115621.647  1316.240  -116.24  134.50
-115335.932  1281.556  -121.39  129.80
-115050.208  1254.050   -96.27  117.42
-114764.473  1242.126   -41.73  113.56
-114478.728  1247.560    19.02  127.28
-114192.973  1250.677    10.91  145.84
-113907.208  1255.075    15.39  157.18
-113621.433  1254.554    -1.82  162.70
-113335.647  1249.393   -18.06  161.02
-113049.852  1226.229   -81.05  162.71
-112764.046  1179.597  -163.16  157.28
-112478.231  1126.191  -186.85  128.39
-112192.405  1081.904  -154.94   98.61
-111906.569  1043.694  -133.67   77.26
-111620.723  1010.433  -116.36   63.95
-111334.867   980.767  -103.77   64.25
-111049.001   952.185   -99.98   59.13
-110763.124   930.155   -77.06   58.88
-110477.238   901.556  -100.03   58.49
-110191.341   876.754   -86.75   50.53
-109905.435   861.480   -53.42   41.47
-109619.518   848.529   -45.30   28.31
-109333.591   841.872   -23.28   20.18
-109047.654   835.797   -21.25   21.07
-108761.707   833.730    -7.23   23.20
-108475.749   832.124    -5.62   25.07
-108189.782   829.583    -8.89   24.03
-107903.804   826.993    -9.06   22.71
-107617.817   833.672    23.36   34.34
-107331.819   852.681    66.46   65.82
-107045.811   886.083   116.78  103.07
-106759.793   926.305   140.62  128.55
-106473.764   970.229   153.56  140.93
-106187.726  1020.264   174.92  137.84
-105901.677  1079.590   207.39  124.24
-105615.619  1126.333   163.40  105.48
-105329.550  1166.752   141.29   96.54
-105043.471  1207.545   142.59   98.49
-104757.382  1267.048   207.98  131.46
-104471.283  1344.889   272.07  161.45
-104185.173  1405.526   211.93  160.67
-103899.054  1451.497   160.67  145.75
-103612.924  1469.702    63.62  127.92
-103326.784  1480.758    38.64  117.08
-103040.634  1470.626   -35.40  128.05
-102754.474  1443.542   -94.65  137.79
-102468.304  1406.119  -130.77  137.84
-102182.123  1359.244  -163.79  133.28
-101895.933  1327.470  -111.02  139.91
-101609.732  1289.376  -133.10  120.15
-101323.521  1260.455  -101.04   93.98
-101037.300  1245.516   -52.19   85.24
-100751.068  1258.526    45.45  115.73
-100464.827  1299.235   142.22  159.24
-100178.575  1367.319   237.84  201.35
 -99892.313  1424.859   201.00  197.79
 -99606.041  1460.573   124.75  183.34
 -99319.759  1474.814    49.74  156.65
 -99033.467  1473.291    -5.32  157.13
 -98747.165  1441.876  -109.73  178.64
 -98460.852  1389.565  -182.70  195.41
 -98174.529  1335.652  -188.29  186.15
 -97888.196  1281.659  -188.56  157.74
 -97601.853  1244.600  -129.42  147.36
 -97315.499  1211.697  -114.90  139.14
 -97029.136  1191.649   -70.01  122.46
 -96742.762  1220.149    99.52  145.64
 -96456.378  1257.392   130.04  157.62
 -96169.984  1318.600   213.71  173.69
 -95883.580  1386.726   237.86  172.52
 -95597.165  1458.097   249.18  139.57
 -95310.741  1505.838   166.67   91.81
 -95024.306  1517.707    41.43   77.33
 -94737.861  1502.911   -51.65   87.57
 -94451.405  1450.304  -183.64  126.44
 -94164.940  1377.374  -254.58  153.39
 -93878.464  1314.298  -220.17  159.80
 -93591.978  1261.656  -183.74  136.79
 -93305.482  1241.696   -69.67  116.28
 -93018.976  1244.890    11.15  117.68
 -92732.460  1274.859   104.59  126.67
 -92445.933  1308.759   118.31  116.51
 -92159.396  1347.119   133.87   82.52
 -91872.849  1360.404    46.36   58.93
 -91586.292  1349.454   -38.21   65.02
 -91299.724  1321.614   -97.15   69.64
 -91013.146  1293.444   -98.30   63.75
 -90726.559  1262.706  -107.25   60.92
 -90439.960  1240.209   -78.49   56.48
 -90153.352  1216.905   -81.31   54.17
 -89866.733  1198.721   -63.44   53.39
 -89580.105  1178.330   -71.14   55.27
 -89293.466  1161.671   -58.12   55.34
 -89006.816  1143.627   -62.95   53.03
 -88720.157  1128.257   -53.62   49.52
 -88433.487  1110.911   -60.51   51.90
 -88146.807  1091.030   -69.35   53.77
 -87860.117  1071.176   -69.25   57.69
 -87573.417  1056.217   -52.18   54.12
 -87286.706  1043.595   -44.02   52.86
 -86999.985  1026.904   -58.21   48.49
 -86713.254  1016.739   -35.45   40.85
 -86426.513  1016.362    -1.32   38.24
 -86139.761  1016.793     1.51   32.90
 -85853.000  1015.529    -4.41   26.96
 -85566.228  1012.235   -11.48   27.21
 -85279.445  1014.761     8.81   25.73
 -84992.653  1018.340    12.48   30.81
 -84705.850  1024.595    21.81   38.36
 -84419.037  1036.060    39.97   46.20
 -84132.214  1047.357    39.39   51.89
 -83845.380  1062.066    51.28   54.49
 -83558.537  1076.537    50.45   49.86
 -83271.683  1089.502    45.20   45.41
 -82984.818  1104.151    51.06   49.55
 -82697.944  1124.862    72.19   64.85
 -82411.059  1147.089    77.48   75.52
 -82124.164  1183.638   127.39   92.20
 -81837.259  1216.369   114.08   94.71
 -81550.343  1253.689   130.07   99.78
 -81263.418  1299.285   158.91  110.59
 -80976.482  1352.851   186.68  130.85
 -80689.535  1417.469   225.19  144.48
 -80402.579  1493.378   264.53  144.58
 -80115.612  1545.542   181.77  131.40
 -79828.635  1575.276   103.61  108.69
 -79541.648  1583.024    27.00  105.16
 -79254.650  1572.378   -37.09  110.51
 -78967.642  1541.240  -108.49  127.62
 -78680.624  1488.776  -182.78  131.35
 -78393.595  1439.375  -172.11  108.43
 -78106.557  1407.051  -112.61   97.02
 -77819.508  1389.078   -62.61  102.51
 -77532.449  1362.544   -92.43  112.69
 -77245.379  1334.179   -98.81  114.74
 -76958.299  1318.537   -54.49  113.80
 -76671.209  1326.712    28.48  118.19
 -76384.109  1358.192   109.65  136.11
 -76096.998  1396.249   132.55  160.29
 -75809.877  1446.933   176.52  173.90
 -75522.746  1503.473   196.91  157.02
 -75235.604  1559.838   196.29  129.14
 -74948.452  1604.724   156.31  104.24
 -74661.290  1618.293    47.25  100.76
 -74374.118  1627.925    33.54   98.63
 -74086.935  1618.860   -31.56  101.19
 -73799.742  1607.775   -38.60  106.58
 -73512.539  1600.388   -25.72  104.31
 -73225.325  1565.926  -119.99  114.26
 -72938.101  1545.984   -69.43  110.20
 -72650.867  1511.933  -118.54  117.03
 -72363.623  1467.704  -153.97  129.06
 -72076.368  1418.567  -171.05  140.90
 -71789.103  1338.187  -279.81  164.87
 -71501.827  1265.266  -253.83  175.17
 -71214.541  1192.133  -254.56  172.94
 -70927.245  1123.242  -239.79  154.32
 -70639.939  1070.729  -182.78  127.44
 -70352.622  1033.612  -129.18   95.51
 -70065.295  1004.098  -102.71   64.71
 -69777.958   995.293   -30.65   59.24
 -69490.610   996.904     5.61   75.18
 -69203.253   993.926   -10.37   82.09
 -68915.884  1000.559    23.08  101.47
 -68628.506   996.045   -15.71  105.59
 -68341.117   988.962   -24.64  104.11
 -68053.718   982.183   -23.59   99.27
 -67766.308   967.537   -50.96   89.43
 -67478.888   955.876   -40.57   79.24
 -67191.458   943.499   -43.06   70.72
 -66904.017   929.489   -48.74   62.72
 -66616.566   922.926   -22.83   58.21
 -66329.105   909.560   -46.50   53.70
 -66041.634   898.019   -40.15   53.43
 -65754.152   889.028   -31.27   50.76
 -65466.660   883.348   -19.76   50.97
 -65179.157   879.247   -14.26   54.73
 -64891.644   871.597   -26.61   56.52
 -64604.121   869.824    -6.17   60.12
 -64316.587   864.058   -20.05   61.62
 -64029.043   858.164   -20.50   63.05
 -63741.489   849.740   -29.30   59.69
 -63453.925   838.858   -37.84   57.45
 -63166.350   831.692   -24.92   55.95
 -62879.360   822.378   -32.45   54.56
 -62593.894   814.918   -26.13   50.92
 -62308.419   806.947   -27.92   47.83
 -62022.934   800.690   -21.92   43.57
 -61737.440   796.607   -14.30   39.07
 -61451.937   791.476   -17.97   30.19
 -61166.424   784.651   -23.90   24.15
 -60880.902   775.418   -32.34   22.42
 -60595.371   765.226   -35.70   21.80
 -60309.830   755.563   -33.84   20.36
 -60024.279   744.820   -37.62   20.16
 -59738.719   733.626   -39.20   23.00
 -59453.150   720.049   -47.54   31.00
 -59167.572   701.440   -65.16   43.03
 -58881.984   693.526   -27.71   50.07
 -58596.386   702.030    29.78   67.03
 -58310.779   718.197    56.61   93.47
 -58025.163   752.007   118.37  117.24
 -57739.538   783.876   111.57  126.55
 -57453.903   821.104   130.33  110.49
 -57168.258   851.617   106.82   75.09
 -56882.604   857.600    20.94   61.91
 -56596.941   849.350   -28.88   63.81
 -56311.268   830.560   -65.78   75.54
 -56025.586   790.269  -141.03   87.60
 -55739.895   749.807  -141.63  103.46
 -55454.194   708.711  -143.84  117.84
 -55168.483   654.875  -188.42  122.88
 -54882.764   613.896  -143.42  116.41
 -54597.034   594.360   -68.37  108.83
 -54311.296   583.904   -36.59  101.13
 -54025.548   581.030   -10.06   97.18
 -53739.790   590.426    32.88   95.11
 -53454.023   599.232    30.82   91.63
 -53168.247   607.846    30.14   87.11
 -52882.461   609.512     5.83   82.49
 -52596.666   605.226   -14.99   68.59
 -52310.861   590.940   -49.98   69.65
 -52025.047   562.891   -98.14   73.40
 -51739.224   537.234   -89.76   64.65
 -51453.391   513.683   -82.39   64.71
 -51167.548   488.743   -87.25   70.19
 -50881.696   462.889   -90.44   76.44
 -50595.835   427.174  -124.94   91.06
 -50309.964   401.539   -89.67   83.51
 -50024.084   381.508   -70.07   74.30
 -49738.195   356.947   -85.91   68.09
 -49452.296   336.117   -72.86   60.56
 -49166.387   322.203   -48.66   56.43
 -48880.469   314.883   -25.60   57.66
 -48594.542   298.843   -56.09   51.06
 -48308.605   282.440   -57.37   41.93
 -48022.659   266.172   -56.89   28.94
 -47736.703   249.644   -57.80   30.81
 -47450.738   229.818   -69.33   43.26
 -47164.763   208.707   -73.82   50.80
 -46878.779   188.087   -72.10   50.65
 -46592.785   169.295   -65.71   44.60
 -46306.782   151.015   -63.91   30.00
 -46020.770   139.688   -39.60   10.95
 -45734.748   137.969    -6.01    2.56
 -45448.716   139.181     4.24    4.51
 -45162.676   141.214     7.11    6.59
 -44876.625   144.619    11.90    9.29
 -44590.565   148.373    13.13   10.88
 -44304.496   151.750    11.80   10.78
 -44018.417   152.301     1.93    9.57
 -43732.329   151.607    -2.42   10.41
 -43446.231   150.293    -4.59   10.87
 -43160.124   150.689     1.38   11.33
 -42874.008   152.429     6.08   13.38
 -42587.882   155.283     9.97   15.91
 -42301.746   161.060    20.19   16.75
 -42015.601   166.940    20.55   17.09
 -41729.446   172.699    20.13   13.80
 -41443.282   176.639    13.77   10.68
 -41157.109   178.583     6.79    9.78
 -40870.926   180.388     6.31    8.04
 -40584.734   183.385    10.47   11.35
 -40298.532   190.486    24.81   19.23
 -40012.320   196.478    20.93   24.08
 -39726.099   202.804    22.10   26.41
 -39439.869   209.597    23.73   26.19
 -39153.629   216.466    24.00   22.09
 -38867.380   219.897    11.99   16.56
 -38581.121   220.933     3.62   14.81
 -38294.852   217.903   -10.58   15.67
 -38008.575   212.686   -18.22   14.75
 -37722.287   207.437   -18.34   11.81
 -37435.990   204.672    -9.66   10.22
 -37149.684   202.473    -7.68    8.30
 -36863.368   200.485    -6.94    6.18
 -36577.043   200.505     0.07    6.64
 -36290.708   201.382     3.06    7.50
 -36004.364   203.366     6.93    8.39
 -35718.010   206.408    10.62    9.28
 -35431.647   209.837    11.98    9.55
 -35145.274   212.617     9.71    9.42
 -34858.891   216.160    12.37    8.89
 -34572.500   219.657    12.21    6.84
 -34286.098   221.797     7.47    6.12
 -33999.687   223.669     6.53    5.32
 -33713.267   225.374     5.95    4.93
 -33426.837   227.153     6.21    5.51
 -33140.398   229.469     8.08    6.35
 -32853.949   232.148     9.35    6.94
 -32567.490   235.496    11.69    7.34
 -32281.022   238.349     9.96    6.47
 -31994.545   239.940     5.55    5.50
 -31708.058   240.484     1.90    5.09
 -31421.561   239.148    -4.66    6.10
 -31135.055   236.716    -8.49    7.01
 -30848.540   233.723   -10.45    7.53
 -30562.014   230.807   -10.18    6.65
 -30275.480   228.300    -8.75    4.43
 -29988.936   226.991    -4.57    2.60
 -29702.382   226.752    -0.84    2.14
 -29415.819   226.834     0.29    1.92
 -29129.246   226.985     0.53    1.81
 -28842.664   227.085     0.35    1.48
 -28556.072   226.947    -0.48    1.49
 -28269.471   227.129     0.63    1.37
 -27982.860   227.386     0.90    1.42
 -27696.239   227.762     1.31    1.79
 -27409.609   228.518     2.64    2.63
 -27122.970   230.363     6.43    3.81
 -26836.321   232.404     7.12    4.79
 -26549.662   234.659     7.87    5.70
 -26262.994   237.249     9.04    5.95
 -25976.316   239.366     7.38    5.03
 -25689.629   239.729     1.27    4.46
 -25402.932   239.070    -2.30    4.89
 -25116.226   237.821    -4.36    5.51
 -24829.510   235.912    -6.66    5.67
 -24542.785   233.911    -6.98    5.00
 -24256.050   232.042    -6.52    4.26
 -23969.305   230.602    -5.02    3.78
 -23682.551   228.462    -7.46    4.92
 -23395.788   225.324   -10.94    7.48
 -23109.015   220.233   -17.75   11.60
 -22822.232   213.447   -23.66   18.20
 -22535.440   203.228   -35.63   25.38
 -22248.638   191.240   -41.80   30.39
 -21961.826   179.889   -39.58   31.83
 -21675.005   166.524   -46.59   32.46
 -21388.175   154.393   -42.30   28.76
 -21101.335   145.703   -30.29   24.05
 -20814.485   137.247   -29.48   18.66
 -20527.626   130.343   -24.07   11.86
 -20240.757   127.021   -11.58    9.11
 -19953.879   123.271   -13.07    7.51
 -19666.991   120.448    -9.84    6.89
 -19380.093   117.397   -10.63    7.96
 -19093.186   113.883   -12.25   10.30
 -18806.269   109.889   -13.92   12.09
 -18519.343   104.785   -17.79   13.42
 -18232.407    98.433   -22.14   12.64
 -17945.462    93.940   -15.66   11.80
 -17658.507    89.386   -15.87    8.73
 -17371.542    86.795    -9.03    5.23
 -17084.568    86.100    -2.42    3.58
 -16797.584    86.649     1.92    3.85
 -16510.591    87.748     3.83    3.92
 -16223.588    88.839     3.80    3.36
 -15936.576    89.165     1.13    3.31
 -15649.554    88.536    -2.19    4.35
 -15362.522    86.569    -6.85    6.30
 -15075.481    83.370   -11.14    7.86
 -14788.430    79.643   -12.98    8.93
 -14501.369    75.350   -14.95    9.18
 -14214.299    71.683   -12.77    8.54
 -13927.220    67.983   -12.89    7.74
 -13640.131    64.926   -10.65    6.81
 -13353.032    62.289    -9.19    5.97
 -13065.923    60.276    -7.01    5.14
 -12778.805    58.296    -6.90    3.78
 -12491.678    57.051    -4.34    3.15
 -12204.540    55.652    -4.87    2.55
 -11917.394    54.351    -4.53    2.34
 -11630.237    53.264    -3.79    2.63
 -11343.071    52.195    -3.72    3.00
 -11055.895    50.866    -4.63    2.82
 -10768.710    49.681    -4.13    2.24
 -10481.515    49.006    -2.35    1.74
 -10194.311    48.889    -0.41    1.82
  -9907.097    49.588     2.43    2.99
  -9619.873    50.896     4.55    4.33
  -9332.640    52.754     6.47    5.81
  -9045.397    54.671     6.67    6.32
  -8758.144    56.352     5.85    6.10
  -8470.882    57.348     3.47    5.71
  -8183.610    56.983    -1.27    5.36
  -7896.329    55.822    -4.04    5.85
  -7609.038    53.186    -9.17    7.26
  -7321.737    50.563    -9.13    7.77
  -7034.427    47.859    -9.41    7.40
  -6747.107    44.530   -11.59    6.82
  -6459.777    41.484   -10.60    6.08
  -6172.438    38.776    -9.43    6.33
  -5885.089    35.955    -9.82    6.59
  -5597.731    33.133    -9.82    5.82
  -5310.363    30.976    -7.51    4.67
  -5022.985    29.670    -4.54    3.57
  -4735.597    29.014    -2.28    3.01
  -4448.200    28.883    -0.46    2.88
  -4160.794    29.200     1.10    2.78
  -3873.378    29.754     1.93    2.53
  -3585.952    30.380     2.18    3.19
  -3298.516    27.962    -8.41    8.72
  -3011.071    23.516   -15.47   12.88
  -2723.616    18.947   -15.89   14.90
  -2436.152    14.474   -15.56   15.28
  -2148.677     9.404   -17.63   14.08
  -1861.194     4.414   -17.36   10.26
  -1573.700     1.121   -11.45    3.65
  -1286.197     0.283    -2.92    0.48
   -999.428     0.140    -0.50    0.41
   -713.894     0.054    -0.30    0.33
   -428.352    -0.031    -0.30    0.19
   -142.801    -0.045    -0.05    0.15
    142.759     0.201     0.86    0.89
    428.327     1.283     3.79    2.81
    713.905     3.609     8.15    5.80
    999.491     8.084    15.67   10.19
   1285.085    13.329    18.36   12.79
   1570.689    19.034    19.98   13.42
   1856.301    25.113    21.28   12.92
   2141.922    31.762    23.28   12.22
   2427.551    38.007    21.87   10.86
   2713.190    43.271    18.43   10.19
   2998.837    47.882    16.14   10.17
   3284.493    52.066    14.65   10.07
   3570.157    57.133    17.74    9.74
   3855.830    61.704    16.00   10.90
   4141.512    66.514    16.84   13.07
   4427.203    72.722    21.73   15.83
   4712.903    79.810    24.81   17.11
   4998.611    86.992    25.14   17.54
   5284.328    94.609    26.66   16.54
   5570.053   101.766    25.05   13.93
   5855.788   107.629    20.52   11.09
   6141.531   113.757    21.45   11.03
   6427.283   119.816    21.20   12.19
   6713.043   124.511    16.43   15.11
   6998.813   132.217    26.97   20.63
   7284.591   142.604    36.35   24.40
   7570.378   150.712    28.37   26.22
   7856.174   162.025    39.58   28.43
   8141.978   173.948    41.72   29.89
   8427.791   185.389    40.03   28.90
   8713.613   197.316    41.73   26.57
   8999.444   208.086    37.68   22.34
   9285.283   216.837    30.61   17.16
   9571.131   224.083    25.35   14.41
   9856.988   230.551    22.63   11.49
  10142.854   234.247    12.93    9.26
  10428.728   235.637     4.86   10.05
  10714.611   237.511     6.55   10.66
  11000.503   239.034     5.33   10.24
  11286.404   240.257     4.28    9.56
  11572.313   242.540     7.99    8.41
  11858.231   245.602    10.71    8.92
  12144.158   249.715    14.38    9.44
  12430.094   254.462    16.60    9.72
  12716.039   259.540    17.76   10.73
  13001.992   265.283    20.08   11.10
  13287.954   270.266    17.43   11.38
  13573.925   275.940    19.84   11.47
  13859.904   281.376    19.01   12.28
  14145.893   287.345    20.87   12.11
  14431.890   293.061    19.99   11.98
  14717.896   298.537    19.15   11.74
  15003.910   304.210    19.83   11.80
  15289.934   310.304    21.31   12.01
  15575.966   316.883    23.00   13.27
  15862.007   324.403    26.29   15.20
  16148.057   333.968    33.44   18.31
  16434.115   344.609    37.20   20.98
  16720.183   355.654    38.61   22.51
  17006.259   368.783    45.89   23.20
  17292.344   381.812    45.54   24.35
  17578.437   393.459    40.71   22.62
  17864.540   405.031    40.45   25.53
  18150.651   409.692    16.29   24.08
  18436.771   410.687     3.48   23.86
  18722.900   407.178   -12.26   25.24
  19009.037   397.862   -32.56   27.32
  19295.184   386.609   -39.32   24.10
  19581.339   374.758   -41.42   21.29
  19867.503   362.086   -44.28   20.84
  20153.676   350.437   -40.71   19.54
  20439.857   339.214   -39.22   18.60
  20726.048   329.444   -34.14   19.31
  21012.247   321.447   -27.94   17.45
  21298.455   314.897   -22.89   12.56
  21584.672   316.551     5.78   21.10
  21870.897   323.866    25.56   32.53
  22157.131   339.897    56.01   46.73
  22443.375   356.948    59.57   51.92
  22729.627   373.612    58.22   53.54
  23015.887   397.588    83.76   53.47
  23302.157   419.570    76.79   45.62
  23588.435   430.252    37.31   38.38
  23874.722   433.132    10.06   33.52
  24161.018   433.049    -0.29   30.78
  24447.323   427.375   -19.82   29.11
  24733.637   419.631   -27.05   28.74
  25019.959   409.779   -34.41   24.82
  25306.290   401.883   -27.57   18.27
  25592.630   396.694   -18.12    8.56
  25878.979   397.107     1.44    9.07
  26165.337   402.391    18.45   16.84
  26451.703   411.933    33.32   26.49
  26738.079   425.822    48.50   35.83
  27024.463   439.642    48.26   38.26
  27310.856   449.754    35.31   34.94
  27597.257   455.940    21.60   30.63
  27883.668   457.283     4.69   30.85
  28170.087   450.226   -24.64   37.88
  28456.515   435.177   -52.54   45.12
  28742.952   414.791   -71.17   49.78
  29029.398   394.357   -71.34   51.76
  29315.853   372.411   -76.61   53.19
  29602.317   352.170   -70.66   54.44
  29888.789   329.676   -78.52   55.50
  30175.270   311.425   -63.71   54.55
  30461.760   295.387   -55.98   54.20
  30748.259   282.578   -44.71   52.45
  31034.766   269.343   -46.19   49.48
  31321.283   264.811   -15.82   53.49
  31607.808   264.194    -2.15   56.51
  31894.342   265.712     5.30   62.54
  32180.885   279.663    48.69   78.05
  32467.437   296.727    59.55   86.48
  32753.998   308.029    39.44   92.67
  33040.567   324.604    57.84   93.32
  33327.146   338.330    47.90   84.17
  33613.733   337.707    -2.18   77.29
  33900.329   329.806   -27.57   71.24
  34186.934   312.377   -60.81   73.63
  34473.548   278.698  -117.51   88.63
  34760.170   235.126  -152.02   97.18
  35046.802   194.274  -142.53   96.18
  35333.442   155.962  -133.66   84.33
  35620.091   120.912  -122.27   62.23
  35906.749    92.448   -99.30   30.88
  36193.416    78.204   -49.69   17.20
  36480.091    69.624   -29.93   12.26
  36766.776    63.962   -19.75   10.07
  37053.469    59.130   -16.86    7.79
  37340.172    55.581   -12.38    5.48
  37626.883    53.044    -8.85    3.80
  37913.603    51.440    -5.59    2.89
  38200.331    50.162    -4.46    2.24
  38487.069    49.107    -3.68    2.13
  38773.816    48.012    -3.82    2.12
  39060.571    47.146    -3.02    2.10
  39347.335    46.363    -2.73    1.85
  39634.108    45.656    -2.46    1.34
  39920.890    45.167    -1.71    0.71
  40207.681    44.962    -0.72    0.24
  40494.481    44.933    -0.10    0.00
  40781.289    44.933     0.00    0.00
  41068.107    44.933     0.00    0.00
  41354.933    44.933     0.00    0.00
  41641.768    44.933     0.00    0.00
  41928.612    44.933     0.00    0.00
  42215.465    44.933     0.00    0.00
  42502.327    44.933     0.00    0.00
  42789.198    44.933     0.00    0.00
  43076.077    44.933     0.00    0.00
  43362.966    44.933     0.00    0.00
  43649.863    44.933     0.00    0.00
  43936.769    44.933     0.00    0.00
  44223.684    44.933     0.00    0.00
  44510.608    44.933     0.00    0.00
  44797.541    44.933     0.00    0.00
  45084.483    44.933     0.00    0.00
  45371.433    44.933     0.00    0.00
  45658.393    44.933     0.00    0.00
  45945.361    44.933     0.00    0.00
  46232.339    44.933     0.00    0.00
  46519.325    44.933     0.00    0.00
  46806.320    44.947     0.05    0.17
  47093.324    45.092     0.50    0.58
  47380.337    45.384     1.01    0.89
  47667.358    45.668     0.99    1.01
  47954.389    45.919     0.87    1.07
  48241.428    46.226     1.07    1.02
  48528.477    46.549     1.13    0.86
  48815.534    46.861     1.09    0.80
  49102.600    47.309     1.56    0.91
  49389.676    47.821     1.78    1.12
  49676.760    48.370     1.91    1.29
  49963.852    48.975     2.11    1.30
  50250.954    49.480     1.76    1.20
  50538.065    50.068     2.05    1.02
  50825.185    50.510     1.54    0.93
  51112.313    50.918     1.42    0.97
  51399.451    51.354     1.52    1.04
  51686.597    51.976     2.16    1.27
  51973.752    52.701     2.53    1.70
  52260.916    53.786     3.78    2.15
  52548.089    54.947     4.04    2.40
  52835.271    56.326     4.80    2.77
  53122.462    58.183     6.47    3.38
  53409.662    60.511     8.11    4.34
  53696.871    63.050     8.84    5.45
  53984.088    66.604    12.38    7.22
  54271.315    71.021    15.38    8.69
  54558.551    75.602    15.95    9.78
  54845.795    81.190    19.45   10.12
  55133.048    86.926    19.97   11.15
  55420.310    92.353    18.89   11.77
  55707.582    99.336    24.31   12.95
  55994.862   106.396    24.58   13.67
  56282.151   113.376    24.30   14.87
  56569.449   121.562    28.49   16.11
  56856.756   130.227    30.16   16.85
  57144.071   138.652    29.32   17.71
  57431.396   148.087    32.84   19.08
  57718.730   158.266    35.43   19.39
  58006.072   166.697    29.34   19.63
  58293.424   176.327    33.51   19.33
  58580.784   185.014    30.23   18.11
  58868.154   193.763    30.45   18.35
  59155.532   201.645    27.43   17.55
  59442.919   209.527    27.43   16.92
  59730.316   217.117    26.41   17.70
  60017.721   224.728    26.48   18.26
  60305.135   230.144    18.84   17.48
  60592.558   236.460    21.98   20.18
