# NaN NaN NaN ;Mean Elev.(m), Avg Gradient(m/km), RMS Gradient(m/km) - SRTM1     
#   78.390 -38.115  37.667 ;Mean Elev.(m), Avg Gradient(m/km), RMS Gradient(m/km) - ASTER GDEM
#   87.455 -17.019  37.554 ;Mean Elev.(m), Avg Gradient(m/km), RMS Gradient(m/km) - GMTED2010 
  13 236.197662  63.622175   217.602   217.300  3 54781.82751498  8.196
  14 236.198273  63.621916   223.685   226.744  3 54791.74315349  7.962
  15 236.198100  63.622859   220.237   218.082  3 54801.65879087  8.774
  18 236.197543  63.624021    84.445    84.445  2 54831.40572133 20.552
  31 236.196409  63.619020   399.060   395.880  3 54960.30906154  0.518
  32 236.196875  63.620425   230.223   230.223  2 54970.22471032 10.368
  36 236.193765  63.623970    86.755    86.773  3 55009.88729769 39.349
  37 236.197505  63.624722   240.105   241.230  3 55019.80294182  5.108
  38 236.197204  63.625882    86.277    86.055  3 55029.71858434 52.602
  39 236.192917  63.626433    85.124    85.081  3 55039.63422578 50.189
  40 236.193239  63.626779    84.812    84.773  3 55049.54986627 44.099
  41 236.194494  63.625003    84.665    84.586  3 55059.46550454 51.795
  42 236.196037  63.622241    85.492    85.325  3 55069.38114430 47.186
  44 236.195769  63.621238    92.140    86.066  3 55089.21244136  9.467
  45 236.196893  63.623897    84.591    84.519  3 55099.12808807 48.193
  46 236.194793  63.625342    84.415    84.308  3 55109.04373388 46.062
  47 236.194833  63.624673   184.925   185.020  3 55118.95937846  4.857
  48 236.197565  63.622668    83.569    83.508  3 55128.87502071 51.289
  49 236.199326  63.620981    83.453    83.531  3 55138.79066081 46.194
  50 236.198070  63.621094    82.363    82.379  3 55148.70629935 44.378
  51 236.196868  63.622997    86.412    86.382  3 55158.62193754 24.904
  52 236.197277  63.624792    86.320    86.330  3 55168.53757558 19.213
  66 236.195713  63.620676   231.695   231.158  3 55307.35657287  6.991
  68 236.196060  63.620639    85.875    85.907  3 55327.18786472 47.865
  70 236.193315  63.624329    84.886    84.855  3 55347.01915339 47.002
  71 236.196487  63.625516    85.880    86.015  3 55356.93479634 27.811
  72 236.196444  63.625120    84.958    84.958  3 55366.85043681 40.920
  73 236.194228  63.624109    84.733    84.697  3 55376.76607554 33.380
  74 236.195641  63.624487    85.961    85.960  4 55386.68171379 42.032
  75 236.197450  63.625122    84.908    84.855  3 55396.59735116 49.424
  76 236.193807  63.624100   216.244   216.142  3 55406.51299267  4.684
  77 236.197061  63.623998    83.541    83.528  3 55416.42864412  9.613
  78 236.198150  63.622508    83.985    84.025  3 55426.34429189 46.480
  80 236.198324  63.622023    84.415    84.430  3 55446.17558096 46.613
  81 236.196623  63.623220    83.947    83.934  3 55456.09122426 10.915
  82 236.197535  63.624524    83.444    83.348  3 55466.00686712 47.957
  83 236.196988  63.623586    82.987    83.024  3 55475.92250658 12.550
  84 236.198473  63.621772   191.233   191.233  2 55485.83814298  3.415
  85 236.198589  63.620083    83.142    83.181  3 55495.75377709 47.705
  87 236.197194  63.622757    82.270    82.311  3 55515.58506221 43.193
  88 236.197042  63.624873    82.610    82.568  3 55525.50071195 22.773
 105 236.196226  63.623062    90.544    90.459  3 55694.06662506 27.618
 107 236.194775  63.623604   229.676   229.443  3 55713.89790655  8.247
 108 236.194642  63.624211   248.538   243.824  3 55723.81355577  2.998
 109 236.195339  63.625194   219.717   219.641  4 55733.72920310  4.782
 110 236.197344  63.626261    87.225    87.185  3 55743.64484926 50.086
 111 236.195463  63.625564    85.298    85.183  3 55753.56049344 49.203
 113 236.195900  63.621690    85.726    85.648  3 55773.39177459 48.280
 114 236.197292  63.620521    84.710    84.710  2 55783.30741054 46.819
 115 236.199118  63.621123    85.402    85.368  3 55793.22304426 49.486
 116 236.196910  63.621496   230.118   229.642  3 55803.13867944  3.640
 117 236.195535  63.622239    84.236    84.254  3 55813.05432930 43.813
 118 236.194917  63.621621    83.756    83.770  3 55822.96997731 16.783
 120 236.195255  63.619672    83.269    83.330  3 55842.80125951 22.355
 121 236.196325  63.620443    83.302    83.339  3 55852.71689556 40.642
 122 236.195625  63.621841    83.199    83.214  3 55862.63253068 49.325
 123 236.195575  63.623990    82.192    82.185  3 55872.54818509 42.759
 124 236.193722  63.624091   213.328   215.207  3 55882.46383420 10.226
 125 236.199324  63.624900   156.607   156.607  2 55892.37947760  0.156
 143 236.196824  63.623535   230.234   230.082  3 56070.86103497 10.137
 144 236.197009  63.623873    86.497    86.462  3 56080.77668576 48.239
 145 236.193667  63.624432    89.992    89.953  3 56090.69233353 48.810
 146 236.193557  63.625726    87.686    87.568  3 56100.60797922 48.561
 147 236.193331  63.625216    87.427    87.437  3 56110.52361055 47.814
 148 236.196884  63.623412    85.455    85.511  3 56120.43925049 16.788
 149 236.198676  63.620595    84.773    84.528  3 56130.35488649 50.362
 150 236.197223  63.618814    84.525    84.525  2 56140.27051950 45.043
 151 236.195668  63.620863   221.090   221.075  3 56150.18617059  2.521
 152 236.194507  63.623365    83.781    83.774  3 56160.10181988 42.677
 153 236.195255  63.624416   236.062   234.530  3 56170.01746773  7.320
 154 236.197785  63.623358    83.517    83.512  3 56179.93311183 29.604
 156 236.197534  63.620478    83.590    83.480  3 56199.76438824 43.394
 158 236.195125  63.623412    83.602    83.512  3 56219.59565488  6.233
 159 236.196151  63.625488    83.377    83.351  3 56229.51130354 47.120
 160 236.195122  63.625263    81.912    81.895  3 56239.42695688 45.249
 180 236.194252  63.623545   229.224   229.213  3 56437.73982418 10.124
 182 236.194936  63.625680    86.402    86.455  3 56457.57112490 19.889
 183 236.194916  63.625385    87.288    87.114  3 56467.48677072 48.528
 184 236.193932  63.623544    86.867    86.839  3 56477.40241227 10.614
 185 236.195887  63.621669    86.067    86.008  3 56487.31805038 48.724
 186 236.197247  63.620950    85.030    85.030  2 56497.23368597 48.278
 187 236.196908  63.621246    84.889    84.873  3 56507.14932027 41.994
 188 236.196340  63.622225    84.569    84.569  2 56517.06495659 11.063
 189 236.197188  63.623653    84.067    84.058  3 56526.98061130 11.331
 190 236.196389  63.623242    84.089    84.104  3 56536.89626146  9.574
 193 236.196619  63.624312    83.785    83.637  3 56566.64319427 41.381
 195 236.193219  63.625854    83.539    83.511  3 56586.47447320 45.624
 196 236.196781  63.625675   226.649   226.652  3 56596.39011254  6.456
 197 236.197046  63.625269    82.801    82.790  3 56606.30576461 44.266
 198 236.195601  63.624643    81.621    81.667  4 56616.22141167 42.461
 199 236.194850  63.624472    83.731    83.733  3 56626.13705535 17.602
 200 236.195600  63.624477    85.030    85.064  4 56636.05269646 10.498
 202 236.196341  63.623213    84.646    84.656  3 56655.88398872  9.487
 203 236.196399  63.622348   213.005   213.005  2 56665.79963677  7.047
 205 236.197007  63.623420   266.537   267.657  3 56685.63092659  1.758
 206 236.197995  63.624479   229.001   228.494  3 56695.54656904  7.768
 207 236.197235  63.623990   228.792   228.850  3 56705.46220665  7.412
 208 236.197836  63.622697   229.970   229.987  3 56715.37783886  7.550
 218 236.193703  63.625463    86.280    86.230  3 56814.53430607 48.858
 219 236.196189  63.624183    86.235    86.199  3 56824.44994508 42.586
 221 236.196943  63.621583    85.720    85.697  3 56844.28121153 46.402
 222 236.201539  63.623375    85.346    85.346  2 56854.19685607 14.025
 224 236.194652  63.624103    83.669    83.660  3 56874.02816258 30.257
 225 236.197039  63.624611    83.286    83.282  3 56883.94381289 29.115
 226 236.196920  63.624459    83.207    83.165  3 56893.85945965 45.675
 227 236.195175  63.624680   230.253   229.748  3 56903.77510308  4.205
 228 236.194705  63.626131    82.850    82.811  3 56913.69074467 50.343
 229 236.193636  63.627023    82.647    82.536  3 56923.60638441 49.152
 230 236.195142  63.627235    82.023    82.069  3 56933.52202179 14.882
 231 236.196938  63.625901    82.233    82.233  2 56943.43765376 19.581
 232 236.194810  63.624271   214.185   215.592  3 56953.35329967  5.039
 233 236.197137  63.624788    82.485    82.473  3 56963.26895029 44.936
 234 236.196605  63.625510    81.881    81.926  3 56973.18459591 43.632
 235 236.194033  63.625386    83.962    83.934  3 56983.10023701 22.507
 236 236.195123  63.624352   222.497   224.532  3 56993.01587369  9.243
 251 236.193331  63.623330   351.413   359.563  3 57141.75054578  2.394
 253 236.194835  63.624197   214.457   214.440  3 57161.58181080  7.469
 254 236.193571  63.623840    85.517    85.292  3 57171.49746717 47.035
 255 236.196385  63.622827    85.006    85.006  2 57181.41312196 45.610
 256 236.194788  63.621152    83.944    83.929  3 57191.32877240 18.011
 257 236.198378  63.622505    83.918    83.913  3 57201.24442060  9.689
 258 236.196679  63.624125    83.728    83.835  3 57211.16005476 49.141
 259 236.195585  63.625468    84.270    84.214  3 57221.07569870 49.344
 260 236.195274  63.625186    83.789    83.773  4 57230.99134132 31.552
 263 236.193956  63.622573    82.862    82.797  3 57260.73825419 29.410
 265 236.193457  63.626567    83.014    83.062  3 57280.56954305 50.745
 266 236.199239  63.628369   231.284   231.284  2 57290.48519903  4.816
 268 236.194603  63.623991    82.895    82.878  3 57310.31649914 46.111
 269 236.194357  63.623486    83.070    83.052  3 57320.23214436 42.085
 270 236.197554  63.625381    82.705    82.738  3 57330.14778742 46.343
 271 236.196982  63.626623    82.223    82.238  3 57340.06342795 43.024
 272 236.195843  63.626386    83.002    82.955  3 57349.97907788 18.722
 273 236.196910  63.624329    83.998    84.003  3 57359.89472324 11.445
 274 236.197717  63.621961    84.291    84.278  3 57369.81036535 11.166
 289 236.200745  63.625219   230.911   230.911  2 57518.54500916 12.915
 290 236.195414  63.624496   239.386   241.806  3 57528.46066168  5.275
 291 236.196945  63.623420   233.444   232.911  3 57538.37631185  4.180
 292 236.199284  63.622543   125.506   125.506  2 57548.29195950  8.604
 293 236.197986  63.622241    85.463    85.462  3 57558.20760554 50.194
 294 236.196063  63.623522    85.487    85.487  2 57568.12325080 46.970
 295 236.196023  63.625216    84.185    84.124  3 57578.03889567 20.962
 296 236.195484  63.625678    93.698    93.717  4 57587.95453899  9.316
 297 236.196718  63.625284    84.271    84.224  3 57597.87017988 46.993
