-122872.184   200.728     0.00    1.50
-122585.730   201.594     3.02    1.74
-122299.277   202.558     3.37    1.93
-122012.825   203.474     3.20    1.86
-121726.373   204.258     2.74    1.62
-121439.921   204.889     2.20    1.31
-121153.470   205.424     1.87    0.83
-120867.019   205.719     1.03    0.52
-120580.568   205.811     0.32    0.41
-120294.118   205.854     0.15    0.33
-120007.668   205.890     0.13    0.26
-119721.218   205.891     0.00    0.25
-119434.769   205.863    -0.10    0.32
-119148.320   205.745    -0.41    0.62
-118861.871   205.687    -0.20    0.71
-118575.423   205.680    -0.02    0.73
-118288.976   205.703     0.08    0.75
-118002.528   205.781     0.27    0.75
-117716.081   205.871     0.32    0.79
-117429.634   205.994     0.43    0.79
-117143.188   206.104     0.38    0.79
-116856.742   206.227     0.43    0.78
-116570.297   206.353     0.44    0.76
-116283.852   206.415     0.22    0.75
-115997.407   206.436     0.07    0.80
-115710.962   206.433    -0.01    0.79
-115424.518   206.467     0.12    0.80
-115138.075   206.542     0.26    0.84
-114851.631   206.679     0.48    0.88
-114565.188   206.912     0.81    1.01
-114278.746   207.152     0.84    1.09
-113992.303   207.382     0.80    1.08
-113705.862   207.559     0.62    1.02
-113419.420   207.674     0.40    0.96
-113132.979   207.763     0.31    0.89
-112846.538   207.730    -0.11    0.82
-112560.098   207.538    -0.67    0.79
-112273.658   207.153    -1.34    1.06
-111987.218   206.564    -2.06    1.62
-111700.779   205.850    -2.49    1.98
-111414.340   205.138    -2.49    2.14
-111127.901   204.542    -2.08    2.07
-110841.463   204.307    -0.82    1.99
-110555.025   204.243    -0.23    2.02
-110268.588   204.314     0.25    2.20
-109982.151   204.425     0.39    2.48
-109695.714   204.615     0.66    2.74
-109409.278   204.876     0.91    2.98
-109122.842   204.849    -0.09    2.99
-108836.406   204.530    -1.11    2.75
-108549.971   204.109    -1.47    2.60
-108263.536   203.874    -0.82    2.62
-107977.102   203.667    -0.72    2.74
-107690.667   203.396    -0.95    2.84
-107404.234   203.161    -0.82    2.82
-107117.800   203.074    -0.30    2.85
-106831.367   203.010    -0.23    2.92
-106544.934   203.030     0.07    3.00
-106258.502   202.939    -0.32    3.19
-105972.070   202.629    -1.08    3.83
-105685.639   202.031    -2.09    4.77
-105399.207   201.044    -3.45    5.86
-105112.777   199.807    -4.32    6.90
-104826.346   198.738    -3.73    7.56
-104539.916   197.925    -2.84    7.95
-104253.486   197.178    -2.61    8.07
-103967.057   196.726    -1.58    8.00
-103680.628   196.389    -1.17    7.92
-103394.199   195.988    -1.40    7.84
-103107.771   195.340    -2.26    7.83
-102821.343   193.881    -5.09    7.96
-102534.916   191.751    -7.44    8.09
-102248.489   189.238    -8.77    8.16
-101962.062   186.724    -8.78    8.05
-101675.635   184.367    -8.23    7.91
-101389.209   182.180    -7.64    7.88
-101102.784   180.244    -6.76    7.71
-100816.358   178.272    -6.88    7.62
-100529.933   176.603    -5.83    7.20
-100243.509   174.967    -5.71    6.75
 -99957.085   173.268    -5.93    6.16
 -99670.661   171.890    -4.81    5.68
 -99384.237   170.863    -3.59    5.70
 -99097.814   169.939    -3.23    6.03
 -98811.391   169.231    -2.47    6.41
 -98524.969   168.608    -2.17    6.77
 -98238.547   167.933    -2.36    7.00
 -97952.125   167.319    -2.14    6.85
 -97665.704   166.815    -1.76    6.35
 -97379.283   166.056    -2.65    5.94
 -97092.863   164.579    -5.16    5.98
 -96806.442   163.399    -4.12    6.07
 -96520.023   162.885    -1.79    6.56
 -96233.603   162.443    -1.54    7.05
 -95947.184   161.878    -1.97    7.20
 -95660.765   160.735    -3.99    7.24
 -95374.347   159.624    -3.88    7.19
 -95087.929   158.700    -3.23    7.26
 -94801.512   157.402    -4.53    7.65
 -94515.094   156.152    -4.37    7.08
 -94228.677   155.611    -1.89    6.25
 -93942.261   155.055    -1.94    5.30
 -93655.845   154.243    -2.84    4.71
 -93369.429   153.830    -1.44    4.18
 -93083.014   153.453    -1.32    3.69
 -92796.599   152.713    -2.58    3.66
 -92510.184   151.843    -3.04    3.57
 -92223.770   151.015    -2.89    3.34
 -91937.356   150.042    -3.40    3.16
 -91650.942   149.036    -3.51    3.55
 -91364.529   147.765    -4.44    4.53
 -91078.116   146.342    -4.97    5.33
 -90791.704   144.724    -5.65    5.76
 -90505.292   142.772    -6.81    5.98
 -90218.880   141.456    -4.59    5.42
 -89932.469   140.443    -3.54    4.89
 -89646.058   139.698    -2.60    4.32
 -89359.647   138.967    -2.55    3.98
 -89073.237   138.136    -2.90    3.72
 -88786.827   137.329    -2.82    3.66
 -88500.417   136.410    -3.21    3.65
 -88214.008   135.180    -4.30    3.44
 -87927.599   134.151    -3.59    3.36
 -87641.191   132.875    -4.46    3.96
 -87354.783   131.361    -5.29    4.42
 -87068.375   130.044    -4.60    4.42
 -86781.968   128.764    -4.47    4.20
 -86495.561   127.592    -4.09    3.88
 -86209.155   126.488    -3.86    3.56
 -85922.748   125.467    -3.56    3.28
 -85636.342   124.832    -2.22    3.39
 -85349.937   124.060    -2.70    3.81
 -85063.532   123.046    -3.54    4.10
 -84777.127   121.832    -4.24    4.35
 -84490.723   120.478    -4.73    4.64
 -84204.319   118.832    -5.75    5.03
 -83917.915   117.010    -6.36    5.41
 -83631.512   115.169    -6.43    5.60
 -83345.109   113.353    -6.34    5.50
 -83058.707   111.610    -6.09    5.18
 -82772.304   109.701    -6.67    4.88
 -82485.903   107.767    -6.75    4.55
 -82199.501   106.279    -5.20    4.00
 -81913.100   105.059    -4.26    3.61
 -81626.699   103.840    -4.26    3.41
 -81340.299   102.719    -3.92    3.39
 -81053.899   101.813    -3.16    3.60
 -80767.500   100.827    -3.44    3.69
 -80481.100    99.904    -3.22    3.72
 -80194.701    98.779    -3.93    3.47
 -79908.303    97.822    -3.34    3.19
 -79621.905    97.174    -2.26    2.81
 -79335.507    96.967    -0.72    2.55
 -79049.110    97.238     0.95    2.36
 -78762.713    97.634     1.38    2.18
 -78476.316    97.939     1.07    1.81
 -78189.920    97.946     0.02    1.72
 -77903.524    97.055    -3.11    2.64
 -77617.128    95.470    -5.53    3.70
 -77330.733    93.497    -6.89    4.33
 -77044.338    91.327    -7.58    4.66
 -76757.944    89.076    -7.86    4.80
 -76471.550    87.021    -7.17    4.02
 -76185.156    85.470    -5.42    2.98
 -75898.763    84.480    -3.46    2.03
 -75612.370    83.844    -2.22    1.30
 -75325.977    83.443    -1.40    0.90
 -75039.585    83.144    -1.05    0.96
 -74753.193    82.837    -1.07    1.28
 -74466.802    82.487    -1.22    1.45
 -74180.410    82.056    -1.50    1.43
 -73894.020    81.634    -1.48    1.31
 -73607.629    81.272    -1.26    1.11
 -73321.239    81.077    -0.68    0.91
 -73034.850    81.036    -0.14    0.86
 -72748.460    80.925    -0.39    0.86
 -72462.071    80.781    -0.50    0.91
 -72175.683    80.560    -0.77    0.99
 -71889.295    80.220    -1.19    1.13
 -71602.907    79.742    -1.67    1.33
 -71316.519    79.054    -2.40    1.68
 -71030.132    78.163    -3.11    2.18
 -70743.746    77.042    -3.91    2.61
 -70457.359    75.877    -4.07    2.71
 -70170.973    74.850    -3.59    2.52
 -69884.588    74.002    -2.96    2.14
 -69598.202    73.298    -2.46    1.69
 -69311.817    72.805    -1.72    1.42
 -69025.433    72.305    -1.75    1.47
 -68739.049    71.629    -2.36    1.94
 -68452.665    70.156    -5.14    3.44
 -68166.282    67.946    -7.72    4.97
 -67879.899    65.806    -7.47    5.39
 -67593.516    63.807    -6.98    5.16
 -67307.134    61.743    -7.21    4.43
 -67020.752    60.037    -5.96    3.28
 -66734.370    59.523    -1.80    2.96
 -66447.989    59.882     1.25    3.58
 -66161.608    60.775     3.12    4.29
 -65875.227    61.995     4.26    4.74
 -65588.847    63.340     4.70    4.80
 -65302.468    64.882     5.39    4.22
 -65016.088    66.270     4.84    2.74
 -64729.709    66.703     1.51    1.63
 -64443.331    66.596    -0.37    1.48
 -64156.952    66.147    -1.57    1.57
 -63870.574    65.730    -1.46    1.52
 -63584.197    65.324    -1.42    1.41
 -63297.820    64.967    -1.25    1.31
 -63011.443    64.627    -1.19    1.30
 -62725.066    64.322    -1.06    1.37
 -62438.690    64.044    -0.97    1.47
 -62152.315    63.648    -1.38    1.54
 -61865.939    63.044    -2.11    1.50
 -61579.564    62.449    -2.08    1.36
 -61293.184    61.834    -2.15    1.27
 -61006.653    61.194    -2.23    1.24
 -60720.122    60.576    -2.16    1.16
 -60433.592    59.967    -2.13    1.06
 -60147.063    59.484    -1.68    0.95
 -59860.536    59.115    -1.29    0.82
 -59574.010    58.742    -1.30    0.67
 -59287.484    58.426    -1.10    0.60
 -59000.960    58.191    -0.82    0.68
 -58714.437    57.865    -1.14    0.92
 -58427.915    57.446    -1.46    1.15
 -58141.394    56.838    -2.12    1.36
 -57854.874    56.193    -2.25    1.38
 -57568.355    55.589    -2.11    1.27
 -57281.838    55.038    -1.92    0.97
 -56995.321    54.669    -1.29    0.75
 -56708.805    54.432    -0.83    0.60
 -56422.291    54.277    -0.54    0.55
 -56135.778    54.174    -0.36    0.48
 -55849.265    54.109    -0.23    0.38
 -55562.754    54.037    -0.25    0.29
 -55276.244    53.932    -0.37    0.33
 -54989.735    53.806    -0.44    0.36
 -54703.227    53.708    -0.34    0.44
 -54416.721    53.594    -0.40    0.48
 -54130.215    53.484    -0.39    0.50
 -53843.710    53.422    -0.22    0.50
 -53557.207    53.436     0.05    0.53
 -53270.704    53.491     0.19    0.53
 -52984.203    53.583     0.32    0.49
 -52697.703    53.672     0.31    0.45
 -52411.203    53.769     0.34    0.39
 -52124.705    53.790     0.07    0.39
 -51838.208    53.650    -0.49    0.60
 -51551.712    53.413    -0.83    0.76
 -51265.218    53.146    -0.93    0.85
 -50978.724    52.932    -0.75    0.85
 -50692.231    52.703    -0.80    0.85
 -50405.740    52.478    -0.79    0.82
 -50119.249    52.192    -1.00    1.13
 -49832.760    52.016    -0.61    1.56
 -49546.272    51.453    -1.97    2.08
 -49259.784    50.719    -2.56    2.44
 -48973.298    49.918    -2.80    2.58
 -48686.813    49.279    -2.23    2.53
 -48400.329    48.720    -1.95    2.34
 -48113.846    48.107    -2.14    1.79
 -47827.365    47.557    -1.92    0.93
 -47540.884    47.432    -0.44    0.77
 -47254.404    47.325    -0.37    0.65
 -46967.926    47.198    -0.44    0.58
 -46681.449    47.028    -0.59    0.57
 -46394.972    46.823    -0.72    0.66
 -46108.497    46.549    -0.96    0.60
 -45822.023    46.327    -0.77    0.48
 -45535.550    46.184    -0.50    0.42
 -45249.078    46.077    -0.37    0.32
 -44962.607    45.960    -0.41    0.23
 -44676.137    45.905    -0.19    0.26
 -44389.669    45.862    -0.15    0.36
 -44103.201    45.797    -0.23    0.50
 -43816.734    45.740    -0.20    0.60
 -43530.269    45.678    -0.22    0.68
 -43243.805    45.584    -0.33    0.82
 -42957.341    45.488    -0.33    0.96
 -42670.879    45.421    -0.23    1.12
 -42384.418    45.303    -0.41    1.19
 -42097.958    44.786    -1.80    1.74
 -41811.499    44.150    -2.22    2.15
 -41525.042    43.771    -1.32    2.31
 -41238.585    43.265    -1.77    2.33
 -40952.129    42.654    -2.13    2.32
 -40665.675    42.277    -1.32    2.23
 -40379.221    41.933    -1.20    2.16
 -40092.769    41.933     0.00    2.22
 -39806.318    42.419     1.70    2.23
 -39519.867    42.364    -0.19    2.07
 -39233.418    42.300    -0.22    2.07
 -38946.970    42.144    -0.55    2.34
 -38660.523    41.720    -1.48    2.85
 -38374.077    41.062    -2.30    3.13
 -38087.633    40.282    -2.72    3.12
 -37801.189    39.331    -3.32    2.90
 -37514.747    38.924    -1.42    2.62
 -37228.305    38.570    -1.24    2.38
 -36941.865    38.171    -1.39    2.60
 -36655.425    38.115    -0.20    2.62
 -36368.987    38.213     0.34    2.39
 -36082.550    37.883    -1.15    2.58
 -35796.114    37.498    -1.34    2.73
 -35509.679    36.967    -1.86    2.91
 -35223.245    37.044     0.27    2.94
 -34936.812    36.918    -0.44    3.01
 -34650.381    36.689    -0.80    3.11
 -34363.950    36.491    -0.69    3.14
 -34077.521    36.481    -0.04    3.25
 -33791.092    36.824     1.20    3.25
 -33504.665    36.837     0.05    3.36
 -33218.239    36.857     0.07    3.35
 -32931.813    36.912     0.19    3.23
 -32645.389    37.028     0.40    3.21
 -32358.966    37.008    -0.07    3.27
 -32072.544    37.291     0.99    3.06
 -31786.124    37.103    -0.66    3.11
 -31499.704    37.125     0.08    2.97
 -31213.285    36.592    -1.86    3.06
 -30926.868    36.485    -0.37    3.14
 -30640.451    36.591     0.37    3.43
 -30354.036    36.629     0.13    3.69
 -30067.622    36.404    -0.79    3.83
 -29781.208    36.897     1.72    4.10
 -29494.796    37.386     1.71    4.24
 -29208.385    37.673     1.00    4.20
 -28921.975    38.259     2.04    4.15
 -28635.566    39.421     4.06    4.45
 -28349.159    40.620     4.18    4.52
 -28062.752    41.759     3.98    4.21
 -27776.346    42.729     3.39    3.63
 -27489.942    43.536     2.82    2.79
 -27203.539    44.062     1.84    2.50
 -26917.136    44.164     0.36    2.54
 -26630.735    44.042    -0.43    2.46
 -26344.335    44.022    -0.07    2.31
 -26057.936    43.912    -0.38    2.23
 -25771.538    44.028     0.40    2.14
 -25485.141    44.243     0.75    2.02
 -25198.745    44.337     0.33    1.91
 -24912.350    44.105    -0.81    1.95
 -24625.957    44.022    -0.29    1.93
 -24339.564    44.088     0.23    1.81
 -24053.173    44.357     0.94    1.73
 -23766.782    44.502     0.51    1.61
 -23480.393    44.580     0.27    1.53
 -23194.005    44.797     0.76    1.37
 -22907.618    45.101     1.06    1.15
 -22621.232    45.354     0.89    0.89
 -22334.847    45.425     0.25    0.95
 -22048.463    45.554     0.45    1.11
 -21762.080    45.692     0.48    1.26
 -21475.699    45.883     0.67    1.43
 -21189.318    46.603     2.52    2.21
 -20902.939    47.321     2.51    2.55
 -20616.560    47.946     2.18    2.57
 -20330.183    48.683     2.57    2.63
 -20043.807    49.460     2.71    2.58
 -19757.432    50.371     3.18    2.37
 -19471.058    51.198     2.89    2.04
 -19184.685    51.661     1.62    1.91
 -18898.313    51.870     0.73    1.89
 -18611.942    52.124     0.89    1.85
 -18325.572    52.391     0.93    1.77
 -18039.204    52.553     0.56    1.81
 -17752.836    52.596     0.15    1.83
 -17466.470    52.471    -0.44    1.88
 -17180.104    52.312    -0.55    1.91
 -16893.740    52.291    -0.07    1.96
 -16607.377    52.428     0.48    2.16
 -16321.015    52.775     1.21    2.53
 -16034.654    53.389     2.14    2.86
 -15748.294    54.023     2.21    3.10
 -15461.935    54.358     1.17    3.08
 -15175.577    54.612     0.89    2.97
 -14889.221    54.356    -0.90    3.29
 -14602.865    54.015    -1.19    3.34
 -14316.510    53.779    -0.82    3.13
 -14030.157    53.932     0.53    2.74
 -13743.805    53.872    -0.21    2.42
 -13457.454    53.919     0.16    2.07
 -13171.103    53.892    -0.09    1.80
 -12884.754    53.980     0.31    1.52
 -12598.406    54.150     0.59    1.11
 -12312.059    54.298     0.51    0.87
 -12025.714    54.239    -0.21    1.25
 -11739.369    53.534    -2.46    2.92
 -11453.025    51.063    -8.63    6.91
 -11166.683    47.424   -12.71    9.57
 -10880.341    43.624   -13.27   10.45
 -10594.001    39.840   -13.22    9.90
 -10307.662    36.298   -12.37    8.50
 -10021.324    32.231   -14.20    6.82
  -9734.986    28.804   -11.97    5.79
  -9448.650    26.051    -9.61    7.34
  -9162.316    23.121   -10.24    8.78
  -8875.982    19.883   -11.31    9.16
  -8589.649    17.194    -9.39    8.04
  -8303.317    14.995    -7.68    6.26
  -8016.987    13.360    -5.71    5.28
  -7730.657    12.210    -4.02    5.71
  -7444.329    13.370     4.05    7.88
  -7158.001    17.075    12.94   11.86
  -6871.675    20.405    11.63   14.65
  -6585.350    23.858    12.06   16.85
  -6299.026    27.933    14.23   18.63
  -6012.703    32.096    14.54   19.16
  -5726.381    36.556    15.58   17.80
  -5440.060    40.693    14.45   14.94
  -5153.741    43.906    11.22   11.36
  -4867.422    47.252    11.68    7.29
  -4581.104    49.488     7.81    5.14
  -4294.788    51.024     5.37    4.05
  -4008.473    51.775     2.62    3.64
  -3722.158    51.669    -0.37    4.35
  -3435.845    49.768    -6.64    7.67
  -3149.533    44.967   -16.77   13.07
  -2863.222    37.101   -27.47   18.49
  -2576.912    28.791   -29.02   20.62
  -2290.603    19.869   -31.16   20.05
  -2004.295    12.087   -27.18   16.62
  -1717.989     5.242   -23.91   10.25
  -1431.683     1.620   -12.65    5.18
  -1145.379     0.056    -5.46    1.00
   -859.075    -0.040    -0.33    0.00
   -572.773    -0.040     0.00    0.00
   -286.472    -0.040     0.00    0.00
     -0.172     1.443     5.18    5.80
    286.128     5.193    13.10   11.30
    572.457    10.123    17.22   14.70
    859.068    14.597    15.61   16.17
   1145.677    19.453    16.94   16.72
   1432.285    24.375    17.17   15.72
   1718.890    28.781    15.37   13.48
   2005.494    31.417     9.20   12.25
   2292.096    33.164     6.10   11.81
   2578.696    35.082     6.69   10.39
   2865.294    37.010     6.73    7.70
   3151.891    39.356     8.19    5.79
   3438.485    39.925     1.99    6.51
   3725.078    40.953     3.59    8.05
   4011.669    42.775     6.36   10.06
   4298.258    44.302     5.33   10.68
   4584.846    46.418     7.38    9.51
   4871.431    46.528     0.38    8.98
   5158.015    45.092    -5.01    9.10
   5444.597    43.403    -5.89    9.18
   5731.177    40.645    -9.62    7.73
   6017.756    39.393    -4.37    6.27
   6304.332    40.315     3.22    8.17
   6590.907    41.925     5.62    9.87
   6877.480    43.164     4.33   10.08
   7164.051    44.178     3.54   10.12
   7450.620    44.374     0.68    9.37
   7737.187    44.552     0.62    8.59
   8023.753    43.633    -3.20    7.44
   8310.317    43.354    -0.97    6.69
   8596.879    44.028     2.35    7.42
   8883.439    45.538     5.27    8.03
   9169.997    47.323     6.23    8.21
   9456.554    49.385     7.20    8.82
   9743.109    52.499    10.87    8.99
  10029.662    56.442    13.76    8.14
  10316.213    59.137     9.41    6.89
  10602.762    60.073     3.26    6.17
  10889.309    60.692     2.16    5.38
  11175.855    61.191     1.74    4.88
  11462.399    60.995    -0.68    5.20
  11748.941    60.622    -1.30    5.10
  12035.481    60.357    -0.92    4.32
  12322.020    60.443     0.30    3.70
  12608.556    60.624     0.63    3.07
  12895.091    60.643     0.06    2.75
  13181.624    60.710     0.23    2.31
  13468.155    60.974     0.92    1.87
  13754.685    61.150     0.61    1.40
  14041.212    61.138    -0.04    1.41
  14327.738    61.052    -0.30    1.43
  14614.262    60.981    -0.25    1.38
  14900.784    60.960    -0.07    1.18
  15187.304    60.829    -0.46    0.91
  15473.823    60.665    -0.57    0.74
  15760.339    60.640    -0.09    0.55
  16046.854    60.572    -0.24    0.50
  16333.367    60.627     0.19    0.60
  16619.878    60.797     0.59    0.69
  16906.388    61.137     1.19    0.82
  17192.895    61.581     1.55    1.01
  17479.401    62.103     1.82    1.27
  17765.905    62.868     2.67    1.56
  18052.407    63.662     2.77    1.66
  18338.908    64.488     2.88    1.84
  18625.406    65.312     2.88    1.83
  18911.903    66.144     2.91    1.70
  19198.398    66.967     2.87    1.61
  19484.891    67.809     2.94    1.61
  19771.382    68.624     2.84    1.61
  20057.872    69.501     3.06    1.68
  20344.359    70.505     3.50    1.81
  20630.845    71.560     3.68    1.96
  20917.329    72.759     4.18    2.25
  21203.812    74.023     4.41    2.56
  21490.292    75.563     5.37    3.04
  21776.771    77.080     5.29    3.33
  22063.247    78.703     5.67    3.56
  22349.722    80.315     5.63    3.80
  22636.195    81.917     5.59    3.88
  22922.667    83.537     5.66    3.94
  23209.136    85.259     6.01    4.05
  23495.604    86.960     5.94    4.07
  23782.070    88.552     5.56    3.96
  24068.534    90.153     5.59    3.72
  24354.996    91.722     5.48    3.53
  24641.457    93.307     5.53    3.35
  24927.916    94.836     5.34    3.04
  25214.372    96.023     4.14    2.89
  25500.827    96.946     3.22    2.87
  25787.281    97.882     3.27    3.02
  26073.732    98.974     3.81    3.37
  26360.182   100.115     3.98    3.95
  26646.630   101.540     4.98    4.62
  26933.076   103.722     7.62    5.42
  27219.520   105.890     7.57    5.76
  27505.962   107.932     7.13    5.81
  27792.403   110.009     7.25    5.93
  28078.841   111.980     6.88    6.14
  28365.278   113.953     6.89    5.93
  28651.714   115.663     5.97    5.65
  28938.147   117.072     4.92    5.17
  29224.578   118.645     5.49    4.46
  29511.008   120.080     5.01    3.58
  29797.436   121.194     3.89    2.78
  30083.862   122.002     2.82    2.20
  30370.286   122.577     2.01    1.78
  30656.709   123.067     1.71    1.45
  30943.129   123.460     1.37    1.33
  31229.548   123.791     1.16    1.25
  31515.965   124.105     1.10    1.00
  31802.380   124.280     0.61    0.91
  32088.794   124.378     0.34    0.80
  32375.205   124.470     0.32    0.70
  32661.615   124.645     0.61    0.63
  32948.023   124.813     0.59    0.68
  33234.429   124.763    -0.18    0.84
  33520.834   124.407    -1.24    1.27
  33807.236   123.918    -1.71    1.58
  34093.637   123.435    -1.68    1.71
  34380.036   123.044    -1.36    1.59
  34666.433   122.988    -0.20    1.64
  34952.828   123.764     2.71    2.88
  35239.222   125.439     5.85    4.21
  35525.614   127.761     8.11    5.23
  35812.003   130.569     9.81    5.80
  36098.391   133.590    10.55    6.03
  36384.778   137.071    12.15    6.38
  36671.162   140.532    12.09    6.79
  36957.545   143.785    11.36    6.60
  37243.926   146.735    10.30    5.94
  37530.305   149.151     8.44    4.50
  37816.682   150.804     5.77    2.94
  38103.057   151.747     3.29    1.88
  38389.431   151.881     0.47    1.86
  38675.803   151.705    -0.62    1.96
  38962.173   151.460    -0.85    2.17
  39248.541   150.974    -1.70    2.40
  39534.907   149.967    -3.52    3.07
  39821.272   148.599    -4.77    3.80
  40107.634   147.056    -5.39    4.22
  40393.995   145.810    -4.35    4.13
  40680.354   145.361    -1.57    3.89
  40966.712   145.580     0.76    4.01
  41253.067   146.574     3.47    4.51
  41539.421   148.122     5.40    4.53
  41825.773   149.904     6.22    3.72
  42112.123   151.492     5.55    2.18
  42398.471   152.340     2.96    1.15
  42684.818   152.861     1.82    1.14
  42971.162   153.270     1.43    1.28
  43257.505   153.760     1.71    1.34
  43543.846   154.419     2.30    1.38
  43830.185   155.146     2.54    1.38
  44116.523   155.919     2.70    1.41
  44402.858   156.613     2.42    1.29
  44689.192   157.210     2.09    1.20
  44975.524   157.645     1.52    1.13
  45261.854   157.911     0.93    1.12
  45548.183   158.073     0.57    1.51
  45834.509   158.229     0.55    1.82
  46120.834   158.371     0.50    2.13
  46407.157   158.600     0.80    2.39
  46693.478   158.818     0.76    2.51
  46979.797   159.139     1.12    2.68
  47266.115   159.761     2.17    2.91
  47552.431   160.674     3.19    3.21
  47838.745   161.629     3.33    3.51
  48125.057   162.327     2.44    3.68
  48411.367   163.160     2.91    3.92
