# NaN NaN NaN ;Mean Elev.(m), Avg Gradient(m/km), RMS Gradient(m/km) - SRTM1     
#   32.225 -17.977  20.392 ;Mean Elev.(m), Avg Gradient(m/km), RMS Gradient(m/km) - ASTER GDEM
#   42.287  -2.791  15.182 ;Mean Elev.(m), Avg Gradient(m/km), RMS Gradient(m/km) - GMTED2010 
   1 232.181627  65.553453   198.427   196.970 11 54664.87107004  1.481
   2 232.166456  65.553310   183.923   183.745 14 54674.78671338  3.497
   3 232.148503  65.553298    -1.363    -1.278 15 54684.70235504  3.796
   4 232.167213  65.555801   187.440   187.383  6 54694.61799869  1.606
   5 232.152160  65.553240    -3.056     0.548 16 54704.53363651 12.072
   6 232.159161  65.551626   190.672   190.888 17 54714.44928812  4.943
   7 232.167184  65.550396     8.451    10.055 18 54724.36493920 10.480
   8 232.169762  65.550470   192.602   192.464 18 54734.28058770  3.770
   9 232.163604  65.551675   189.758   189.899 17 54744.19623422  2.771
  10 232.156778  65.552550   186.479   185.409 15 54754.11188030  4.863
  11 232.158420  65.552315   187.982   189.623 16 54764.02752630  7.583
  12 232.166063  65.550806   191.172   192.227 18 54773.94317010  5.952
  13 232.174423  65.549744   194.667   194.456 17 54783.85881133  6.273
  14 232.170713  65.549538   192.064   192.854 18 54793.77444943  5.373
  15 232.166501  65.551063   192.518   193.238 17 54803.69008661  4.787
  16 232.159109  65.551934   179.708   179.667 16 54813.60572310  4.241
  17 232.158102  65.552154   178.984   178.804 17 54823.52136698  4.407
  18 232.162153  65.551866   180.830   180.933 17 54833.43700742  5.138
  19 232.160231  65.551833   179.187   179.099 16 54843.35265725  4.068
  20 232.156190  65.552871   203.725   203.605 16 54853.26830591  2.481
  21 232.145336  65.553848   201.024   200.733 13 54863.18395369  1.951
  22 232.137388  65.553900   198.850   198.458 12 54873.09960157  1.784
  23 232.155234  65.554285   202.154   201.890 13 54883.01524960  1.998
  24 232.160766  65.551984   202.040   202.132 17 54892.93089302  2.332
  25 232.166040  65.550219   201.773   201.583 18 54902.84653368  2.453
  26 232.168572  65.550456   168.236   168.165 17 54912.76217281  2.184
  27 232.162597  65.551481   202.657   202.113 16 54922.67781031  2.187
  28 232.160068  65.552415   201.961   202.360 16 54932.59344734  2.383
  29 232.168735  65.552369   204.827   206.701 14 54942.50908358  2.059
  30 232.167857  65.549938   153.645   156.444 18 54952.42471701  7.146
  31 232.179365  65.549243   197.452   198.929 17 54962.34036088  7.956
  32 232.173281  65.549293   163.200   163.691 19 54972.25600894  9.663
  33 232.166576  65.550733   160.933   161.858 18 54982.17165600  6.526
  34 232.160560  65.552215    37.272    37.212 16 54992.08730284 54.030
  35 232.156614  65.552453   191.057   190.327 16 55002.00294914  4.443
  36 232.155657  65.552117   193.332   194.899 16 55011.91859386  3.838
  37 232.159777  65.552014   151.110   152.423 16 55021.83423759  8.808
  38 232.159457  65.552730   153.373   154.943 16 55031.74988000  9.568
  39 232.154710  65.553544   173.389   172.297 15 55041.66552130  6.138
  40 232.149103  65.553501   160.336   160.830 15 55051.58116097  6.413
  41 232.157551  65.552895   191.795   193.372 16 55061.49679972  2.791
  42 232.163374  65.550986   159.904   160.959 17 55071.41244271  7.984
  43 232.170971  65.549839   193.850   194.275 18 55081.32809214  5.665
  44 232.169379  65.549802   177.772   177.095 18 55091.24373911  7.555
  45 232.166828  65.551271   193.160   195.321 17 55101.15938545  5.364
  46 232.159101  65.552235   158.364   157.712 16 55111.07503088  9.549
  47 232.161100  65.552162   177.810   177.199 16 55120.99067518  4.180
  48 232.166697  65.550733   154.880   155.180 18 55130.90631695  7.963
  49 232.174083  65.549562   133.431   136.955 18 55140.82195690  8.207
  50 232.170963  65.549479   154.081   154.013 18 55150.73759512  7.003
  51 232.164440  65.550736   162.534   162.446 17 55160.65323306  7.008
  52 232.160883  65.552204   176.299   176.012 16 55170.56887088  7.777
  53 232.158888  65.552534   178.383   178.308 16 55180.48450739  6.590
  54 232.159418  65.552249   175.252   175.252 16 55190.40015542  5.686
  55 232.157269  65.552287   166.074   165.527 16 55200.31580557  4.920
  56 232.153134  65.552711   177.218   177.132 16 55210.23145487  5.091
  57 232.151208  65.553475   175.629   175.298 15 55220.14710393  4.438
  58 232.150796  65.553190   177.785   178.225 15 55230.06275212  3.322
  59 232.155267  65.552325   178.950   178.550 16 55239.97839751  4.044
  60 232.163481  65.551182   179.147   179.212 17 55249.89403962  4.521
  61 232.167414  65.550353   181.447   181.442 17 55259.80967903  4.571
  62 232.166168  65.550302   183.668   183.641 18 55269.72531720  3.865
  63 232.164212  65.550999   185.145   185.800 18 55279.64095521  4.458
  64 232.166298  65.551641   187.383   187.881 16 55289.55659231  2.824
  65 232.168045  65.551251   188.661   188.950 17 55299.47222694  3.114
  66 232.167688  65.549980   162.788   160.871 18 55309.38787128 13.442
  67 232.174991  65.549868   195.815   196.666 17 55319.30351781  4.568
  68 232.171825  65.550041   162.185   163.158 18 55329.21916238  5.659
  69 232.164906  65.551035   192.147   193.546 18 55339.13480630  5.322
  70 232.160833  65.552161   167.431   166.625 16 55349.05045015  4.377
  71 232.157030  65.552479   169.607   169.321 16 55358.96609205  3.193
  72 232.154521  65.552243   159.904   159.575 16 55368.88173189  5.140
  73 232.154675  65.552195   192.001   193.197 16 55378.79737049  4.033
  74 232.157004  65.552662   165.347   165.832 16 55388.71300856  4.207
  75 232.158406  65.552807   174.617   173.804 16 55398.62864555  6.702
  76 232.159148  65.552134   174.739   173.591 16 55408.54429092  1.855
  77 232.125755  65.547629   159.635   159.096  4 55418.45993845  0.910
  78 232.168636  65.550300   183.161   182.500 18 55428.37558982  2.374
  79 232.169581  65.550213   179.694   178.707 18 55438.29123462  2.374
  80 232.166646  65.550766   177.166   176.030 17 55448.20687774  3.775
  81 232.164685  65.551322   192.121   190.375 17 55458.12252068  3.248
  82 232.160757  65.550997   179.035   178.299 17 55468.03816268  3.864
  83 232.165091  65.550445   184.107   184.214 17 55477.95380217  3.588
  84 232.167690  65.549658    95.448    97.502 18 55487.86943839 13.328
  85 232.173309  65.549766   126.719   125.850 18 55497.78507264  4.324
  86 232.168160  65.550293   158.682   157.677 17 55507.70070990  3.537
  87 232.147512  65.549858   122.653   123.762 11 55517.61635833  4.598
  88 232.159270  65.552095   180.051   179.901 16 55527.53200890  5.456
  89 232.166054  65.553171   185.213   184.820 13 55537.44765701  3.596
  90 232.154632  65.552344   183.982   183.919 16 55547.36330113  2.892
  91 232.155664  65.553022   179.393   179.263 15 55557.27894469  3.425
  92 232.152593  65.553408   175.575   174.889 16 55567.19458701  3.540
  93 232.154650  65.553240   175.362   174.557 16 55577.11022905  3.595
  94 232.161095  65.552102   176.816   176.530 16 55587.02586944  4.448
  95 232.167213  65.550386   194.089   194.609 18 55596.94150665  4.414
  96 232.173590  65.549760   193.345   194.681 18 55606.85714100  4.678
  97 232.173358  65.549905   189.707   190.269 18 55616.77277270  3.919
  98 232.164545  65.550543   199.759   201.878 17 55626.68841540  3.682
  99 232.161123  65.550913   199.576   200.522 17 55636.60406682  3.878
 100 232.165609  65.550852   199.173   200.472 17 55646.51971688  3.481
 101 232.170866  65.550108   202.046   201.809 18 55656.43536419  3.050
 102 232.170168  65.549483   204.449   204.418 18 55666.35100656  2.769
 103 232.167386  65.549892   201.776   202.189 18 55676.26664592  2.288
 105 232.160610  65.551893    37.487    37.467 17 55696.09791985 37.482
 106 232.160133  65.551925   189.425   190.520 17 55706.01355520  8.571
 107 232.162144  65.551902   192.870   194.965 17 55715.92920457  4.843
 108 232.159888  65.551944   165.145   165.357 17 55725.84485317  7.259
 109 232.144415  65.551476   159.469   159.186 13 55735.76049868  3.557
 110 232.131145  65.551221   166.953   159.667  8 55745.67614312  2.444
 111 232.131233  65.550925   168.773   161.153  8 55755.59178698  1.764
 112 232.162255  65.551762   174.745   173.699 17 55765.50743129  2.330
 113 232.161737  65.549158   180.834   177.395 15 55775.42306970  1.020
 114 232.178636  65.549443   187.482   187.981 17 55785.33870684  4.237
 115 232.168953  65.549552   178.794   178.204 18 55795.25433948  2.718
 116 232.162431  65.550747   174.268   173.416 17 55805.16997790  2.060
 117 232.161450  65.551551   177.405   176.840 16 55815.08562720  2.825
 118 232.167162  65.550880   172.527   171.579 17 55825.00127455  2.271
 119 232.142617  65.546828   164.707   164.573  8 55834.91691443  3.324
 120 232.176796  65.549239   186.991   187.659 17 55844.83255627  3.352
 121 232.167198  65.549570    80.866    80.739 18 55854.74819113 26.197
 122 232.162405  65.551319   150.707   149.992 16 55864.66383007  5.660
 123 232.154256  65.552368   151.646   151.363 16 55874.57948262  5.286
 124 232.158685  65.552772   153.451   153.814 16 55884.49513075  4.857
 125 232.161053  65.552281   117.675   115.946 16 55894.41077261  6.412
 126 232.160407  65.551590   125.076   127.132 16 55904.32640881  4.365
 127 232.161036  65.552326   144.535   145.135 16 55914.24204877  3.714
 128 232.153424  65.552919   149.550   148.348 15 55924.15770208  3.179
 129 232.153885  65.553097   176.115   175.708 16 55934.07335301  2.642
 130 232.162184  65.551925   192.721   193.787 16 55943.98900002  2.073
 131 232.168916  65.549890   186.603   186.740 18 55953.90464254  3.708
 132 232.175774  65.549304   201.468   202.353 18 55963.82028215  3.300
 133 232.176452  65.550539    33.960    34.184 16 55973.73591957 11.805
 134 232.164696  65.551549   185.709   186.040 17 55983.65155467  3.284
 135 232.161024  65.551789   183.916   184.264 17 55993.56718835  2.720
 136 232.163033  65.550887   183.611   183.277 17 56003.48283844  3.238
 137 232.170167  65.549532   188.709   189.023 18 56013.39848808  3.382
 138 232.171207  65.549064   190.127   189.941 18 56023.31413392  3.169
 139 232.171615  65.550838   206.557   207.154 16 56033.22977733  2.533
 141 232.161511  65.553967    34.893    34.846 12 56053.06105638 23.755
 142 232.155262  65.552912   153.046   154.077 15 56062.97669119  4.521
 143 232.158859  65.551846   190.866   191.708 16 56072.89233269  8.609
 144 232.160749  65.551706   153.551   154.164 17 56082.80798299  9.646
 145 232.156524  65.551998   166.344   165.578 16 56092.72363026  5.616
 146 232.156472  65.553018   170.768   170.130 16 56102.63927570  3.256
 147 232.116287  65.548928   152.502   152.502  2 56112.55490282  1.097
 148 232.164733  65.551671   173.673   172.524 17 56122.47054627  4.372
 149 232.186462  65.551162   190.365   191.784 13 56132.38618330  3.058
 150 232.173915  65.548870   178.129   178.067 19 56142.30181883  4.467
 151 232.211113  65.553675    41.217    36.762  5 56152.21747327 18.427
 152 232.177937  65.552743   181.962   182.551 13 56162.13311941  2.080
 153 232.131330  65.549463   158.397   158.362  8 56172.04876231  2.886
 154 232.134317  65.548809   159.818   160.285  7 56181.96440519  2.242
 155 232.168588  65.550230   194.914   196.085 17 56191.88004723  5.888
 156 232.171268  65.549598   155.257   155.983 19 56201.79568356  7.390
 157 232.166618  65.550311   180.143   179.975 18 56211.71131726  5.971
 158 232.159705  65.551730   173.208   172.491 17 56221.62694884  5.199
 159 232.154915  65.553271   172.729   172.813 15 56231.54260186  4.549
 160 232.154294  65.553347   153.979   153.281 16 56241.45825446  5.606
 161 232.154593  65.552510   129.653   127.294 16 56251.37390295  7.023
 162 232.158237  65.551948   145.693   145.787 16 56261.28954706  5.764
 163 232.158952  65.552059   160.163   158.872 17 56271.20518873  5.973
 164 232.159042  65.552387   163.116   161.479 16 56281.12082927  6.128
 165 232.154775  65.552165   161.139   160.789 16 56291.03648121  5.424
 166 232.161492  65.551558   162.682   161.878 16 56300.95212966  5.184
 167 232.169440  65.550534   167.306   166.102 18 56310.86777405  5.916
 168 232.172496  65.550022   170.332   169.289 18 56320.78341574  6.074
 169 232.166412  65.550369   160.008   159.545 18 56330.69905594  4.704
 170 232.162855  65.551442   160.562   159.817 17 56340.61469582  3.859
 171 232.160674  65.551764   155.514   155.592 16 56350.53033354  3.724
 172 232.161602  65.550847   169.696   168.560 17 56360.44597144  3.677
 173 232.173980  65.551036   190.463   191.153 15 56370.36162241  2.557
 175 232.170260  65.552466   188.463   188.793 13 56390.19291430  2.505
 176 232.166374  65.553888   183.732   184.257 13 56400.10855728  2.568
 177 232.166835  65.554786   188.292   189.675 11 56410.02419800  2.262
 178 232.155069  65.553144   198.603   199.899 16 56419.93983276  2.339
 179 232.158870  65.552479   150.874   150.684 16 56429.85546906 12.222
 180 232.159406  65.552512   194.080   194.526 16 56439.77112239  6.369
 181 232.154625  65.552246   153.615   153.608 16 56449.68677275 10.339
 182 232.159779  65.552667   152.877   154.451 16 56459.60242181  6.553
 183 232.160580  65.551844   155.087   154.294 16 56469.51806710  7.036
 184 232.164050  65.551114   156.215   159.063 18 56479.43370876  9.010
 185 232.166932  65.550414   169.549   169.102 18 56489.34934642  5.900
 186 232.153127  65.548995   161.615   162.465 12 56499.26498007  3.411
 187 232.164294  65.550304   171.606   171.080 17 56509.18061487  1.605
 188 232.164745  65.550933   180.398   180.298 17 56519.09625576  2.340
 189 232.154609  65.550421   165.974   165.876 14 56529.01190872  3.957
 190 232.162713  65.551068   162.492   162.949 16 56538.92755925  4.280
 191 232.164737  65.551004   196.129   196.713 17 56548.84320500  3.048
 192 232.163244  65.551481   162.710   162.977 17 56558.75884799  6.623
 193 232.157861  65.552157   165.956   165.646 16 56568.67448970  5.251
 194 232.153766  65.553061   171.871   171.499 15 56578.59013023  4.996
 195 232.152708  65.553076   166.608   166.139 16 56588.50576724  4.038
 196 232.156186  65.552827   117.537   116.397 15 56598.42141069  7.696
 197 232.155175  65.552259   143.134   142.717 16 56608.33706172  7.263
 198 232.156651  65.552510   164.817   164.463 16 56618.25270811  4.959
 199 232.156640  65.552635   174.915   174.016 16 56628.16835109  4.066
 200 232.157684  65.552182   178.574   178.206 16 56638.08399125  3.160
 201 232.177589  65.552609   189.945   190.301 13 56647.99963624  2.858
 202 232.173349  65.551069   182.984   183.929 15 56657.91528757  3.714
 203 232.168813  65.550316   192.452   193.458 18 56667.83093465  3.619
 204 232.170844  65.551551   193.817   193.836 16 56677.74657986  3.446
 205 232.159779  65.551705   199.369   199.016 17 56687.66222253  3.911
 206 232.160514  65.551944   202.285   201.959 17 56697.57786409  4.138
 207 232.164731  65.551337   202.124   202.563 17 56707.49350132  4.041
 208 232.168300  65.550651   202.226   203.105 17 56717.40913770  3.900
 209 232.161995  65.550739    46.237    45.166 17 56727.32478997  9.499
 210 232.159592  65.552298   201.202   201.577 16 56737.24043873  3.373
 211 232.153025  65.553572   199.599   200.524 15 56747.15608359  3.613
 212 232.149622  65.553633   198.900   199.139 15 56757.07172428  3.378
 214 232.168593  65.553218   123.801   123.801  2 56776.90300429  1.417
 215 232.155828  65.552237   191.570   193.707 16 56786.81865939  7.578
 216 232.153982  65.552946   152.981   152.866 15 56796.73431196 11.371
 217 232.154046  65.553532   191.378   192.582 15 56806.64995978  4.253
 218 232.156103  65.552742   158.753   158.786 15 56816.56560138  5.902
 219 232.164765  65.551562   169.972   170.154 17 56826.48124008  3.600
 220 232.168575  65.550046    34.971    34.894 18 56836.39687490 27.659
 221 232.160463  65.549062   161.396   161.502 15 56846.31250556  3.472
 222 232.155515  65.550107   155.974   155.914 15 56856.22815414  4.223
 223 232.151886  65.551462   164.809   164.771 14 56866.14380735  4.922
 224 232.156731  65.552146   159.644   159.200 16 56876.05946015  6.133
 225 232.161227  65.551894   155.270   158.269 17 56885.97510976  5.514
 226 232.151953  65.550171   167.032   165.659 14 56895.89075521  4.442
 227 232.160638  65.551545   155.510   157.971 17 56905.80639941  6.677
 228 232.156020  65.552950   159.790   160.120 16 56915.72204019  4.551
 229 232.145871  65.553753   163.447   163.202 13 56925.63767857  5.677
 230 232.146013  65.554003   157.591   157.072 13 56935.55331471  7.195
 231 232.155234  65.553219   134.710   135.411 16 56945.46894634  6.977
 232 232.152257  65.551338   135.173   135.719 14 56955.38459715  6.021
 233 232.160259  65.551584    80.244    80.117 17 56965.30024729 22.783
 234 232.155370  65.552123   178.892   179.128 16 56975.21589182  4.642
 235 232.154219  65.553061   175.166   175.276 16 56985.13153225  5.494
 236 232.156369  65.552493   176.359   176.344 16 56995.04716762  6.941
 237 232.167195  65.551152   179.306   178.865 17 57004.96280950  7.086
 238 232.169569  65.549597   180.125   179.782 18 57014.87846508  7.524
 239 232.170886  65.549868   179.937   179.730 18 57024.79411606  6.458
 240 232.160139  65.551119   162.671   161.660 17 57034.70976367  3.895
 241 232.155991  65.552682   175.435   175.165 16 57044.62540938  4.857
 242 232.156556  65.552845   173.782   172.745 16 57054.54105257  3.277
 243 232.161504  65.551560   175.462   174.661 16 57064.45669129  2.746
 244 232.171991  65.551231   185.398   185.612 15 57074.37232574  3.088
 245 232.172657  65.551578   196.077   196.724 15 57084.28795594  2.779
 246 232.155113  65.552510   203.437   203.192 16 57094.20360657  1.290
 247 232.164925  65.555763   204.329   203.897  5 57104.11926434  0.502
 248 232.139791  65.553793    37.313    34.925 13 57114.03491458  8.087
 249 232.138412  65.551972   184.504   194.887  3 57123.95056083  0.060
 251 232.162217  65.551412   183.874   183.975 16 57143.78184065  2.402
 252 232.161562  65.551956   153.579   154.686 17 57153.69747447 15.232
 253 232.158449  65.552331   198.226   197.429 17 57163.61310958  3.499
 254 232.157293  65.552411   160.164   160.350 17 57173.52876636  6.568
 255 232.154709  65.550661   161.251   161.164 14 57183.44441969  5.121
 256 232.170280  65.550344   169.193   168.670 18 57193.36007086  3.831
 257 232.167075  65.549861   176.974   176.535 18 57203.27571793  2.612
 258 232.161975  65.551050   158.700   159.752 16 57213.19135155  4.694
 259 232.153683  65.552212   165.889   165.275 15 57223.10699470  3.783
 260 232.154910  65.552842   168.919   168.616 15 57233.02263704  2.529
 261 232.157410  65.552094   160.705   159.676 15 57242.93827658  3.823
 262 232.161027  65.551059   176.191   175.244 17 57252.85391365  5.748
 263 232.161858  65.551238   162.594   162.881 16 57262.76954891  4.126
 264 232.157725  65.552490   164.674   163.984 16 57272.68518466  6.071
 265 232.145219  65.553524   154.054   153.458 14 57282.60084096  8.517
 266 232.144434  65.553909   152.502   151.728 14 57292.51649571  9.921
 267 232.152715  65.553281   187.319   187.672 15 57302.43214791  7.399
 268 232.142738  65.550411   154.523   153.811 11 57312.34779454  3.534
 269 232.129860  65.548444   144.698   145.190  7 57322.26343771  5.208
 270 232.159903  65.551945   162.946   162.913 17 57332.17908290  5.896
 271 232.153974  65.552458   146.139   146.470 16 57342.09472266  5.919
 272 232.154322  65.552543   123.453   120.567 16 57352.01037454  6.413
 273 232.161190  65.551655    74.241    73.369 17 57361.92601961 13.660
 274 232.166115  65.550187   165.326   163.424 18 57371.84166123  5.882
 275 232.171045  65.550378   175.728   175.816 18 57381.75730094  7.949
 276 232.161866  65.550784   169.417   168.417 17 57391.67293874  5.690
 277 232.160339  65.552099   170.122   169.091 16 57401.58857630  6.112
 278 232.157954  65.552317   168.436   167.317 17 57411.50421781  6.369
 279 232.157206  65.551898   162.243   161.310 16 57421.41986965  3.193
 280 232.159042  65.551899   174.814   174.133 17 57431.33551912  3.884
 281 232.158012  65.552534   161.802   161.374 16 57441.25116646  3.010
 282 232.172343  65.555243   182.916   184.307  9 57451.16681448  3.031
 283 232.156053  65.554583   177.071   177.709 12 57461.08245801  2.308
 284 232.171477  65.555552   187.044   187.522  9 57470.99810112  2.274
 285 232.168557  65.553745   182.536   183.179 11 57480.91373841  1.924
 286 232.197285  65.554829    80.295    80.194  5 57490.82937567  7.172
 287 232.201831  65.554450    81.136    80.915  6 57500.74500860  6.332
 288 232.165803  65.551482   155.723   155.464 17 57510.66065191  9.117
 289 232.160192  65.551647   193.977   195.673 17 57520.57630697  5.126
 290 232.159412  65.551643   194.784   195.594 17 57530.49195988  2.816
 291 232.163751  65.551269   167.313   167.399 17 57540.40760995  8.393
 292 232.166330  65.550666   165.888   165.090 17 57550.32325708  5.970
 293 232.167873  65.550822   161.128   161.514 17 57560.23890279  4.249
 294 232.138837  65.549172   148.904   149.070 10 57570.15454512  3.447
 295 232.144848  65.550877   162.192   162.135 12 57580.07019055  2.359
 296 232.150438  65.551893   163.648   163.216 13 57589.98583424  2.723
 297 232.148673  65.551550   164.298   164.005 14 57599.90147445  3.783
