-151867.668   720.348     0.00   93.56
-151580.633   740.855    71.45  102.74
-151293.614   750.678    34.23  101.65
-151006.611   754.966    14.94   92.49
-150719.624   761.075    21.29   82.34
-150432.653   759.731    -4.68   66.07
-150145.698   770.525    37.62   71.08
-149858.758   791.350    72.58   85.80
-149571.835   818.337    94.06   94.60
-149284.927   849.350   108.10   91.62
-148998.036   877.741    98.97   86.27
-148711.160   890.947    46.04   74.61
-148424.301   877.997   -45.15   83.95
-148137.457   855.043   -80.03  110.12
-147850.629   812.146  -149.57  129.50
-147563.818   768.747  -151.32  137.72
-147277.022   706.947  -215.50  131.77
-146990.242   657.845  -171.23  137.31
-146703.478   613.028  -156.29  138.07
-146416.729   564.561  -169.03  128.53
-146129.997   524.820  -138.61  108.71
-145843.281   490.673  -119.10   71.67
-145556.580   471.215   -67.87   39.52
-145269.896   465.336   -20.51   29.67
-144983.227   467.256     6.70   30.19
-144696.574   473.146    20.55   33.45
-144409.937   481.187    28.05   36.00
-144123.316   490.486    32.44   36.32
-143836.711   505.575    52.65   35.19
-143550.122   522.365    58.59   29.93
-143263.549   537.162    51.64   27.34
-142976.991   552.357    53.03   32.21
-142690.450   567.408    52.53   38.55
-142403.924   583.134    54.89   43.70
-142117.414   602.515    67.65   49.88
-141830.920   622.002    68.02   56.03
-141544.442   646.497    85.51   58.64
-141257.979   668.561    77.03   62.19
-140971.533   679.384    37.79   56.90
-140685.102   691.706    43.02   53.10
-140398.687   707.997    56.88   54.68
-140112.288   730.665    79.15   57.22
-139825.905   750.162    68.08   59.46
-139539.538   776.388    91.59   70.50
-139253.186   800.814    85.30   77.03
-138966.851   825.376    85.79   80.69
-138680.531   850.101    86.36   76.59
-138394.227   869.194    66.69   67.63
-138107.939   882.853    47.72   58.60
-137821.667   887.650    16.76   54.04
-137535.410   876.281   -39.72   61.79
-137249.169   864.395   -41.53   66.98
-136962.944   845.012   -67.72   63.96
-136676.735   833.729   -39.43   58.94
-136390.542   832.644    -3.79   61.56
-136104.364   845.489    44.89   75.03
-135818.203   873.892    99.26   87.70
-135532.057   906.772   114.91   83.67
-135245.926   934.884    98.26   81.98
-134959.812   957.357    78.55   83.89
-134673.713   983.035    89.76   85.22
-134387.631  1009.038    90.90   78.53
-134101.563  1025.780    58.53   63.96
-133815.512  1011.798   -48.88   79.86
-133529.477   984.468   -95.55  109.37
-133243.457   938.649  -160.21  128.09
-132957.453   892.176  -162.50  129.10
-132671.465   844.305  -167.40  116.95
-132385.492   800.099  -154.59   88.61
-132099.535   763.465  -128.12   47.11
-131813.594   741.987   -75.12   34.44
-131527.669   730.024   -41.84   35.32
-131241.760   721.980   -28.13   39.14
-130955.866   718.621   -11.75   39.73
-130669.988   714.059   -15.96   39.45
-130384.126   711.628    -8.50   43.67
-130098.279   706.558   -17.74   47.53
-129812.448   698.630   -27.74   50.92
-129526.633   695.628   -10.50   52.55
-129240.834   689.247   -22.33   51.80
-128955.050   693.302    14.19   51.64
-128669.282   698.665    18.77   50.09
-128383.530   708.634    34.89   38.68
-128097.793   711.408     9.71   34.20
-127812.072   711.756     1.22   29.44
-127526.367   708.599   -11.05   31.70
-127240.678   707.987    -2.15   32.69
-126955.004   708.908     3.23   31.13
-126669.346   707.357    -5.43   29.95
-126383.703   706.741    -2.16   27.35
-126098.077   706.815     0.26   26.55
-125812.466   704.105    -9.49   25.43
-125526.870   698.401   -19.97   27.71
-125241.291   689.892   -29.80   26.69
-124955.727   679.718   -35.63   27.41
-124670.178   670.275   -33.07   29.71
-124384.646   659.226   -38.70   33.99
-124099.129   648.361   -38.06   39.51
-123813.627   634.517   -48.49   43.64
-123528.142   619.876   -51.29   44.95
-123242.671   603.341   -57.92   43.43
-122957.217   584.908   -64.58   42.60
-122671.778   567.217   -61.98   36.76
-122386.355   553.396   -48.43   27.68
-122100.948   547.308   -21.33   21.38
-121815.556   545.571    -6.09   23.20
-121530.180   547.668     7.35   29.30
-121244.819   549.306     5.74   39.47
-120959.474   550.977     5.86   46.07
-120674.145   546.376   -16.13   52.86
-120388.831   537.652   -30.58   56.84
-120103.533   526.441   -39.30   55.29
-119818.251   512.995   -47.13   49.90
-119532.984   498.556   -50.62   39.72
-119247.733   485.218   -46.76   31.93
-118962.497   480.341   -17.10   32.89
-118677.277   470.667   -33.92   30.62
-118392.073   465.458   -18.26   30.06
-118106.884   458.046   -25.99   27.92
-117821.711   454.760   -11.52   30.49
-117536.553   452.095    -9.35   35.87
-117251.411   448.941   -11.06   39.89
-116966.285   448.395    -1.91   46.84
-116681.174   445.620    -9.73   49.55
-116396.078   447.599     6.94   54.67
-116110.999   447.308    -1.02   59.12
-115825.935   447.099    -0.74   61.51
-115540.886   450.636    12.41   61.89
-115255.853   452.949     8.11   61.88
-114970.836   461.781    30.99   59.87
-114685.834   465.916    14.51   55.33
-114400.847   469.106    11.19   45.83
-114115.877   460.040   -31.81   46.28
-113830.921   453.218   -23.94   45.72
-113545.982   435.984   -60.48   53.40
-113261.058   414.764   -74.48   63.52
-112976.149   386.726   -98.42   75.00
-112690.337   362.738   -83.93   74.60
-112401.969   337.196   -88.58   65.41
-112113.618   326.290   -37.82   53.99
-111825.284   322.551   -12.97   45.27
-111536.967   328.659    21.19   48.51
-111248.666   343.768    52.41   53.42
-110960.382   363.242    67.56   48.22
-110672.115   384.765    74.67   44.24
-110383.865   402.369    61.07   42.25
-110095.631   419.272    58.65   41.51
-109807.414   435.884    57.64   44.78
-109519.214   452.019    55.99   43.48
-109231.031   464.194    42.25   41.29
-108942.864   477.205    45.15   40.71
-108654.714   492.300    52.39   38.50
-108366.581   509.453    59.53   37.51
-108078.464   521.644    42.31   35.40
-107790.365   530.644    31.24   29.73
-107502.282   531.931     4.47   25.75
-107214.215   532.086     0.54   26.25
-106926.166   522.050   -34.84   39.98
-106638.133   507.473   -50.61   52.04
-106350.116   493.352   -49.03   59.17
-106062.117   474.969   -63.83   64.58
-105774.134   460.119   -51.57   65.88
-105486.168   441.562   -64.44   62.97
-105198.218   424.900   -57.87   58.35
-104910.286   410.723   -49.24   50.82
-104622.370   393.050   -61.39   52.19
-104334.470   375.807   -59.89   55.63
-104046.587   357.651   -63.07   56.06
-103758.721   341.103   -57.49   59.90
-103470.872   323.829   -60.01   60.39
-103183.039   300.210   -82.06   62.71
-102895.223   283.251   -58.92   62.89
-102607.424   263.570   -68.39   56.61
-102319.641   250.138   -46.68   47.59
-102031.875   237.516   -43.86   36.06
-101744.125   230.803   -23.33   29.67
-101456.393   233.504     9.39   33.52
-101168.676   235.538     7.07   37.19
-100880.977   239.611    14.16   39.41
-100593.294   242.447     9.86   39.10
-100305.628   245.417    10.32   35.63
-100017.978   248.939    12.25   32.68
 -99730.345   257.080    28.30   38.48
 -99442.728   274.360    60.09   59.55
 -99155.129   306.892   113.12   88.84
 -98867.545   349.901   149.56  114.19
 -98579.979   406.188   195.75  126.65
 -98292.429   465.806   207.34  134.58
 -98004.895   532.344   231.42  130.13
 -97717.379   582.267   173.64  108.39
 -97429.878   624.503   146.92   99.73
 -97142.395   664.971   140.77   99.40
 -96854.928   707.443   147.75  100.48
 -96567.477   745.554   132.59   91.38
 -96280.044   761.215    54.49   90.31
 -95992.626   781.861    71.83   85.06
 -95705.226   782.773     3.18   81.65
 -95417.841   775.061   -26.84   85.81
 -95130.474   770.188   -16.96   95.63
 -94843.123   772.585     8.34  108.44
 -94555.788   759.430   -45.78  122.92
 -94268.470   738.384   -73.25  129.88
 -93981.169   696.667  -145.21  131.36
 -93693.884   658.047  -134.44  134.53
 -93406.616   628.320  -103.49  134.23
 -93119.364   600.272   -97.65  127.76
 -92832.129   583.949   -56.83  115.95
 -92544.911   566.790   -59.75  121.60
 -92257.708   538.099   -99.90  128.18
 -91970.523   513.925   -84.18  126.64
 -91683.354   490.512   -81.53  112.17
 -91396.201   491.356     2.94  101.46
 -91109.065   496.470    17.81   99.73
 -90821.946   518.290    76.00  118.64
 -90534.843   582.175   222.52  153.95
 -90247.756   650.768   238.94  154.86
 -89960.686   706.740   194.99  129.00
 -89673.633   753.006   161.18  103.03
 -89386.596   771.411    64.12   95.11
 -89099.575   766.708   -16.39  101.56
 -88812.571   746.300   -71.11  112.34
 -88525.584   706.163  -139.86  110.68
 -88238.613   671.086  -122.24  102.78
 -87951.658   657.664   -46.78  110.60
 -87664.720   629.258   -99.00  111.27
 -87377.799   626.283   -10.37  121.26
 -87090.894   625.562    -2.51  127.34
 -86804.005   637.280    40.85  132.18
 -86517.133   643.494    21.66  126.77
 -86230.277   651.659    28.47  115.03
 -85943.438   661.604    34.67   99.93
 -85656.615   659.814    -6.24  101.49
 -85369.809   660.344     1.85  108.56
 -85083.019   642.345   -62.76  128.36
 -84796.245   621.955   -71.11  138.99
 -84509.488   591.780  -105.23  151.69
 -84222.748   565.095   -93.07  161.36
 -83936.023   529.005  -125.87  156.26
 -83649.316   492.749  -126.46  148.79
 -83362.624   472.532   -70.52  139.60
 -83075.949   445.997   -92.56  120.51
 -82789.291   445.101    -3.13  119.43
 -82502.649   432.689   -43.30  111.85
 -82216.023   427.643   -17.61  112.74
 -81929.414   424.295   -11.68  114.20
 -81642.821   410.404   -48.47  112.68
 -81356.245   398.466   -41.66  111.40
 -81069.685   373.964   -85.51  109.83
 -80783.141   347.707   -91.64  110.73
 -80496.614   308.559  -136.64  108.84
 -80210.103   270.159  -134.03  102.28
 -79923.608   226.731  -151.59   83.36
 -79637.130   198.790   -97.54   68.34
 -79350.669   177.836   -73.15   52.09
 -79064.223   159.923   -62.54   31.15
 -78777.794   152.620   -25.50   17.27
 -78491.382   148.939   -12.85    8.24
 -78204.985   149.244     1.06    7.67
 -77918.605   154.457    18.21   18.45
 -77632.242   162.603    28.45   30.78
 -77345.895   178.316    54.88   53.88
 -77059.564   197.315    66.36   77.42
 -76773.249   224.253    94.09  100.75
 -76486.951   250.505    91.70  113.56
 -76200.670   272.376    76.40  118.09
 -75914.404   294.103    75.90  120.74
 -75628.155   305.538    39.95  116.73
 -75341.922   317.361    41.31  111.80
 -75055.706   325.457    28.29  105.96
 -74769.506   324.124    -4.66  103.07
 -74483.322   332.505    29.29   98.63
 -74197.154   334.030     5.33   91.12
 -73911.003   334.737     2.47   95.47
 -73624.868   336.974     7.82   95.11
 -73338.750   338.668     5.92   96.57
 -73052.647   350.650    41.88   95.64
 -72766.561   369.425    65.63   98.07
 -72480.492   398.298   100.93  110.06
 -72194.438   438.963   142.16  123.32
 -71908.401   492.516   187.23  125.08
 -71622.380   533.033   141.66   98.91
 -71336.376   557.522    85.63   72.33
 -71050.388   553.533   -13.95   73.65
 -70764.416   534.957   -64.96   92.60
 -70478.460   507.433   -96.26   95.09
 -70192.521   484.194   -81.27   78.70
 -69906.598   470.610   -47.51   61.30
 -69620.691   476.583    20.89   63.49
 -69334.800   505.411   100.84   85.80
 -69048.926   545.283   139.48  102.74
 -68763.068   598.191   185.09  111.20
 -68477.226   656.698   204.69  118.64
 -68191.400   715.022   204.06  121.14
 -67905.591   749.664   121.21  100.88
 -67619.798   745.167   -15.74  122.75
 -67334.021   705.830  -137.65  186.38
 -67048.260   640.060  -230.16  243.69
 -66762.516   541.860  -343.67  290.75
 -66476.787   424.574  -410.49  292.25
 -66191.075   307.084  -411.23  261.10
 -65905.380   199.711  -375.84  190.39
 -65619.700   121.461  -273.92  118.63
 -65334.037    75.941  -159.35   65.77
 -65048.390    50.114   -90.42   36.29
 -64762.759    37.576   -43.90   17.51
 -64477.144    31.495   -21.29    5.95
 -64191.545    29.732    -6.17    1.68
 -63905.963    29.473    -0.91    1.94
 -63620.397    29.239    -0.82    1.98
 -63334.847    28.965    -0.96    2.01
 -63049.313    28.500    -1.63    2.08
 -62763.796    27.931    -1.99    2.06
 -62478.294    27.519    -1.44    1.97
 -62192.809    27.010    -1.78    1.71
 -61907.340    26.829    -0.63    1.68
 -61621.887    26.997     0.59    2.06
 -61336.451    27.774     2.72    3.97
 -61051.030    31.586    13.36   12.02
 -60765.626    35.186    12.62   17.20
 -60480.237    37.901     9.51   18.76
 -60194.865    39.032     3.97   18.72
 -59909.509    39.000    -0.11   18.94
 -59624.170    35.497   -12.28   16.37
 -59338.846    31.527   -13.91   15.00
 -59053.538    26.272   -18.42   13.81
 -58768.247    22.171   -14.37   11.11
 -58482.972    20.254    -6.72    8.51
 -58197.713    19.975    -0.98    7.76
 -57912.470    20.756     2.74    7.61
 -57627.243    21.964     4.23    7.82
 -57342.032    23.207     4.36    6.72
 -57056.838    23.908     2.46    5.62
 -56771.659    23.572    -1.18    5.54
 -56486.497    22.283    -4.52    5.03
 -56201.351    19.411   -10.07    5.77
 -55916.220    15.442   -13.92    9.71
 -55631.106     9.348   -21.37   14.27
 -55346.008     2.181   -25.14   17.29
 -55060.927    -4.571   -23.68   17.56
 -54775.861   -10.960   -22.41   15.78
 -54490.811   -16.419   -19.15   11.99
 -54205.777   -19.854   -12.05    7.51
 -53920.760   -20.956    -3.86    4.42
 -53635.758   -19.408     5.43    5.36
 -53350.773   -17.055     8.26    6.35
 -53065.804   -14.164    10.15    6.74
 -52780.850   -10.901    11.45    6.22
 -52495.913    -7.666    11.35    5.47
 -52210.992    -3.680    13.99    7.53
 -51926.087     0.979    16.35    9.82
 -51641.198     5.140    14.61   10.57
 -51356.325    10.812    19.91   10.72
 -51071.468    15.939    18.00    9.42
 -50785.338    19.820    13.56    7.04
 -50496.911    22.706    10.01    6.08
 -50208.501    24.239     5.31    6.46
 -49920.109    25.288     3.64    6.84
 -49631.734    26.514     4.25    6.82
 -49343.377    27.328     2.82    6.72
 -49055.036    28.738     4.89    7.05
 -48766.713    30.052     4.56    7.58
 -48478.407    31.949     6.58    7.71
 -48190.119    35.668    12.90    9.55
 -47901.848    40.239    15.85   12.61
 -47613.594    45.086    16.82   14.73
 -47325.357    52.969    27.35   19.99
 -47037.137    62.215    32.08   24.04
 -46748.935    72.703    36.39   26.65
 -46460.750    83.876    38.77   29.29
 -46172.582    96.668    44.39   30.46
 -45884.432   109.868    45.81   29.17
 -45596.299   120.884    38.23   27.83
 -45308.183   130.169    32.23   23.96
 -45020.084   138.356    28.42   21.50
 -44732.003   141.721    11.68   18.91
 -44443.938   144.336     9.08   16.25
 -44155.891   143.940    -1.37   15.04
 -43867.861   140.932   -10.44   14.87
 -43579.849   135.046   -20.44   17.15
 -43291.853   126.148   -30.90   20.01
 -43003.875   117.412   -30.33   22.15
 -42715.914   106.681   -37.27   22.62
 -42427.970    97.450   -32.06   20.93
 -42140.043    87.641   -34.07   15.45
 -41852.134    80.796   -23.77   13.15
 -41564.242    74.735   -21.05   12.03
 -41276.367    69.778   -17.22   10.90
 -40988.509    65.763   -13.95    9.87
 -40700.668    62.675   -10.73    9.07
 -40412.845    59.852    -9.81    7.80
 -40125.038    57.160    -9.35    5.73
 -39837.249    55.643    -5.27    4.56
 -39549.477    54.549    -3.80    3.77
 -39261.722    54.083    -1.62    3.32
 -38973.984    54.291     0.72    3.48
 -38686.264    54.570     0.97    3.88
 -38398.560    54.720     0.52    4.62
 -38110.874    54.384    -1.17    5.42
 -37823.205    54.472     0.30    6.62
 -37535.553    53.540    -3.24    7.56
 -37247.918    51.688    -6.44    7.98
 -36960.300    50.302    -4.82    8.04
 -36672.700    48.527    -6.17    7.79
 -36385.116    47.031    -5.20    7.17
 -36097.550    45.099    -6.72    5.62
 -35810.001    44.070    -3.58    4.89
 -35522.468    42.750    -4.59    3.50
 -35234.953    41.642    -3.86    2.26
 -34947.456    40.949    -2.41    1.93
 -34659.975    40.341    -2.11    1.80
 -34372.511    39.551    -2.75    1.92
 -34085.064    38.949    -2.09    1.92
 -33797.635    38.380    -1.98    1.81
 -33510.222    37.836    -1.89    1.58
 -33222.827    37.393    -1.54    1.29
 -32935.449    37.050    -1.19    0.94
 -32648.087    36.819    -0.80    0.45
 -32360.743    36.828     0.03    0.36
 -32073.416    36.837     0.03    0.39
 -31786.106    36.803    -0.12    0.58
 -31498.813    36.790    -0.04    0.75
 -31211.537    36.789    -0.00    0.96
 -30924.278    36.852     0.22    1.06
 -30637.036    36.994     0.50    1.08
 -30349.812    37.207     0.74    1.00
 -30062.604    37.486     0.97    0.77
 -29775.413    37.710     0.78    0.53
 -29488.240    37.998     1.01    0.85
 -29201.083    38.599     2.09    1.88
 -28913.943    39.519     3.21    3.08
 -28626.821    41.344     6.35    4.82
 -28339.715    43.455     7.35    6.33
 -28052.627    46.353    10.09    7.62
 -27765.555    49.819    12.08    9.08
 -27478.501    53.923    14.30    9.92
 -27191.463    58.360    15.46   10.46
 -26904.443    62.730    15.23   11.08
 -26617.439    66.853    14.36   11.18
 -26330.453    71.643    16.69   11.53
 -26043.483    76.702    17.63   11.42
 -25756.531    81.368    16.26   11.05
 -25469.595    86.312    17.23   10.58
 -25182.676    90.231    13.66    9.70
 -24895.775    93.884    12.74    8.89
 -24608.890    97.193    11.53    7.88
 -24322.023   100.008     9.81    7.36
 -24035.172   102.649     9.21    7.24
 -23748.338   104.296     5.74    7.65
 -23461.521   106.134     6.41    7.95
 -23174.722   108.796     9.28    8.32
 -22887.939   111.396     9.07    8.30
 -22601.173   113.554     7.52    7.80
 -22314.424   115.715     7.54    7.02
 -22027.692   117.278     5.45    6.05
 -21740.977   118.244     3.37    4.91
 -21454.278   118.494     0.87    4.00
 -21167.597   118.450    -0.15    3.77
 -20880.933   118.091    -1.25    3.53
 -20594.286   117.345    -2.60    3.55
 -20307.655   116.705    -2.23    3.48
 -20021.042   116.199    -1.76    3.30
 -19734.445   115.797    -1.40    3.40
 -19447.865   115.527    -0.94    3.41
 -19161.302   115.356    -0.60    3.23
 -18874.756   115.259    -0.34    3.41
 -18588.227   114.958    -1.05    3.24
 -18301.715   114.120    -2.92    3.62
 -18015.220   113.522    -2.09    4.10
 -17728.742   112.942    -2.02    4.07
 -17442.280   111.941    -3.50    4.73
 -17155.836   110.640    -4.54    5.32
 -16869.408   109.530    -3.88    5.41
 -16582.997   108.341    -4.15    6.32
 -16296.603   107.284    -3.69    6.68
 -16010.226   105.704    -5.52    7.11
 -15723.866   104.652    -3.68    8.21
 -15437.522   103.738    -3.19    8.02
 -15151.196   101.604    -7.45    9.00
 -14864.886    98.853    -9.61   10.23
 -14578.593    96.344    -8.76   10.56
 -14292.317    92.740   -12.59   11.68
 -14006.058    88.535   -14.69   12.33
 -13719.816    83.425   -17.85   12.04
 -13433.590    79.100   -15.11   11.55
 -13147.382    75.689   -11.92   10.91
 -12861.190    71.620   -14.22   11.05
 -12575.015    68.517   -10.84   10.80
 -12288.857    65.893    -9.17    9.89
 -12002.715    63.441    -8.57    9.83
 -11716.591    61.155    -7.99    9.62
 -11430.483    58.901    -7.88    8.94
 -11144.392    57.042    -6.50    9.15
 -10858.318    54.844    -7.68    8.74
 -10572.260    51.983   -10.00    8.37
 -10286.220    49.774    -7.72    9.15
 -10000.196    47.336    -8.52    8.73
  -9714.189    44.508    -9.89    9.07
  -9428.199    41.876    -9.20    9.17
  -9142.225    39.188    -9.40    8.52
  -8856.269    36.948    -7.83    8.25
  -8570.329    34.797    -7.52    7.35
  -8284.406    32.429    -8.28    6.48
  -7998.499    30.508    -6.72    6.83
  -7712.610    28.950    -5.45    6.92
  -7426.737    25.852   -10.83   10.32
  -7140.881    23.034    -9.86   12.30
  -6855.042    20.671    -8.26   12.56
  -6569.219    18.134    -8.88   13.02
  -6283.413    15.892    -7.85   12.98
  -5997.624    13.562    -8.15   12.14
  -5711.852    12.349    -4.25   11.20
  -5426.096    11.486    -3.02    9.73
  -5140.357    11.409    -0.27    7.92
  -4854.635    13.380     6.90    8.34
  -4568.930    14.763     4.84    9.35
  -4283.241    17.353     9.06   10.75
  -3997.569    20.042     9.41   12.02
  -3711.914    22.728     9.40   13.05
  -3426.275    25.773    10.66   14.44
  -3140.653    27.304     5.36   15.09
  -2855.048    27.270    -0.12   15.59
  -2569.460    23.924   -11.71   16.12
  -2283.888    20.657   -11.44   16.42
  -1998.333    16.124   -15.87   15.97
  -1712.794    11.948   -14.63   13.84
  -1427.273     8.212   -13.08   10.74
  -1141.768     5.572    -9.25    8.66
   -856.279     3.538    -7.13    6.81
   -570.808     1.385    -7.54    3.62
   -285.353     0.622    -2.67    2.19
      0.086     0.031    -2.07    0.57
    285.507    -0.100    -0.46    0.15
    570.912    -0.124    -0.08    0.00
    856.301    -0.083     0.14    0.20
   1141.672    -0.052     0.11    0.42
   1427.027    -0.036     0.06    0.71
   1712.366    -0.016     0.07    0.86
   1997.688     0.601     2.16    3.01
   2282.993     0.551    -0.17    3.07
   2568.281     1.413     3.02    4.70
   2853.553     1.987     2.01    5.44
   3138.808     2.120     0.47    5.51
   3424.047     2.188     0.24    5.38
   3709.269     1.813    -1.31    4.63
   3994.474     1.463    -1.23    3.94
   4279.663     1.019    -1.56    2.85
   4564.835     0.573    -1.56    2.17
   4849.991     0.196    -1.32    1.54
   5135.130    -0.060    -0.90    1.25
   5420.252    -0.237    -0.62    1.11
   5705.358    -0.409    -0.61    0.87
   5990.447    -0.536    -0.45    0.57
   6275.520    -0.611    -0.26    0.53
   6560.575    -0.639    -0.10    0.52
   6845.615    -0.603     0.13    0.52
   7130.638    -0.558     0.16    0.51
   7415.644    -0.540     0.06    0.51
   7700.634    -0.555    -0.05    0.50
   7985.607    -0.584    -0.10    0.50
   8270.563    -0.470     0.40    0.48
   8555.503    -0.380     0.32    0.44
   8840.427    -0.298     0.29    0.40
   9125.333    -0.222     0.27    0.33
   9410.224    -0.181     0.14    0.27
   9695.097    -0.164     0.06    0.23
   9979.955    -0.164    -0.00    0.24
  10264.795    -0.164     0.00    0.20
  10549.619    -0.061     0.36    0.52
  10834.427    -0.016     0.16    0.56
  11120.908     0.432     1.56    1.69
  11409.389     0.828     1.37    2.48
  11697.852     1.731     3.13    3.95
  11986.297     2.735     3.48    5.14
  12274.724     3.280     1.89    5.43
  12563.133     3.637     1.24    5.44
  12851.525     4.067     1.49    5.48
  13139.899     4.352     0.99    5.65
  13428.255     3.868    -1.68    5.30
  13716.593     2.947    -3.20    4.77
  14004.913     2.207    -2.57    4.43
  14293.216     1.763    -1.54    4.28
  14581.501     1.091    -2.33    3.91
  14869.768     0.215    -3.04    2.68
  15158.018    -0.189    -1.40    0.95
  15446.249    -0.172     0.06    0.90
  15734.463    -0.099     0.25    1.02
  16022.659    -0.132    -0.11    0.79
  16310.838    -0.187    -0.19    0.56
  16598.999    -0.215    -0.10    0.43
  16887.142     0.062     0.96    1.11
  17175.267     0.656     2.06    2.68
  17463.374     0.917     0.91    2.94
  17751.464     2.114     4.16    4.80
  18039.536     3.757     5.70    7.81
  18327.590     4.737     3.40    8.78
  18615.627     7.281     8.83   11.90
  18903.646     8.995     5.95   13.22
  19191.647     9.976     3.40   13.20
  19479.631    11.506     5.32   13.48
  19767.597    12.569     3.69   13.33
  20055.545    13.752     4.11   13.23
  20343.475    15.424     5.81   14.07
  20631.388    16.516     3.79   14.19
  20919.283    18.296     6.18   14.21
  21207.161    19.234     3.26   14.54
  21495.020    20.320     3.77   14.32
  21782.862    21.678     4.72   13.77
  22070.687    21.908     0.80   13.43
  22358.494    23.306     4.86   12.76
  22646.283    25.559     7.83   12.64
  22934.054    27.186     5.65   13.30
  23221.808    28.992     6.28   13.01
  23509.544    33.083    14.22   12.90
  23797.263    34.853     6.15   13.00
  24084.964    36.893     7.09   11.89
  24372.647    37.828     3.25   11.10
  24660.312    37.876     0.17   10.45
  24947.960    39.025     3.99    9.62
  25235.591    39.739     2.48    9.60
  25523.204    40.498     2.64    9.78
  25810.799    41.344     2.94    9.42
  26098.376    42.684     4.66    8.91
  26385.936    44.948     7.87    7.80
  26673.478    46.942     6.93    7.16
  26961.003    49.138     7.64    7.41
  27248.510    51.932     9.72    7.10
  27536.000    54.909    10.36    6.54
  27823.472    57.806    10.07    6.65
  28110.926    60.593     9.70    6.20
  28398.363    63.091     8.69    5.64
  28685.782    62.741    -1.22    6.69
  28973.184    62.247    -1.72    7.48
  29260.568    60.925    -4.60    8.43
  29547.934    59.044    -6.54    8.83
  29835.283    57.409    -5.69    8.84
  30122.615    55.649    -6.13    8.66
  30409.929    53.721    -6.71    7.96
  30697.225    51.785    -6.74    7.78
  30984.504    48.706   -10.72    7.97
  31271.765    47.734    -3.38    7.30
  31559.009    46.909    -2.87    6.85
  31846.235    46.481    -1.49    6.58
  32133.443    46.034    -1.56    6.70
  32420.635    46.171     0.48    5.92
  32707.808    46.288     0.40    4.97
  32994.964    46.086    -0.70    4.34
  33282.103    45.967    -0.41    4.16
  33569.224    47.118     4.01    4.65
  33856.327    48.796     5.84    5.55
  34143.413    51.312     8.76    6.34
  34430.482    53.821     8.74    6.27
  34717.533    55.973     7.50    5.70
  35004.566    57.992     7.03    3.87
  35291.582    58.716     2.52    3.00
  35578.581    58.586    -0.45    3.11
  35865.562    57.463    -3.91    4.12
  36152.526    55.601    -6.49    5.25
  36439.472    53.910    -5.89    5.69
  36726.401    51.984    -6.71    5.23
  37013.312    50.805    -4.11    5.04
  37300.205    49.753    -3.67    5.26
  37587.082    49.126    -2.19    5.48
  37873.941    48.514    -2.13    6.66
  38160.782    47.678    -2.91    7.51
  38447.606    45.836    -6.42    8.12
  38734.412    43.924    -6.67    8.95
  39021.202    41.828    -7.31    9.32
  39307.973    41.788    -0.14    9.29
  39594.727    42.292     1.76    9.12
  39881.464    43.385     3.81    8.63
  40168.183    44.741     4.73    8.32
  40454.885    46.757     7.03    8.20
  40741.570    49.157     8.37    7.93
  41028.237    51.868     9.46    7.74
  41314.887    53.356     5.19    7.63
  41601.519    55.151     6.26    7.09
  41888.134    57.028     6.55    7.05
  42174.731    58.626     5.58    6.70
  42461.312    59.852     4.28    6.37
  42747.874    61.267     4.94    5.50
  43034.420    62.331     3.71    4.49
  43320.948    63.462     3.95    2.98
  43607.458    64.114     2.28    1.05
  43893.951    64.108    -0.02    1.14
  44180.427    64.272     0.57    1.10
  44466.886    64.186    -0.30    1.28
  44753.327    63.983    -0.71    1.37
  45039.751    63.448    -1.87    1.62
  45326.157    62.694    -2.63    1.90
  45612.546    61.680    -3.54    2.17
  45898.918    60.772    -3.17    2.23
  46185.272    60.449    -1.13    2.12
  46471.609    60.262    -0.65    2.10
  46757.929    60.316     0.19    2.04
  47044.231    60.540     0.78    1.89
  47330.516    60.836     1.03    1.60
  47616.784    60.884     0.17    1.33
  47903.034    60.368    -1.80    1.78
  48189.267    59.381    -3.45    2.20
  48475.483    58.708    -2.35    2.34
  48761.681    57.893    -2.85    2.65
  49047.863    56.935    -3.35    2.93
  49334.026    55.892    -3.64    3.66
  49620.173    54.535    -4.74    4.10
  49906.302    52.917    -5.65    4.48
  50192.414    51.459    -5.10    5.09
  50478.509    47.344   -14.38   10.07
  50764.586    42.708   -16.20   12.62
  51050.646    37.796   -17.17   14.73
  51336.689    36.535    -4.41   14.64
  51622.715    37.044     1.78   14.65
  51908.723    39.027     6.93   15.10
  52194.714    40.298     4.44   15.01
  52480.688    44.059    13.15   14.35
  52766.644    47.675    12.64   11.90
  53052.583    51.245    12.49    6.86
  53338.505    52.384     3.98    5.20
  53624.410    52.706     1.12    4.79
  53910.298    52.909     0.71    4.23
  54196.168    53.464     1.94    4.18
  54482.021    54.504     3.64    4.15
  54767.857    55.673     4.09    3.75
  55053.675    56.853     4.13    3.06
  55339.477    57.868     3.55    2.54
  55625.261    58.586     2.51    2.24
  55911.028    59.468     3.09    1.95
  56196.777    59.960     1.72    1.96
  56482.510    60.505     1.91    2.01
  56768.225    61.084     2.03    2.10
  57053.923    61.707     2.18    2.28
  57339.604    62.511     2.82    2.67
  57625.268    63.072     1.96    2.82
  57910.914    63.610     1.88    2.94
  58196.544    64.113     1.76    2.89
  58482.156    64.460     1.22    2.58
  58767.751    64.298    -0.57    2.20
  59053.328    64.180    -0.41    2.04
  59338.889    63.768    -1.44    1.82
  59624.432    62.941    -2.89    1.93
  59909.959    62.140    -2.81    2.10
  60195.468    61.414    -2.55    2.02
  60480.960    60.812    -2.11    2.02
  60766.435    60.284    -1.85    1.90
  61051.892    59.989    -1.03    1.78
  61337.333    59.564    -1.49    1.89
  61622.756    58.876    -2.41    2.42
  61908.162    57.678    -4.20    3.25
  62193.551    56.252    -5.00    3.93
  62478.923    54.632    -5.68    3.71
  62764.278    53.835    -2.80    3.05
  63049.616    53.678    -0.55    2.87
  63334.936    54.451     2.71    3.68
  63620.240    55.984     5.37    4.48
  63905.526    57.829     6.47    4.55
  64190.796    59.491     5.83    3.91
  64476.048    60.706     4.26    2.88
  64761.283    61.420     2.51    2.05
  65046.501    61.522     0.35    1.49
  65331.702    61.076    -1.56    1.76
  65616.885    60.255    -2.88    2.36
  65902.052    59.393    -3.02    2.51
  66187.202    58.908    -1.70    2.31
  66472.334    58.763    -0.51    2.19
  66757.449    59.182     1.47    2.18
  67042.548    59.805     2.18    2.38
  67327.629    60.608     2.82    2.03
  67612.693    61.166     1.96    1.46
  67897.741    60.996    -0.59    1.89
  68182.771    59.950    -3.67    3.38
  68467.784    58.218    -6.08    4.75
  68752.780    56.540    -5.89    5.03
  69037.759    54.328    -7.76    6.19
  69322.721    49.202   -17.99   12.05
  69607.665    42.599   -23.17   17.39
  69892.593    35.154   -26.13   20.65
  70177.504    29.068   -21.36   21.15
  70462.398    22.212   -24.06   20.63
  70747.275    15.942   -22.01   17.94
  71032.134    11.987   -13.88   15.29
  71316.977    10.088    -6.67   13.94
  71601.803     9.100    -3.47   13.02
  71886.611     8.670    -1.51   13.24
  72171.403     7.562    -3.89   12.01
  72456.178     9.098     5.39   13.63
  72740.935     9.852     2.65   14.71
  73027.788     9.538    -1.10   14.19
  73316.327    10.521     3.41   14.98
  73604.846    11.388     3.01   15.42
  73893.348    11.368    -0.07   15.24
  74181.831    12.868     5.20   16.70
  74470.296    13.724     2.97   16.91
  74758.743    12.960    -2.65   16.28
  75047.171    14.025     3.69   17.53
  75335.582    15.556     5.31   18.39
  75623.974    14.518    -3.60   18.03
  75912.347    15.232     2.47   18.44
  76200.703    16.328     3.80   18.38
  76489.040    17.304     3.38   18.54
  76777.359    19.155     6.42   20.13
  77065.660    23.948    16.63   21.73
  77353.942    29.925    20.73   22.81
  77642.206    36.901    24.20   21.59
  77930.452    44.408    26.04   18.05
  78218.680    49.844    18.86   13.96
  78506.890    54.686    16.80   10.24
  78795.081    58.445    13.04    6.74
  79083.254    60.828     8.27    5.46
  79371.409    62.501     5.81    4.54
  79659.546    64.154     5.74    3.38
  79947.664    65.364     4.20    2.80
  80235.765    66.519     4.01    2.68
  80523.847    67.564     3.63    2.43
  80811.911    68.344     2.71    2.14
  81099.956    68.970     2.17    1.94
  81387.984    69.409     1.52    2.86
  81675.994    70.196     2.74    3.32
  81963.985    70.999     2.79    3.53
  82251.958    71.933     3.24    3.40
  82539.913    72.684     2.61    3.22
  82827.850    73.455     2.68    2.62
  83115.768    73.949     1.72    2.20
  83403.669    74.356     1.42    2.12
  83691.551    74.601     0.85    2.08
  83979.415    74.457    -0.50    2.19
  84267.261    74.108    -1.21    2.43
  84555.089    73.974    -0.47    2.44
  84842.899    73.966    -0.03    2.41
  85130.691    74.186     0.76    2.43
  85418.464    74.050    -0.47    2.32
  85706.219    74.413     1.26    2.26
  85993.957    75.038     2.17    1.90
  86281.676    75.554     1.79    1.32
  86569.377    75.925     1.29    0.68
  86857.060    76.051     0.44    0.47
  87144.725    76.076     0.09    0.42
  87432.372    76.141     0.22    0.46
  87720.000    76.234     0.32    0.51
  88007.611    76.293     0.20    0.56
  88295.204    76.445     0.53    0.55
  88582.778    76.546     0.35    0.53
  88870.335    76.654     0.38    0.45
