# NaN NaN NaN ;Mean Elev.(m), Avg Gradient(m/km), RMS Gradient(m/km) - SRTM1     
#    8.621  -2.807   9.084 ;Mean Elev.(m), Avg Gradient(m/km), RMS Gradient(m/km) - ASTER GDEM
#   30.036  -2.364   8.885 ;Mean Elev.(m), Avg Gradient(m/km), RMS Gradient(m/km) - GMTED2010 
   1 230.919139  66.033140    26.422    26.391  4 54665.88673384 30.845
   2 230.919833  66.034314    25.764    25.739  5 54675.80237855 52.937
   3 230.917984  66.035983     1.560     1.705  4 54685.71802163  9.096
   4 230.917117  66.036937    76.266    75.627  5 54695.63366320 18.712
   5 230.918802  66.036032     5.442     5.447  4 54705.54930246 10.077
   6 230.919594  66.033661    25.303    25.365  5 54715.46495476 50.654
   7 230.918963  66.031337    11.569    11.573  5 54725.38060471 14.429
   8 230.921789  66.031057    24.840    24.824  5 54735.29625308 42.324
   9 230.919763  66.032666    25.183    25.221  5 54745.21190008 31.381
  10 230.918983  66.034283    80.354    80.092  4 54755.12754676 20.015
  11 230.916745  66.033936    78.395    78.973  5 54765.04319206 25.431
  12 230.918808  66.031815    78.344    77.370  5 54774.95883486 21.406
  13 230.918873  66.029861    79.511    80.201  5 54784.87447495 23.829
  14 230.919043  66.030002    77.608    78.259  6 54794.79011342 25.818
  15 230.920368  66.032166    78.908    78.890  5 54804.70575125 20.087
  16 230.919210  66.033946    79.226    79.418  4 54814.62138837 19.936
  17 230.916654  66.034302    78.244    77.987  5 54824.53703352 18.479
  18 230.918924  66.033578    79.255    79.108  4 54834.45267351 17.310
  19 230.918432  66.033502    79.237    79.309  4 54844.36832333 16.648
  20 230.919911  66.034622    79.499    79.400  5 54854.28397247 16.692
  21 230.919542  66.036371    79.893    79.939  4 54864.19962127 16.873
  22 230.919280  66.037009    79.884    79.841  4 54874.11526981 16.020
  23 230.917415  66.035850    79.723    79.739  4 54884.03091564 15.957
  24 230.920471  66.033406    79.537    79.515  5 54893.94655849 16.211
  25 230.921347  66.031272    79.246    79.251  5 54903.86219846 15.763
  26 230.921217  66.031052    78.902    79.041  5 54913.77783717 15.940
  27 230.918687  66.032314    79.263    79.002  4 54923.69347503 15.286
  28 230.917187  66.033548    79.229    78.951  5 54933.60911218 14.879
  29 230.916890  66.033217    79.143    79.096  5 54943.52474751 14.486
  30 230.917545  66.031338    79.895    79.873  5 54953.44038084 19.764
  31 230.921089  66.029705    81.116    81.762  5 54963.35602551 19.938
  32 230.921505  66.029936    32.406    32.479  5 54973.27167402 34.106
  33 230.919906  66.031754    27.074    27.196  5 54983.18732158 51.565
  34 230.918891  66.033764    80.397    80.187  5 54993.10296897 24.126
  35 230.917574  66.034506    27.909    27.880  4 55003.01861533 47.406
  36 230.919195  66.034327    26.845    26.792  4 55012.93426001 35.492
  37 230.918229  66.033775    26.809    26.847  5 55022.84990303 29.493
  38 230.917318  66.034337    26.914    26.880  5 55032.76554530 51.333
  39 230.917277  66.035436    25.718    25.745  4 55042.68118695 49.524
  40 230.918908  66.035896    25.554    25.564  4 55052.59682718 47.649
  41 230.917767  66.034576    25.467    25.466  5 55062.51246491 47.813
  42 230.917198  66.032415    26.110    26.134  5 55072.42810877 53.551
  43 230.919610  66.030839    25.285    25.253  5 55082.34375737 43.978
  44 230.918752  66.030815    26.280    26.207  5 55092.25940413 52.191
  45 230.916849  66.031972    25.455    25.442  5 55102.17505048 51.268
  46 230.918602  66.033335    25.197    25.179  5 55112.09069683 35.431
  47 230.918917  66.033158    79.835    80.037  4 55122.00634076 25.836
  48 230.919512  66.031726    77.932    76.276  5 55131.92198180 27.171
  49 230.920639  66.030295    78.935    78.991  5 55141.83762088 25.824
  50 230.921637  66.030517    79.034    79.666  5 55151.75325933 24.908
  51 230.916146  66.031863    78.410    78.677  5 55161.66889740 22.797
  52 230.919169  66.033668    79.368    79.267  4 55171.58453587 22.192
  53 230.917725  66.034324    79.289    79.311  4 55181.50017236 20.932
  54 230.918869  66.034275    79.694    79.775  5 55191.41582195 21.380
  55 230.919880  66.034548    79.451    79.693  5 55201.33147224 21.855
  56 230.919003  66.035090    79.797    79.774  5 55211.24712172 20.722
  57 230.916756  66.035537    80.079    79.863  5 55221.16277061 20.648
  58 230.919491  66.035091    80.358    80.625  5 55231.07841883 19.190
  59 230.917389  66.033664    79.478    79.506  5 55240.99406337 19.364
  60 230.919828  66.032160    79.628    79.093  5 55250.90970478 19.263
  61 230.915645  66.031119    78.730    78.840  5 55260.82534330 18.786
  62 230.920731  66.031599    78.850    78.950  5 55270.74098184 19.364
  63 230.918823  66.032184    79.179    79.048  5 55280.65661968 18.834
  64 230.918070  66.032386    79.555    79.081  4 55290.57225639 17.133
  65 230.918157  66.031871    78.477    78.626  5 55300.48789084 13.766
  66 230.921016  66.031042    81.811    81.720  5 55310.40353706 19.684
  67 230.918955  66.030491    28.169    28.213  6 55320.31918249 37.706
  68 230.917197  66.030983    29.433    29.395  5 55330.23482690 54.444
  69 230.919628  66.032476    25.867    26.025  5 55340.15047156 37.002
  70 230.919750  66.033615    25.671    25.594  5 55350.06611576 47.473
  71 230.918773  66.034110    26.284    26.283  4 55359.98175777 36.670
  72 230.917146  66.034195    25.607    25.640  4 55369.89739755 34.216
  73 230.917940  66.034518    26.173    26.114  5 55379.81303606 35.442
  74 230.917271  66.034997    26.029    26.006  5 55389.72867372 32.080
  75 230.916590  66.034934    25.608    25.642  4 55399.64431032 41.738
  76 230.918916  66.033941    25.785    25.780  4 55409.55995748 49.163
  77 230.916808  66.032051    25.198    25.254  5 55419.47560773 43.488
  78 230.917620  66.030804    25.364    25.402  5 55429.39125496 32.232
  79 230.919745  66.031098    25.322    25.344  5 55439.30689978 34.414
  80 230.918306  66.032134    25.511    25.502  4 55449.22254287 32.950
  81 230.919315  66.032769    25.549    25.641  5 55459.13818583 49.058
  82 230.918376  66.032309    25.191    25.211  5 55469.05382777 32.906
  83 230.918349  66.031164    24.671    24.631  5 55478.96946657 43.254
  84 230.918326  66.030409    78.787    78.760  5 55488.88510248 23.556
  85 230.917744  66.030577    78.467    78.485  5 55498.80073609 22.933
  86 230.919775  66.031973    77.079    76.286  5 55508.71637565 22.969
  87 230.917857  66.033144    78.781    78.718  5 55518.63202563 17.824
  88 230.919679  66.033947    79.823    79.767  5 55528.54767503 17.843
  89 230.919817  66.034073    79.731    79.489  5 55538.46332239 18.459
  90 230.917738  66.034160    79.332    79.506  5 55548.37896730 19.207
  91 230.917042  66.034808    79.477    79.496  5 55558.29461059 18.930
  92 230.919492  66.035754    79.895    79.872  4 55568.21025331 18.877
  93 230.919554  66.035511    79.899    79.815  4 55578.12589498 18.776
  94 230.918345  66.033670    78.818    78.827  4 55588.04153425 18.488
  95 230.921083  66.031332    79.247    79.271  5 55597.95717080 17.866
  96 230.920561  66.030058    79.238    79.159  5 55607.87280440 16.314
  97 230.920884  66.030581    79.069    79.433  5 55617.78843615 15.908
  98 230.915863  66.032245    79.904    79.740  5 55627.70408142 13.026
  99 230.919715  66.033163    80.199    80.116  5 55637.61973319 13.755
 100 230.918425  66.032282    79.828    79.568  5 55647.53538240 13.573
 101 230.919871  66.030597    79.053    79.079  5 55657.45102895 13.731
 102 230.919768  66.029848    79.391    79.283  5 55667.36667118 14.442
 103 230.918046  66.030768    79.154    79.207  5 55677.28231055 13.379
 104 230.918867  66.032755    80.832    80.650  5 55687.19794829  2.332
 105 230.919370  66.034152    75.992    75.758  4 55697.11358476 24.026
 106 230.919631  66.034139    28.254    28.273  5 55707.02921986 54.341
 107 230.917892  66.033485    26.755    26.678  5 55716.94487050 32.469
 108 230.918047  66.033480    26.199    26.224  5 55726.86051912 53.967
 109 230.918663  66.034435    25.934    25.958  4 55736.77616608 41.106
 110 230.919196  66.035517    26.469    26.522  5 55746.69181177 22.853
 111 230.917973  66.035253    25.576    25.571  5 55756.60745528 35.066
 112 230.918386  66.033311    26.495    26.508  4 55766.52309635 53.993
 113 230.917693  66.030714    26.207    26.264  5 55776.43873437 53.076
 114 230.918389  66.029402    25.246    25.248  6 55786.35436976 27.675
 115 230.918907  66.030496    26.043    25.940  6 55796.27000338 39.899
 116 230.921122  66.032550    25.869    25.902  5 55806.18564445 51.762
 117 230.917879  66.033498    25.041    25.078  4 55816.10129331 37.414
 118 230.919099  66.032376    25.191    25.135  5 55826.01693958 28.676
 119 230.920051  66.030561    24.608    24.638  5 55835.93258136 29.170
 120 230.918558  66.029472    24.824    24.799  6 55845.84821955 52.260
 121 230.921197  66.030855    79.163    79.185  5 55855.76385548 25.890
 122 230.920232  66.033168    77.815    78.110  5 55865.67949692 28.031
 123 230.918326  66.034960    78.200    77.895  4 55875.59514956 24.751
 124 230.917212  66.034927    77.977    77.688  4 55885.51079638 23.606
 125 230.918433  66.034148    78.768    79.031  4 55895.42643754 21.896
 126 230.920269  66.033450    79.041    79.364  5 55905.34207349 20.108
 127 230.919938  66.033990    80.169    80.217  5 55915.25771557 18.390
 128 230.919532  66.035053    80.965    80.908  5 55925.17336932 17.235
 129 230.918388  66.035192    80.950    81.004  5 55935.08901976 15.539
 130 230.918630  66.033405    80.790    81.192  4 55945.00466554 14.216
 131 230.921241  66.030930    79.100    79.227  5 55954.92030715 17.445
 132 230.918701  66.029496    78.829    78.795  6 55964.83594555 17.170
 133 230.918900  66.030574    79.432    79.045  5 55974.75158284 16.076
 134 230.916779  66.032646    79.244    79.512  5 55984.66721893 16.655
 135 230.917890  66.033658    79.983    80.203  4 55994.58285286 15.956
 136 230.918138  66.032660    79.239    79.092  4 56004.49850465 16.425
 137 230.919225  66.030606    79.275    79.134  5 56014.41415320 15.900
 138 230.917392  66.029762    79.286    79.214  5 56024.32979840 16.028
 139 230.920334  66.031429    79.697    79.753  5 56034.24544190 15.124
 140 230.919943  66.033926    81.895    82.227  5 56044.16108304  0.361
 141 230.916848  66.035421    25.603    25.554  4 56054.07672119 30.046
 142 230.919625  66.035336    30.051    29.965  4 56063.99235632 33.368
 143 230.916933  66.034030    27.253    27.368  5 56073.90799903 54.815
 144 230.917441  66.033582    27.019    27.045  5 56083.82364888 44.996
 145 230.917819  66.033921    29.296    29.395  5 56093.73929635 55.720
 146 230.916524  66.034565    27.256    27.242  5 56103.65494149 54.720
 147 230.918245  66.034237    27.188    27.177  5 56113.57057240 53.997
 148 230.918458  66.032888    25.904    25.934  4 56123.48621097 52.222
 149 230.921568  66.030993    25.603    25.633  5 56133.40184586 53.126
 150 230.916269  66.029874    25.058    24.992  5 56143.31748384 32.192
 151 230.918666  66.030788    25.284    25.285  6 56153.23313465 33.893
 152 230.920692  66.032575    25.161    25.172  5 56163.14878402 48.010
 153 230.917955  66.033486    25.179    25.151  4 56173.06443091 27.676
 154 230.917294  66.032914    25.373    25.418  5 56182.98007300 51.549
 155 230.921509  66.031606    25.230    25.125  5 56192.89571176 31.211
 156 230.919482  66.030725    25.000    24.944  5 56202.81134723 33.872
 157 230.917981  66.031669    25.051    25.269  5 56212.72698103 50.261
 158 230.918315  66.033747    24.784    24.754  5 56222.64261307 49.751
 159 230.916667  66.035447    24.756    24.765  4 56232.55826892 46.944
 160 230.919684  66.035724    80.206    80.158  4 56242.47392156 21.073
 161 230.918571  66.034810    79.823    79.889  5 56252.38956938 21.408
 162 230.917715  66.033992    79.150    79.277  5 56262.30521264 21.591
 163 230.920098  66.034017    79.373    79.922  5 56272.22085420 22.467
 164 230.918965  66.034114    79.567    79.283  4 56282.13649594 21.496
 165 230.918572  66.033847    78.989    79.392  4 56292.05214793 22.017
 166 230.918644  66.032604    78.929    78.856  5 56301.96779546 21.773
 167 230.917210  66.031158    78.936    78.834  5 56311.88343864 21.208
 168 230.918518  66.030838    78.857    78.534  5 56321.79907990 20.266
 169 230.917031  66.031671    78.796    78.833  5 56331.71472034 18.618
 170 230.916784  66.032688    79.228    79.263  5 56341.63036043 17.614
 171 230.917518  66.033015    78.431    77.916  5 56351.54599830 17.513
 172 230.920984  66.032392    79.130    79.618  5 56361.46163819 18.305
 173 230.921151  66.031723    79.153    79.277  5 56371.37728765 16.508
 174 230.916511  66.031849    79.235    79.115  5 56381.29293405 14.901
 175 230.918942  66.033423    79.540    79.611  4 56391.20857899 15.715
 176 230.919445  66.034836    80.645    80.821  4 56401.12422211 14.668
 177 230.917424  66.035390    80.042    79.998  5 56411.03986227 11.625
 178 230.918690  66.035082    81.351    81.206  5 56420.95549780  2.818
 179 230.916413  66.034453    28.363    28.353  5 56430.87113582 40.271
 180 230.919614  66.034568    28.145    28.182  5 56440.78678908 50.726
 181 230.917104  66.034499    32.779    27.587  4 56450.70243933 26.617
 182 230.917453  66.034053    26.562    26.516  4 56460.61808755 24.816
 183 230.917881  66.032901    26.789    26.657  5 56470.53373245 47.305
 184 230.917603  66.031818    26.896    26.927  5 56480.44937359 53.023
 185 230.915878  66.031246    26.298    26.315  5 56490.36501068 53.737
 186 230.918635  66.031692    25.686    25.714  4 56500.28064569 53.313
 187 230.916438  66.032192    26.002    26.043  5 56510.19627889 52.092
 188 230.917254  66.032604    25.433    25.413  5 56520.11192191 40.958
 189 230.918425  66.032599    25.475    25.475  5 56530.02757554 53.384
 190 230.918243  66.032236    25.488    25.508  4 56539.94322509 51.332
 191 230.918787  66.032173    25.281    25.267  4 56549.85887039 47.078
 192 230.916616  66.032974    24.957    24.957  5 56559.77451311 39.783
 193 230.917869  66.034361    25.229    25.224  5 56569.69015517 52.265
 194 230.917797  66.035520    24.857    24.896  5 56579.60579577 51.555
 195 230.918797  66.035448    80.476    80.616  5 56589.52143253 22.743
 196 230.918250  66.034676    80.231    80.257  5 56599.43707763 24.886
 197 230.917313  66.034094    79.935    80.095  4 56609.35272824 24.558
 198 230.919378  66.034553    80.009    79.933  4 56619.26837430 24.599
 199 230.917657  66.034871    79.728    79.725  5 56629.18401680 22.225
 200 230.918043  66.034278    79.489    78.967  4 56639.09965634 19.614
 201 230.918778  66.032562    79.145    79.028  5 56649.01530108 18.732
 202 230.918714  66.030963    79.149    79.130  6 56658.93095239 20.201
 203 230.921432  66.030872    78.886    78.906  5 56668.84659998 20.926
 204 230.920214  66.032322    78.943    79.006  5 56678.76224483 20.232
 205 230.918355  66.033738    80.157    80.102  4 56688.67788814 20.565
 206 230.916878  66.033732    78.873    79.334  5 56698.59352895 19.361
 207 230.920573  66.032603    79.095    79.309  5 56708.50916557 19.313
 208 230.917223  66.031409    78.931    78.924  5 56718.42480358 18.625
 209 230.915888  66.031939    78.714    78.709  5 56728.34045603 19.357
 210 230.916352  66.033913    78.910    79.292  5 56738.25610472 19.265
 211 230.918843  66.035977    79.803    80.409  5 56748.17174990 19.385
 212 230.917327  66.036311    79.237    79.034  4 56758.08739012 19.245
 213 230.917542  66.035254    80.396    80.302  4 56768.00302445 12.422
 214 230.918767  66.034038    78.761    78.675  4 56777.91867047 21.003
 215 230.920366  66.033969    26.444    26.402  5 56787.83432663 37.787
 216 230.919013  66.034653    27.127    27.163  4 56797.74997901 26.787
 217 230.919125  66.035389    27.040    27.030  4 56807.66562605 53.488
 218 230.918980  66.034670    26.506    26.453  5 56817.58126703 52.617
 219 230.917100  66.032697    26.714    26.757  5 56827.49690429 43.143
 220 230.916972  66.030690    79.677    79.387  5 56837.41253845 14.083
 221 230.917476  66.030504    26.261    26.261  5 56847.32816979 41.974
 222 230.916915  66.032074    26.281    26.301  5 56857.24382132 52.423
 223 230.919868  66.034117    25.159    25.099  5 56867.15947506 34.777
 224 230.918131  66.034383    25.102    25.113  4 56877.07512681 40.194
 225 230.920233  66.033531    25.133    25.062  5 56886.99077573 35.555
 226 230.919086  66.032223    24.722    24.676  5 56896.90642163 38.895
 227 230.917339  66.032508    24.914    24.927  5 56906.82206468 30.130
 228 230.917041  66.034454    24.578    24.562  5 56916.73770572 33.283
 229 230.918808  66.036606    24.527    24.524  5 56926.65334503 49.166
 230 230.919871  66.037177    24.591    24.589  4 56936.56898071 50.270
 231 230.917538  66.035601    77.315    76.247  5 56946.48461070 27.523
 232 230.919041  66.033804    75.966    76.242  4 56956.40026433 26.501
 233 230.920313  66.033069    78.314    78.202  5 56966.31591332 22.743
 234 230.918590  66.033896    79.438    79.360  4 56976.23155781 21.131
 235 230.918933  66.035089    79.693    79.384  5 56986.14719800 20.927
 236 230.917978  66.034620    78.969    79.127  4 56996.06283240 20.630
 237 230.918140  66.032561    78.598    78.325  4 57005.97847586 20.799
 238 230.918962  66.030585    78.730    78.430  5 57015.89413056 20.954
 239 230.920050  66.030472    78.294    78.223  5 57025.80978125 20.276
 240 230.916347  66.032364    79.423    78.990  5 57035.72542947 18.460
 241 230.919486  66.034463    79.682    80.317  5 57045.64107573 17.472
 242 230.917083  66.034760    78.665    77.965  5 57055.55671820 17.046
 243 230.918413  66.033327    79.620    79.735  4 57065.47235591 16.101
 244 230.918739  66.032201    79.398    79.364  5 57075.38798894 16.008
 245 230.918353  66.032415    79.449    79.434  4 57085.30361878 14.488
 246 230.917300  66.034618    80.184    80.117  5 57095.21927407 14.714
 247 230.918757  66.036707    80.391    80.446  4 57105.13493068 14.825
 248 230.916395  66.037064    80.608    80.697  4 57115.05058251 13.897
 249 230.918804  66.035685    80.258    80.291  4 57124.96622849 13.186
 250 230.918586  66.033851    81.374    81.395  5 57134.88186894  6.570
 251 230.920945  66.032984    26.073    26.019  5 57144.79750527 32.196
 252 230.919587  66.033389    29.098    29.066  5 57154.71313876 47.743
 253 230.918216  66.034116    26.229    26.230  4 57164.62877689 52.785
 254 230.917242  66.034286    25.828    25.772  5 57174.54443353 36.705
 255 230.920581  66.033079    25.591    25.550  5 57184.46008703 52.467
 256 230.917567  66.031224    25.613    25.711  5 57194.37573598 52.770
 257 230.921029  66.030936    25.350    25.455  5 57204.29137178 37.554
 258 230.920771  66.032348    25.328    25.291  5 57214.20701726 34.571
 259 230.918822  66.034143    25.619    25.616  4 57224.12266099 39.235
 260 230.919394  66.034919    25.376    25.309  5 57234.03830312 45.706
 261 230.918430  66.034141    25.280    25.291  5 57243.95394194 50.454
 262 230.918358  66.033008    25.360    25.391  4 57253.86957831 31.115
 263 230.920729  66.033278    25.109    25.173  5 57263.78521348 34.459
 264 230.916799  66.034698    25.549    25.553  4 57273.70085171 51.938
 265 230.916979  66.036447    25.051    24.952  5 57283.61650910 41.539
 266 230.917353  66.036671    81.132    81.155  4 57293.53216374 18.869
 267 230.918141  66.035404    24.724    24.722  4 57303.44781487 39.936
 268 230.919217  66.033768    24.507    24.504  5 57313.36346218 30.400
 269 230.919345  66.033080    79.162    78.359  5 57323.27910619 25.601
 270 230.919872  66.033489    76.413    78.114  5 57333.19474829 25.675
 271 230.916643  66.034077    79.324    79.182  5 57343.11038809 21.538
 272 230.920173  66.034049    79.223    78.931  5 57353.02604116 23.072
 273 230.919336  66.032912    78.531    78.595  5 57362.94168521 19.858
 274 230.916516  66.031410    79.126    79.214  5 57372.85732575 19.956
 275 230.915658  66.031294    78.628    78.604  5 57382.77296466 20.900
 276 230.919017  66.032422    79.021    78.911  4 57392.68860351 22.411
 277 230.918760  66.033662    78.627    78.687  4 57402.60424109 23.134
 278 230.918288  66.034143    79.304    79.272  4 57412.51988467 22.816
 279 230.918464  66.033972    79.084    79.329  5 57422.43553640 22.176
 280 230.920210  66.034000    79.283    79.347  5 57432.35118555 22.646
 281 230.917010  66.034533    79.052    79.368  4 57442.26683242 22.524
 282 230.916966  66.035596    79.369    79.451  5 57452.18247886 21.386
 283 230.916282  66.036180    79.504    79.631  4 57462.09812362 21.290
 284 230.918260  66.035697    79.434    79.355  4 57472.01376509 21.359
 285 230.919270  66.034498    79.214    79.310  5 57481.92940255 19.308
 286 230.918035  66.033226    79.300    79.423  4 57491.84503676 18.091
 287 230.918715  66.032917    80.288    80.338  5 57501.76066910 16.795
 288 230.917626  66.033125    25.669    25.631  4 57511.67631810 38.599
 289 230.916853  66.033276    27.320    27.280  5 57521.59197336 52.943
 290 230.920461  66.033022    26.015    26.051  5 57531.50762656 51.918
 291 230.918787  66.032206    25.953    25.866  4 57541.42327596 42.417
 292 230.919418  66.031772    26.488    26.565  5 57551.33892272 40.868
 293 230.920644  66.032191    26.183    26.189  5 57561.25456813 49.427
 294 230.917988  66.033058    25.753    25.802  5 57571.17021276 32.998
 295 230.918246  66.033816    25.441    25.410  5 57581.08585754 33.489
 296 230.917017  66.033980    25.543    25.641  5 57591.00150042 30.386
 297 230.918884  66.033981    25.805    25.815  5 57600.91714084 52.027
