# NaN NaN NaN ;Mean Elev.(m), Avg Gradient(m/km), RMS Gradient(m/km) - SRTM1     
#   10.035  -0.182  11.432 ;Mean Elev.(m), Avg Gradient(m/km), RMS Gradient(m/km) - ASTER GDEM
#   29.000  -0.241   8.925 ;Mean Elev.(m), Avg Gradient(m/km), RMS Gradient(m/km) - GMTED2010 
   1 230.921493  65.891394    80.950    79.755  3 54668.85335802 12.874
   2 230.920824  65.892255    78.717    78.675  3 54678.76900221 16.179
   3 230.921604  65.893749    -7.252    -7.248  3 54688.68464534  7.920
   4 230.923016  65.894524    78.950    78.693  3 54698.60028647 11.156
   5 230.921107  65.893400    -1.000    -0.973  3 54708.51592937  9.565
   6 230.926436  65.891862    79.262    79.334  3 54718.43158142 14.597
   7 230.925412  65.889922     8.526     8.244  4 54728.34723031 10.697
   8 230.925884  65.889592    79.741    79.837  3 54738.26287782 14.949
   9 230.926775  65.890684    78.763    78.577  3 54748.17852527 20.911
  10 230.922463  65.891618    75.449    75.565  3 54758.09417192 24.835
  11 230.925718  65.891890    76.468    76.354  3 54768.00981709 20.382
  12 230.924605  65.890423    76.584    76.734  3 54777.92545845 19.413
  13 230.926134  65.888951    77.216    76.823  3 54787.84109763 19.323
  14 230.929046  65.888817    76.157    76.160  3 54797.75673592 18.816
  15 230.925373  65.889935    76.975    77.109  4 54807.67237353 18.520
  16 230.923207  65.891328    76.842    76.687  3 54817.58801071 15.314
  17 230.920394  65.892158    76.379    76.558  3 54827.50366040 15.318
  18 230.926364  65.892559    75.336    75.529  3 54837.41929997 14.630
  19 230.924089  65.892753    75.773    76.053  3 54847.33494913 13.102
  20 230.922661  65.893344    75.671    75.719  3 54857.25059782 13.631
  21 230.918715  65.894079    75.988    76.357  3 54867.16624635 12.582
  22 230.923256  65.894326    75.491    75.534  3 54877.08189502 12.811
  23 230.922625  65.893107    75.752    75.752  2 54886.99754016 12.723
  24 230.925991  65.891416    75.616    75.666  3 54896.91318225 12.860
  25 230.923932  65.890045    76.375    76.309  3 54906.82882120 11.675
  26 230.927068  65.890200    75.893    75.825  3 54916.74445946 11.663
  27 230.924703  65.890687    75.957    76.115  3 54926.66009706 11.333
  28 230.926709  65.891058    75.947    75.768  3 54936.57573443 11.475
  29 230.923320  65.890324    82.306    82.393  3 54946.49136940  5.426
  30 230.927009  65.889239    86.836    86.999  3 54956.40700264 19.771
  31 230.928256  65.888733    86.366    86.400  3 54966.32265138 18.183
  32 230.926895  65.889123    78.094    74.161  3 54976.23829899 27.193
  33 230.925494  65.890350    86.071    86.026  3 54986.15394660 14.654
  34 230.922278  65.891307    29.168    29.207  3 54996.06959411 45.853
  35 230.925130  65.892131    79.355    79.272  3 55005.98524056 12.321
  36 230.923289  65.892351    86.106    86.208  3 55015.90088436 12.437
  37 230.921123  65.892632    72.945    72.146  3 55025.81652671 27.689
  38 230.920213  65.893487    97.734   100.221  3 55035.73216871 26.677
  39 230.924616  65.894056    82.456    85.801  3 55045.64781037 17.674
  40 230.921419  65.892919    87.004    86.965  3 55055.56344949 15.391
  41 230.924084  65.891022    90.697    86.664  3 55065.47908682 25.001
  42 230.925907  65.889821    84.580    86.175  4 55075.39473524 18.525
  43 230.928694  65.889845    83.355    83.391  3 55085.31038335 15.732
  44 230.925725  65.890520   100.594   100.568  3 55095.22602935 24.623
  45 230.924735  65.891063    86.419    86.538  3 55105.14167535 18.783
  46 230.925172  65.890930    79.010    78.949  3 55115.05732121 22.251
  47 230.925643  65.890023    76.402    75.575  3 55124.97296464 24.181
  48 230.924539  65.889172    75.823    75.711  3 55134.88860524 25.204
  49 230.926149  65.889113    75.235    75.450  3 55144.80424396 25.679
  50 230.924005  65.889879    77.059    77.191  3 55154.71988167 21.263
  51 230.926360  65.890981    76.430    76.354  3 55164.63552009 18.467
  52 230.922300  65.891506    76.653    76.439  3 55174.55115769 18.048
  53 230.923448  65.891588    76.308    76.397  3 55184.46679729 17.214
  54 230.922388  65.891958    76.289    76.262  3 55194.38244835 16.761
  55 230.921120  65.892845    76.038    75.964  3 55204.29809813 16.475
  56 230.920868  65.894048    75.690    75.748  3 55214.21374737 16.026
  57 230.920250  65.894249    75.820    75.938  3 55224.12939607 14.297
  58 230.921822  65.892935    75.930    75.896  3 55234.04504321 14.620
  59 230.925940  65.890781    75.980    75.896  3 55243.96068732 14.559
  60 230.924458  65.889055    76.266    76.029  3 55253.87632787 14.310
  61 230.928797  65.889604    75.964    75.648  3 55263.79196704 13.923
  62 230.922508  65.890826    76.370    76.547  3 55273.70760432 13.781
  63 230.923315  65.891601    76.147    76.130  3 55283.62324177 13.609
  64 230.922994  65.890499    76.537    76.388  3 55293.53887767 13.217
  65 230.927549  65.888851    80.157    80.185  4 55303.45451482  0.519
  66 230.927221  65.887929    86.621    86.624  3 55313.37016229 20.616
  67 230.926727  65.888820    84.627    86.329  4 55323.28580768 19.676
  68 230.923562  65.890489    74.577    71.917  3 55333.20145159 28.127
  69 230.923797  65.891920    94.217    97.719  4 55343.11709571 27.155
  70 230.921639  65.891847    81.676    79.526  3 55353.03273919 14.458
  71 230.922826  65.891520    79.514    79.613  3 55362.94838082 13.684
  72 230.922224  65.891567    73.277    71.712  3 55372.86402039 25.741
  73 230.925060  65.892693    74.946    74.476  3 55382.77965896 25.648
  74 230.919334  65.893356    80.207    80.243  3 55392.69529597 14.441
  75 230.919918  65.893312    80.439    80.567  3 55402.61093199 12.875
  76 230.923617  65.891930    69.937    69.909  3 55412.52658378 24.277
  77 230.926291  65.889682    79.603    79.596  4 55422.44223323 14.097
  78 230.929475  65.888357    80.127    79.654  3 55432.35788006 15.631
  79 230.924205  65.888903    80.671    80.554  3 55442.27352423 14.741
  80 230.923578  65.890681    69.403    68.582  3 55452.18916737 27.148
  81 230.921689  65.891779    76.639    75.750  3 55462.10480961 21.244
  82 230.925492  65.890998    76.156    75.782  3 55472.02045064 22.455
  83 230.927426  65.889100    76.804    76.917  3 55481.93608861 23.966
  84 230.927393  65.887642    76.167    77.914  4 55491.85172415 24.084
  85 230.927664  65.888411    78.138    78.790  3 55501.76735797 21.561
  86 230.925164  65.890571    76.459    77.006  4 55511.68300229 20.413
  87 230.921614  65.892321    76.781    76.908  3 55521.59865161 17.772
  88 230.921327  65.892769    76.674    76.863  3 55531.51429997 14.769
  89 230.925883  65.892322    75.562    75.677  3 55541.42994711 14.526
  90 230.925620  65.891872    75.561    75.725  3 55551.34559172 14.951
  91 230.925439  65.892647    75.431    75.646  3 55561.26123490 15.575
  92 230.920784  65.893635    75.700    75.775  3 55571.17687693 15.139
  93 230.923343  65.893905    75.289    75.388  3 55581.09251849 15.037
  94 230.921725  65.891843    76.036    76.014  3 55591.00815655 14.703
  95 230.928426  65.889325    76.037    76.242  3 55600.92379215 13.759
  96 230.927502  65.887499    77.071    77.195  4 55610.83942487 12.169
  97 230.929892  65.888333    80.304    80.203  3 55620.75505687  8.954
  98 230.922561  65.890382    79.588    79.971  3 55630.67070872  9.862
  99 230.926546  65.891954    78.260    78.418  3 55640.58635996  9.996
 100 230.924992  65.890938    79.337    79.635  3 55650.50200802  9.677
 101 230.926810  65.888775    79.593    79.869  3 55660.41765280  9.377
 102 230.928550  65.887785    78.693    78.922  3 55670.33329417  9.135
 103 230.925350  65.888693    79.436    79.308  3 55680.24893333  8.325
 104 230.922429  65.890878    77.194    77.173  3 55690.16457069  6.129
 105 230.924976  65.892694    85.496    85.919  3 55700.08020698 21.139
 106 230.921466  65.892579    97.736   100.104  3 55709.99584582 25.974
 107 230.923232  65.891992    81.777    79.506  3 55719.91149623 18.510
 108 230.923448  65.891764    70.020    69.873  3 55729.82714423 25.780
 109 230.922985  65.892187    74.924    74.917  3 55739.74279084 29.799
 110 230.925529  65.893046    73.354    73.071  3 55749.65843650 28.818
 111 230.925753  65.892919    71.971    71.598  3 55759.57407954 24.669
 112 230.925601  65.891570    76.918    79.366  3 55769.48971967 15.619
 113 230.926510  65.889431    79.312    79.533  3 55779.40535660 16.090
 114 230.927361  65.888009    79.573    79.738  3 55789.32099100 17.513
 115 230.929165  65.888441    73.071    70.833  3 55799.23662436 22.755
 117 230.927202  65.891452    70.485    71.145  3 55819.06791960 25.781
 118 230.927665  65.891048    80.872    81.121  3 55828.98356428 13.985
 119 230.924749  65.889152    72.065    68.271  3 55838.89920418 23.818
 120 230.928518  65.888060    79.182    79.051  3 55848.81484165 17.844
 121 230.927985  65.888816    75.453    75.483  3 55858.73047670 26.383
 122 230.927560  65.891192    75.907    76.341  3 55868.64612459 20.875
 123 230.924672  65.893073    75.763    76.140  3 55878.56177593 18.792
 124 230.924272  65.893472    75.576    75.428  3 55888.47742085 18.781
 125 230.921363  65.892506    76.271    76.443  3 55898.39305973 18.813
 126 230.923449  65.891798    75.885    76.005  3 55908.30869412 17.536
 127 230.926690  65.892307    75.759    75.337  3 55918.22434294 17.972
 128 230.921742  65.892499    75.696    75.610  3 55928.13999558 18.656
 129 230.922704  65.892234    75.850    75.740  3 55938.05564525 15.263
 130 230.925564  65.890891    75.496    75.325  3 55947.97129013 14.809
 131 230.927453  65.889449    75.748    75.892  3 55957.88693038 13.074
 132 230.926568  65.888825    76.137    76.214  4 55967.80256793 11.996
 133 230.927809  65.889614    75.565    75.683  3 55977.71820483 11.998
 134 230.922650  65.890214    76.256    76.246  3 55987.63384048 12.388
 135 230.925268  65.890633    75.842    75.891  4 55997.54948003 12.057
 136 230.924413  65.890106    76.108    76.045  3 56007.46513122 12.361
 137 230.928213  65.889439    75.791    75.852  3 56017.38077865 11.957
 138 230.924770  65.889284    76.597    76.420  3 56027.29642255 11.672
 139 230.925987  65.890459    76.542    76.687  3 56037.21206528 10.221
 140 230.925374  65.891884    84.466    84.200  3 56047.12770591  2.860
 141 230.924434  65.892815    77.834    79.343  3 56057.04334370  8.205
 142 230.923851  65.892774    87.972    87.994  3 56066.95897718 25.529
 143 230.926034  65.892726    93.206    96.596  3 56076.87462589 26.961
 144 230.924811  65.892713    79.587    79.533  3 56086.79027473 15.948
 145 230.923879  65.892702    79.434    79.463  3 56096.70592115 14.421
 146 230.923367  65.892259    73.688    73.623  3 56106.62156544 26.757
 147 230.922557  65.891041    79.624    79.609  3 56116.53719526 11.816
 149 230.924508  65.888889    73.588    75.496  3 56136.36846708 20.986
 150 230.925024  65.889170    71.066    71.231  3 56146.28411073 28.591
 152 230.923969  65.890738    79.395    79.446  3 56166.11540888 15.159
 153 230.925320  65.890730    82.344    80.339  3 56176.03105533 16.538
 154 230.923893  65.890008    93.233    94.904  3 56185.94669651 30.369
 155 230.924005  65.889367    86.468    86.374  3 56195.86233406 17.556
 156 230.926320  65.889900    90.466    86.262  3 56205.77796885 26.414
 157 230.924533  65.891055    78.897    78.938  4 56215.69360180 22.914
 158 230.925337  65.892510    75.409    75.224  3 56225.60924102 24.103
 159 230.921537  65.892850    76.403    76.124  3 56235.52489605 23.060
 160 230.921278  65.892580    76.196    76.269  3 56245.44054749 20.160
 161 230.921856  65.892318    76.039    76.090  3 56255.35619393 20.949
 162 230.920135  65.892574    76.348    76.548  3 56265.27183624 20.157
 163 230.920586  65.892984    76.362    76.706  3 56275.18747704 18.718
 164 230.922879  65.892560    75.855    75.825  3 56285.10312273 19.082
 165 230.922116  65.890858    76.714    76.577  3 56295.01877331 17.764
 166 230.924799  65.889175    76.617    76.540  3 56304.93442000 17.812
 167 230.926602  65.888908    76.492    76.289  4 56314.85006300 17.653
 168 230.928219  65.890276    76.149    76.118  3 56324.76570405 17.299
 169 230.922364  65.891347    76.799    77.202  3 56334.68134363 16.867
 170 230.924051  65.891450    76.440    76.540  3 56344.59698300 16.200
 171 230.928001  65.890442    75.884    76.525  3 56354.51262023 16.327
 172 230.924563  65.889114    76.528    76.561  3 56364.42826434 13.141
 173 230.925146  65.889436    76.998    76.716  3 56374.34391330 13.035
 175 230.924915  65.893023    76.359    76.197  3 56394.17520334 11.843
 176 230.921861  65.893563    75.800    75.800  2 56404.09084516 12.009
 177 230.919876  65.893107    75.960    76.090  3 56414.00648406  9.617
 178 230.922188  65.892078    82.255    82.322  3 56423.92211842  2.531
 179 230.924005  65.891964    77.657    77.676  3 56433.83776358 29.354
 180 230.921875  65.892457    86.815    86.805  3 56443.75341564 21.230
 181 230.922597  65.893393    86.461    86.421  3 56453.66906542 17.372
 182 230.925103  65.892994    92.243    86.855  3 56463.58471259 21.913
 183 230.927501  65.891280    86.396    86.363  3 56473.50035631 17.108
 184 230.929201  65.889234    86.172    86.340  3 56483.41599656 18.964
 185 230.926686  65.888559   101.245   101.204  3 56493.33163310 28.690
 186 230.926070  65.889792    86.381    86.428  4 56503.24726757 20.098
 187 230.924101  65.891356    84.167    86.021  3 56513.16290033 17.421
 188 230.926015  65.892000    84.260    86.388  3 56523.07854960 15.141
 189 230.922484  65.890710    84.914    86.586  3 56532.99420138 18.748
 191 230.928754  65.889718    86.180    86.053  3 56552.82549513 17.440
 192 230.921870  65.891262    98.732   102.554  3 56562.74113727 28.799
 193 230.924814  65.893758    86.567    86.528  3 56572.65677910 16.058
 194 230.923513  65.894679    90.310    86.566  3 56582.57241846 16.723
 195 230.922669  65.893480    75.878    75.726  3 56592.48805337 25.393
 196 230.923333  65.892052    76.771    76.456  3 56602.40370421 26.786
 197 230.926809  65.891653    76.509    76.398  3 56612.31935388 19.798
 198 230.924571  65.892389    76.509    76.392  3 56622.23499871 15.396
 199 230.921367  65.893083    76.587    76.753  3 56632.15064053 15.219
 200 230.920320  65.892576    76.858    76.963  3 56642.06627824 14.217
 201 230.923325  65.890764    76.891    76.715  3 56651.98192771 14.390
 202 230.924982  65.888853    77.058    77.114  3 56661.89757763 15.252
 203 230.927681  65.888577    76.598    76.603  4 56671.81322468 14.660
 204 230.924493  65.890290    76.817    76.813  3 56681.72886948 13.828
 205 230.925169  65.892199    76.367    76.359  3 56691.64451264 13.881
 206 230.923746  65.892543    76.697    76.774  3 56701.56015174 13.090
 207 230.924322  65.890942    77.000    77.217  3 56711.47578607 12.833
 208 230.926080  65.889765    76.961    77.165  3 56721.39143081 12.513
 209 230.927291  65.890070    42.089    42.112  3 56731.30708256 14.419
 210 230.923012  65.891999    76.369    76.659  3 56741.22273016 13.385
 211 230.921727  65.894199    75.936    75.936  2 56751.13837377 13.890
 212 230.923190  65.895007    75.623    75.651  3 56761.05401255 12.960
 213 230.920541  65.893594    85.173    86.410  3 56770.96964423  3.453
 214 230.924090  65.892331    87.819    87.704  3 56780.88529856 22.950
 215 230.921065  65.891464    86.881    86.856  3 56790.80095315 20.571
 216 230.926568  65.892369    86.254    86.246  3 56800.71660545 19.523
 217 230.924939  65.893244    84.018    86.162  3 56810.63225021 16.319
 218 230.920467  65.892854    75.869    71.811  3 56820.54788989 23.101
 219 230.924938  65.891388    71.474    70.576  3 56830.46352633 30.030
 220 230.925189  65.889137    27.783    27.734  3 56840.37915912 51.967
 221 230.929706  65.888640    79.475    79.603  3 56850.29479455 18.090
 222 230.926149  65.890020    72.856    70.500  4 56860.21044876 26.156
 223 230.922271  65.891965    69.145    68.740  3 56870.12610217 28.877
 224 230.925678  65.893037    71.047    67.403  3 56880.04175361 25.029
 225 230.924788  65.892190    82.215    80.169  3 56889.95740099 16.004
 226 230.925580  65.890934    80.061    80.130  3 56899.87304572 14.525
 227 230.922094  65.890973    80.141    80.058  3 56909.78868791 15.365
 228 230.926023  65.892849    79.817    80.182  3 56919.70432912 13.366
 229 230.920970  65.894401    97.669   100.174  3 56929.61996739 27.269
 230 230.920766  65.894748    76.616    76.505  3 56939.53560140 22.397
 231 230.920524  65.893593    75.615    75.544  3 56949.45123778 26.757
 232 230.924264  65.892371    75.712    75.712  3 56959.36689051 23.522
 233 230.925853  65.891715    76.030    76.114  3 56969.28253796 19.325
 234 230.924320  65.891808    76.195    76.182  3 56979.19818126 15.719
 235 230.925392  65.892301    75.970    76.332  3 56989.11382037 16.625
 236 230.924687  65.891785    75.982    75.986  3 56999.02945304 16.671
 237 230.926596  65.890960    76.362    76.209  3 57008.94510461 16.658
 238 230.924735  65.889668    76.415    76.597  3 57018.86075713 16.502
 239 230.925483  65.889511    76.657    76.566  3 57028.77640678 15.997
 240 230.927922  65.890714    76.567    76.520  3 57038.69205494 16.012
 241 230.926737  65.891974    75.909    75.965  3 57048.60770036 15.693
 242 230.920898  65.892153    76.260    76.100  3 57058.52334144 14.231
 243 230.921870  65.891615    76.251    76.237  3 57068.43897746 14.845
 244 230.926302  65.891257    76.180    76.108  3 57078.35460951 13.064
 245 230.922295  65.891229    76.624    76.904  3 57088.27024367 13.495
 246 230.922741  65.892894    76.303    76.140  3 57098.18590225 12.897
 247 230.920945  65.894246    76.162    76.232  3 57108.10155768 11.843
 248 230.919147  65.894266    76.189    76.065  3 57118.01720797 12.173
 249 230.921788  65.893398    76.471    76.448  3 57127.93285249 11.372
 250 230.921822  65.892207    76.588    76.588  2 57137.84849128  2.180
 251 230.922683  65.891690    78.472    78.575  3 57147.76412625 11.672
 252 230.926539  65.891796    86.798    86.620  3 57157.67975899 20.300
 253 230.924957  65.891651    84.030    85.920  3 57167.59540520 17.788
 254 230.923343  65.891219    80.065    79.934  3 57177.51106133 16.164
 255 230.926584  65.890599    76.509    79.412  3 57187.42671384 22.570
 256 230.923625  65.889990    79.459    79.404  3 57197.34236167 17.586
 257 230.922779  65.890280    79.906    79.886  3 57207.25799609 15.085
 258 230.922852  65.891183    76.489    79.413  3 57217.17364093 21.503
 259 230.921157  65.891662    79.621    79.604  3 57227.08928453 15.447
 260 230.923464  65.891851    71.213    71.549  3 57237.00492639 27.800
 261 230.926336  65.891771    79.269    79.247  3 57246.92056484 13.507
 262 230.922991  65.891662    84.097    85.690  3 57256.83620014 15.416
 263 230.925669  65.892758    83.529    82.994  3 57266.75183481 13.281
 264 230.920033  65.893535    86.685    86.813  3 57276.66747982 15.330
 265 230.919648  65.894005    86.851    86.790  3 57286.58313649 15.824
 266 230.921649  65.893458    86.619    86.643  3 57296.49879045 18.559
 267 230.920269  65.892349    78.821    78.849  3 57306.41444045 18.765
 268 230.926390  65.892265    77.674    78.192  3 57316.33008735 18.824
 269 230.924828  65.892371    75.733    75.663  3 57326.24573033 22.909
 270 230.921726  65.892418    76.500    76.631  3 57336.16137113 17.856
 271 230.925551  65.892190    76.204    76.499  3 57346.07701845 19.307
 272 230.925546  65.891033    76.591    76.576  3 57355.99266575 18.823
 273 230.924831  65.889984    77.895    78.186  3 57365.90830926 15.991
 274 230.924847  65.889877    76.586    76.636  3 57375.82394952 16.072
 275 230.927316  65.890967    76.262    76.544  3 57385.73958816 17.270
 276 230.926678  65.891757    76.102    75.935  3 57395.65522597 17.529
 277 230.925461  65.891865    75.976    75.843  3 57405.57086270 18.369
 278 230.923469  65.891334    76.496    76.344  3 57415.48651150 18.105
 279 230.923460  65.891249    76.385    76.306  3 57425.40216278 18.290
 280 230.926375  65.892291    76.196    76.556  3 57435.31781139 16.275
 281 230.922323  65.893744    76.060    76.143  3 57445.23345768 16.675
 282 230.920231  65.894799    75.801    75.770  3 57455.14910338 17.302
 283 230.918579  65.894429    75.993    75.929  3 57465.06474711 17.014
 284 230.924890  65.892917    75.958    75.878  3 57474.98038775 15.255
 285 230.923704  65.891035    76.673    76.469  3 57484.89602420 15.128
 286 230.926047  65.890712    76.284    76.073  3 57494.81165827 15.261
 287 230.922552  65.891472    86.071    85.888  3 57504.72729001  2.645
 288 230.923833  65.892565    92.546    88.352  3 57514.64294624 18.985
 289 230.926338  65.892112    78.097    78.942  3 57524.55860069 22.731
 290 230.924911  65.890216    86.912    86.544  3 57534.47425242 19.165
 291 230.927515  65.889092    69.440    68.353  3 57544.38990155 29.199
 292 230.924210  65.889438    86.380    86.318  3 57554.30554783 17.163
 293 230.924427  65.891284    86.877    86.604  3 57564.22119298 16.133
 295 230.924043  65.892601    72.685    72.763  3 57584.05248158 30.115
 296 230.922148  65.891584    79.725    79.703  3 57593.96812350 14.685
 297 230.924515  65.891299    79.331    79.415  3 57603.88376367 17.640
