# NaN NaN NaN ;Mean Elev.(m), Avg Gradient(m/km), RMS Gradient(m/km) - SRTM1     
#   27.617  -5.446  10.725 ;Mean Elev.(m), Avg Gradient(m/km), RMS Gradient(m/km) - ASTER GDEM
#   60.067  -5.116   9.326 ;Mean Elev.(m), Avg Gradient(m/km), RMS Gradient(m/km) - GMTED2010 
   1 233.751269  65.105280    79.232    79.274  7 54660.88879802 18.854
   2 233.762575  65.106973   197.138   197.138  2 54670.80444470  1.095
   3 233.744289  65.105756   -14.625   -12.557  8 54680.72008685 13.010
   4 233.742796  65.106332    93.839    94.871  8 54690.63572947 20.092
   5 233.746435  65.106488   -19.906   -15.877  8 54700.55137024 15.487
   6 233.747878  65.105295    95.994    95.506  8 54710.46701619 16.785
   7 233.751635  65.104546     3.755     3.630  7 54720.38266772  4.892
   9 233.752316  65.104081   194.457   194.512  7 54740.21396347  3.344
  10 233.751245  65.104583    83.046    80.021  6 54750.12961050 20.684
  11 233.750207  65.104899   162.940   162.923  7 54760.04525735  6.090
  12 233.751054  65.104589   194.246   194.234  6 54769.96090198  6.106
  13 233.752723  65.103827   193.892   193.888  7 54779.87654332  5.932
  14 233.755462  65.103188   200.640   202.138  6 54789.79218220  5.907
  15 233.755401  65.103233   200.498   201.929  6 54799.70781975  6.607
  16 233.754199  65.103846   200.100   199.579  7 54809.62345729  5.512
  17 233.753035  65.104605   178.239   178.145  6 54819.53909541  4.554
  18 233.757729  65.105961    84.783    80.830  4 54829.45474816 11.802
  19 233.748915  65.105489    86.680    82.157  7 54839.37038610 11.154
  20 233.747136  65.106324    88.839    87.572  8 54849.28603507 11.429
  21 233.742523  65.106995    88.287    86.046  9 54859.20168332  9.274
  22 233.737036  65.107088    91.353    94.221  9 54869.11733159  8.807
  23 233.740645  65.106749    88.041    84.633  8 54879.03297972  8.341
  24 233.746023  65.105369    93.289    92.776  7 54888.94862480  7.423
  25 233.753551  65.104420    99.420    99.377  7 54898.86426687  6.867
  26 233.751604  65.103935    88.876    87.744  7 54908.77990565  6.339
  27 233.751137  65.104743    90.005    89.354  6 54918.69554334  6.122
  28 233.747779  65.104765    91.017    91.619  7 54928.61118050  5.852
  29 233.751216  65.104183    96.679    96.837  6 54938.52681747  5.240
  30 233.754095  65.102806   101.486   101.275  6 54948.44245264  2.793
  31 233.755004  65.101648   162.687   162.715  7 54958.35808894  8.849
  32 233.754344  65.102192    49.219    48.787  7 54968.27373741 35.535
  33 233.753405  65.103515    99.351    99.975  7 54978.18938485 22.061
  34 233.752604  65.104651    56.606    57.460  7 54988.10503232 21.528
  35 233.750511  65.104782    99.088    99.342  6 54998.02067976 11.114
  36 233.751663  65.105101    95.520    94.288  7 55007.93632573 24.179
  37 233.751635  65.105520   100.258   100.399  7 55017.85196960 16.265
  38 233.746922  65.106039    98.367    98.826  8 55027.76761162 14.105
  39 233.742974  65.106825    96.158    96.755  9 55037.68325322 13.693
  40 233.741031  65.106722    94.359    94.199  8 55047.59889385 25.268
  41 233.746483  65.105636    95.034    93.650  8 55057.51453314 22.603
  42 233.749222  65.103226   183.096   184.508  3 55067.43017060  0.609
  43 233.755084  65.102617    44.209    44.208  6 55077.34582134 50.902
  44 233.753843  65.103078    93.395    92.996  7 55087.26146902 26.696
  45 233.751487  65.104517    95.127    92.463  7 55097.17711509 22.447
  46 233.748815  65.105296    99.424    99.479  7 55107.09276069 12.574
  47 233.751135  65.104911    89.983    90.811  6 55117.00840611 21.329
  48 233.754629  65.103477    95.611    96.326  6 55126.92404926 25.992
  49 233.754976  65.102203    94.333    94.086  7 55136.83968978 27.480
  50 233.754756  65.102494   198.017   201.629  7 55146.75532838 12.925
  51 233.753105  65.104023   202.206   202.230  6 55156.67096618 11.349
  52 233.750918  65.105076   200.755   201.864  7 55166.58660391  8.582
  53 233.747386  65.104879   201.246   201.314  7 55176.50224110  7.340
  54 233.751748  65.104675   201.922   201.824  7 55186.41788394  6.245
  55 233.750631  65.104827   200.424   201.469  7 55196.33353483  6.268
  56 233.746212  65.105755   200.748   200.855  8 55206.24918428  4.277
  57 233.739579  65.106765    90.337    91.377  9 55216.16483295 12.900
  58 233.737888  65.107071    84.418    83.791  9 55226.08048146 10.902
  59 233.743022  65.105984    83.512    82.354  8 55235.99612815 10.143
  61 233.754011  65.102392    98.936    99.053  6 55255.82741204  9.285
  62 233.753818  65.103003    91.868    94.605  7 55265.74305088  8.209
  63 233.751570  65.104840    83.960    83.763  6 55275.65868880  8.010
  64 233.747307  65.105211    95.583    97.511  7 55285.57432556  7.525
  65 233.750975  65.104160    95.012    95.296  7 55295.48996101  6.006
  66 233.755556  65.102169    78.494    79.327  6 55305.40560049 18.671
  67 233.757936  65.101374   160.541   160.933  6 55315.32124772  6.985
  68 233.756253  65.102342   100.301   100.167  6 55325.23689313 14.095
  69 233.751106  65.104086   162.970   162.849  6 55335.15253707  6.482
  70 233.748607  65.105558    96.785    99.081  8 55345.06818089 22.116
  71 233.746746  65.105423    97.956    98.910  8 55354.98382377 19.536
  72 233.747531  65.104910    97.591    98.190  7 55364.89946482 11.693
  73 233.749186  65.104757    86.529    88.513  7 55374.81510436 15.849
  74 233.748381  65.105275    99.031    99.304  8 55384.73074256 11.922
  75 233.746717  65.105871    97.425    98.428  8 55394.64637982 20.071
  76 233.746259  65.105865    92.455    92.278  7 55404.56201840 24.544
  77 233.749657  65.105132    92.850    91.288  7 55414.47767021 27.094
  78 233.752683  65.103262    95.712    93.730  7 55424.39331886 26.057
  79 233.754998  65.101870    90.929    90.684  7 55434.30896488 26.779
  80 233.755474  65.102539    43.713    43.811  7 55444.22460939 44.851
  81 233.752246  65.104072    99.980   100.278  6 55454.14025245 11.923
  82 233.749725  65.105351    80.865    83.839  7 55464.05589478 15.812
  83 233.749691  65.104580    97.046    97.960  7 55473.97153474 12.359
  84 233.753289  65.102684    43.097    43.080  7 55483.88717205 47.702
  85 233.755434  65.100978    42.963    43.168  7 55493.80280711 49.085
  86 233.755416  65.101433    96.110    98.900  6 55503.71844086 25.185
  87 233.752537  65.103753    92.087    91.177  7 55513.63408880 22.562
  88 233.747909  65.105581   201.590   201.777  8 55523.54973804  6.362
  89 233.745037  65.105970    83.686    81.024  8 55533.46538568 12.396
  90 233.748278  65.105724    81.064    80.688  8 55543.38103208 11.602
  91 233.748028  65.105237    82.061    81.341  7 55553.29667619 10.790
  92 233.746572  65.105688    81.115    81.249  7 55563.21231912 10.627
  93 233.744832  65.106269    93.734    94.861  8 55573.12796141  9.157
  94 233.747006  65.106205    81.181    80.699  8 55583.04360271 10.301
  95 233.749500  65.104625    80.839    80.733  7 55592.95924056 10.863
  96 233.754601  65.102780    90.167    93.985  7 55602.87487528  9.794
  97 233.756397  65.101531    86.851    85.155  6 55612.79050761  6.995
  99 233.753477  65.103560    88.564    88.878  7 55632.62179574  5.504
 100 233.750615  65.104247    89.721    88.227  7 55642.53744608  5.479
 101 233.753109  65.104146    95.652    95.891  7 55652.45309401  4.737
 102 233.755611  65.102847    94.160    94.139  6 55662.36873772  4.870
 103 233.754016  65.101926    97.686    97.720  6 55672.28437804  4.209
 104 233.755166  65.102774   100.633   100.787  7 55682.20001726  3.902
 105 233.752315  65.104117    93.312    94.456  6 55692.11565460 15.978
 106 233.748162  65.104877   164.636   164.632  7 55702.03129017 10.343
 107 233.746656  65.105146    96.810    96.517  7 55711.94693245 16.949
 108 233.750031  65.105569    98.556    99.545  7 55721.86258240 13.279
 109 233.748185  65.105422    96.913    99.307  7 55731.77822979 24.110
 110 233.746348  65.105415    94.587    94.373  8 55741.69387589 13.828
 111 233.747172  65.105634    92.632    92.394  7 55751.60952097 26.847
 112 233.747569  65.104971    86.133    87.443  7 55761.52516362 17.570
 113 233.753752  65.104415    95.780    96.053  6 55771.44080397 26.590
 114 233.755507  65.102898    93.612    91.603  6 55781.35644038 29.019
 115 233.754870  65.101969    90.050    92.408  6 55791.27207403 15.681
 116 233.753531  65.101911    92.393    92.481  6 55801.18770650 26.526
 117 233.753407  65.103265    94.469    94.024  6 55811.10335641 13.697
 118 233.751853  65.103783    94.755    94.444  6 55821.01900508 17.645
 119 233.753876  65.103541   100.591   100.630  6 55830.93464929 11.207
 120 233.753166  65.102219   100.232   100.366  6 55840.85028860 12.132
 121 233.754955  65.101893    48.307    48.534  6 55850.76592510 31.292
 122 233.753898  65.102677    83.557    79.968  6 55860.68155936 21.457
 123 233.751305  65.104494   201.831   201.953  6 55870.59721117  8.133
 124 233.749005  65.105584   184.267   185.097  7 55880.51286159  5.599
 125 233.746304  65.105440   199.792   200.516  8 55890.42850523  6.834
 126 233.746125  65.105017   199.248   200.509  7 55900.34414324  5.858
 127 233.752476  65.105537    79.610    79.737  5 55910.25977719 13.010
 128 233.747431  65.105761    94.105    94.111  7 55920.17542949 11.565
 129 233.746980  65.105672    91.254    91.115  8 55930.09108189  9.899
 130 233.750052  65.104781    89.573    90.571  6 55940.00673078  8.924
 131 233.754374  65.103535    92.716    94.328  7 55949.92237505 10.015
 132 233.753059  65.102575    86.615    83.579  7 55959.83801462 10.044
 133 233.753692  65.103106    90.233    90.022  7 55969.75365205  9.862
 134 233.753413  65.103952    94.383    94.720  7 55979.66928838  8.769
 135 233.753688  65.103887    82.589    82.333  7 55989.58492387  9.315
 136 233.753346  65.103201    90.886    94.280  7 55999.50056670  7.432
 137 233.755644  65.102874    92.727    93.840  6 56009.41621766  7.028
 138 233.754686  65.102714    87.065    86.178  7 56019.33186420  7.009
 139 233.754683  65.103690    91.364    92.759  6 56029.24750800  6.649
 140 233.749910  65.104597    99.580    99.601  7 56039.16314956  5.205
 141 233.746972  65.105125    99.453    99.648  7 56049.07878929  8.810
 142 233.747739  65.105440    92.983    93.508  8 56058.99442665 17.545
 143 233.749866  65.104932   165.739   165.958  7 56068.91006090  8.088
 144 233.748309  65.105074    96.665    99.762  7 56078.82571197 26.535
 145 233.745728  65.105462    99.320    99.378  8 56088.74136021 14.095
 146 233.744780  65.106004    95.543    95.803  8 56098.65700609 28.171
 147 233.747358  65.105693    97.126    98.475  7 56108.57264990 24.697
 148 233.752938  65.104413    94.852    92.816  6 56118.48827949 28.825
 149 233.754377  65.102380    95.041    94.222  6 56128.40391658 27.388
 150 233.755022  65.101437    94.145    94.081  6 56138.31955018 26.266
 151 233.752561  65.102592    90.638    91.256  6 56148.23519731 12.121
 152 233.750761  65.104249    96.655    97.760  7 56158.15084643 11.625
 153 233.750896  65.104896    94.082    98.875  7 56168.06649460 12.797
 154 233.751858  65.103891    49.294    49.954  7 56177.98213992 19.498
 155 233.754273  65.102694    43.395    43.478  6 56187.89778080 42.402
 156 233.755855  65.102444    61.976    61.292  6 56197.81341815 15.983
 157 233.752183  65.103257    99.475   100.023  7 56207.72905213 12.884
 158 233.750442  65.104882    62.092    52.759  7 56217.64468471 27.466
 159 233.745805  65.105583    93.564    94.779  8 56227.56032810 23.596
 160 233.745762  65.105498    96.655    97.726  7 56237.47598254 18.623
 161 233.746981  65.104976   193.310   193.308  7 56247.39163321 11.710
 162 233.750836  65.105214   196.288   193.898  7 56257.30727916 11.605
 163 233.747679  65.105680   197.178   197.958  8 56267.22292110 10.031
 164 233.745027  65.106033   199.909   200.782  8 56277.13856143  6.332
 165 233.746671  65.105929    93.769    96.099  7 56287.05420938 11.792
 166 233.753171  65.104686    86.710    82.511  6 56296.96985949 11.833
 167 233.754109  65.102592    83.586    82.374  7 56306.88550506 11.442
 168 233.753850  65.102027   201.630   201.644  7 56316.80114762  2.012
 169 233.754333  65.103833    86.034    81.759  6 56326.71678876 10.064
 170 233.750023  65.105104    83.777    82.983  7 56336.63242843  9.225
 171 233.751736  65.105421    86.484    87.137  7 56346.54806708  8.659
 172 233.754190  65.103879    99.158    99.158  6 56356.46370320  7.999
 173 233.754367  65.102420    93.105    90.033  7 56366.37935057  8.105
 176 233.741836  65.105785    88.122    87.005  8 56396.12628756  6.422
 177 233.747808  65.107506    99.928    99.944  7 56406.04192969  5.011
 178 233.746029  65.106472    99.225    99.200  8 56415.95756754  5.111
 179 233.749779  65.104929    96.321    96.277  7 56425.87320106 14.622
 180 233.750093  65.104552   166.492   166.542  6 56435.78885037 11.188
 181 233.750388  65.105554    45.584    45.438  7 56445.70450226 50.160
 182 233.746693  65.106472    96.220    95.078  8 56455.62015140 24.798
 183 233.745810  65.106216    95.856    96.301  8 56465.53579766 19.094
 184 233.750028  65.104753    94.661    94.309  6 56475.45144054 27.877
 185 233.754494  65.102680    73.829    73.674  6 56485.36707993 14.276
 186 233.755621  65.101831    99.487   100.315  6 56495.28271620 11.733
 187 233.752660  65.102647    93.893    93.570  6 56505.19835047 28.320
 188 233.751311  65.104234    92.669    92.242  6 56515.11398343 23.267
 189 233.749235  65.105034    82.486    79.732  7 56525.02963665 17.838
 190 233.752256  65.104459    80.912    84.233  6 56534.94528796 16.068
 192 233.752419  65.103006    43.635    43.560  6 56554.77657957 40.766
 193 233.751103  65.104762    98.188    99.859  7 56564.69222233 12.742
 194 233.742135  65.106023    97.660    98.683  8 56574.60786301 11.732
 195 233.740527  65.106750    93.608    92.366  8 56584.52350153 26.506
 196 233.747313  65.106361    71.683    70.939  8 56594.43913735 19.381
 197 233.748325  65.105348    79.479    79.478  8 56604.35479050 24.259
 198 233.751757  65.105082    81.846    81.122  7 56614.27043913 19.754
 199 233.749462  65.105231    80.771    80.265  7 56624.18608340 16.273
 200 233.748864  65.105696   175.796   178.138  7 56634.10172504  6.357
 201 233.750388  65.105503   201.685   201.650  7 56644.01736203  5.989
 202 233.750640  65.104366   201.545   201.378  7 56653.93301460  4.649
 203 233.753670  65.103140    87.793    87.314  7 56663.84866369  9.914
 204 233.753221  65.102469    85.271    83.446  7 56673.76430974  9.697
 205 233.752918  65.103759   178.703   178.610  7 56683.67995464  0.458
 206 233.761409  65.106422   187.480   187.868  4 56693.59559830  1.113
 207 233.748334  65.105276    84.966    85.559  7 56703.51123547  9.786
 208 233.751944  65.104376    88.242    85.731  7 56713.42686891  9.470
 209 233.753848  65.103816    41.558    41.505  6 56723.34251771 16.730
 210 233.751949  65.103957    91.405    92.783  6 56733.25816825  7.937
 211 233.747608  65.105370    91.820    92.422  7 56743.17381523  7.736
 212 233.743395  65.106747    92.350    91.832  9 56753.08945789  7.388
 213 233.739710  65.106698    97.162    97.195  9 56763.00509518  6.395
 214 233.745856  65.106135    98.150    98.034  8 56772.92072812  9.231
 215 233.746877  65.105591    87.368    91.244  7 56782.83638586 21.493
 216 233.746984  65.105334    45.331    45.430  8 56792.75203983 48.347
 217 233.746804  65.105781    45.266    45.411  8 56802.66769100 44.369
 218 233.743823  65.105605    96.007    94.973  8 56812.58333404 26.133
 219 233.746194  65.105274    93.895    94.991  7 56822.49897385 12.100
 220 233.751898  65.104439    44.798    44.819  6 56832.41460974 54.112
 221 233.754547  65.103092    87.218    81.866  6 56842.33024195 15.040
 222 233.754958  65.102851    45.143    45.167  7 56852.24588134 43.799
 223 233.753472  65.103981    89.963    89.876  6 56862.16153553 23.896
 224 233.751946  65.105276    99.836    99.918  7 56872.07718917  9.516
 225 233.745971  65.105079    93.192    91.568  7 56881.99283927 20.023
 226 233.748345  65.105169    92.304    91.927  7 56891.90848649 27.349
 227 233.750897  65.105121    97.973    99.159  7 56901.82413068 13.025
 228 233.748114  65.105583    93.548    92.413  8 56911.73977243 25.530
 229 233.743902  65.106144    91.768    90.971  8 56921.65541244 24.341
 230 233.739571  65.106442    98.086    98.560  9 56931.57105020 11.615
 231 233.743618  65.106477    91.411    93.453  9 56941.48668355 14.910
 232 233.744415  65.105644    76.406    79.860  8 56951.40232492 25.365
 233 233.747368  65.105453    80.638    80.300  8 56961.31797648 16.308
 234 233.748243  65.105447    93.690    94.911  7 56971.23362294 18.671
 235 233.749100  65.105502    81.136    80.501  7 56981.14926538 12.505
 236 233.751381  65.105268   201.959   201.860  7 56991.06490352  5.367
 237 233.753125  65.104005    81.213    81.608  6 57000.98053520 12.897
 238 233.754125  65.103748    81.904    82.130  7 57010.89619229 12.588
 239 233.753707  65.103446   195.812   193.429  7 57020.81184412  6.669
 240 233.752191  65.103982   197.817   198.037  6 57030.72749294  4.765
 241 233.750762  65.104727    89.136    83.419  7 57040.64313993 10.382
 242 233.751199  65.105425    93.185    90.841  7 57050.55878495  8.566
 243 233.749167  65.104763    92.180    94.033  7 57060.47442555  8.827
 244 233.751085  65.104327    91.354    97.691  7 57070.39006093  8.399
 245 233.751058  65.104158    87.356    86.559  6 57080.30569184  7.832
 246 233.748364  65.104985    92.375    94.880  7 57090.22133172  6.723
 247 233.743876  65.106463    97.631    98.333  8 57100.13698927  6.624
 248 233.739886  65.106832    95.535    95.976  9 57110.05264374  6.477
 249 233.744746  65.106607    95.552    95.794  8 57119.96829345  6.394
 250 233.747219  65.105554    98.421    98.442  8 57129.88393700  2.681
 251 233.751236  65.105458   100.201   100.121  7 57139.79957535 10.512
 252 233.747104  65.105161    99.300    99.437  7 57149.71520936 14.936
 253 233.748947  65.105246    94.190    92.897  8 57159.63084101 27.426
 254 233.751771  65.105035    99.314    99.289  7 57169.54649270 14.011
 255 233.753874  65.104130    94.606    93.011  7 57179.46214845 26.940
 256 233.754615  65.103308    99.528    99.490  6 57189.37780003 11.673
 257 233.752835  65.103559    92.248    92.246  6 57199.29344775 27.056
 258 233.749685  65.104532    68.656    66.546  7 57209.20908173 17.865
 259 233.746469  65.105165    94.095    95.507  7 57219.12472573 15.392
 260 233.750033  65.105419    96.211    93.625  7 57229.04036932 13.107
 261 233.751036  65.104779    93.401    93.262  6 57238.95601042 26.593
 262 233.752398  65.104354    99.115    99.338  6 57248.87164846 13.170
 263 233.752124  65.104882   100.104   100.035  7 57258.78728396 11.484
 264 233.747714  65.105716    98.084    99.879  8 57268.70291782 18.102
 265 233.740166  65.106374    89.731    88.229  9 57278.61856707 25.421
 266 233.740627  65.106645    94.735    92.576  8 57288.53422309 23.199
 267 233.742555  65.105777    96.555    93.616  8 57298.44987632 26.821
 268 233.748620  65.105020    92.033    90.563  7 57308.36552633 24.657
 269 233.748287  65.104794    92.256    93.226  7 57318.28117218 19.173
 270 233.746470  65.105421    88.961    96.260  8 57328.19681484 23.501
 271 233.746916  65.106363   198.278   196.988  8 57338.11245556  8.863
 272 233.745924  65.105733   196.049   193.719  7 57348.02810388 10.031
 273 233.751892  65.104585   199.133   200.150  6 57357.94375079  8.410
 274 233.755435  65.103188   199.428   199.308  6 57367.85939413  9.115
 275 233.755565  65.103208   201.677   201.679  6 57377.77503424  8.189
 276 233.752562  65.104490   201.964   202.116  7 57387.69067238  7.166
 277 233.746460  65.105062   199.329   200.346  7 57397.60630939  6.139
 278 233.746266  65.104811    86.231    81.601  7 57407.52194548 13.799
 279 233.751846  65.104604    86.557    83.008  7 57417.43759818 12.495
 280 233.752842  65.104304    82.228    82.422  6 57427.35324904 11.585
 281 233.750827  65.105313    87.770    86.859  7 57437.26889697  9.628
 282 233.741496  65.106478    92.185    93.050  8 57447.18454279  9.074
 283 233.736199  65.107384    85.335    84.644  9 57457.10018797  8.991
 284 233.740088  65.107245    86.470    84.422  9 57467.01583144  8.547
 285 233.746856  65.105522    93.107    95.883  8 57476.93147112  7.649
 286 233.752132  65.103805    97.054    98.666  6 57486.84710740  7.090
 287 233.752237  65.103217    98.161    98.119  6 57496.76274097  6.258
 288 233.750430  65.104272    85.476    86.817  6 57506.67837765 14.379
 289 233.748193  65.105595   161.727   161.798  8 57516.59403377  7.821
 290 233.747452  65.105229    96.861    96.375  7 57526.50968716 21.386
 291 233.752713  65.103886    99.746    98.533  7 57536.42533851 24.412
 292 233.754777  65.102628    99.767    99.782  7 57546.34098686 13.506
 293 233.752746  65.102743    96.321    96.992  6 57556.25663322 14.918
 294 233.750440  65.104545    94.464    94.645  6 57566.17227837 27.023
 295 233.747816  65.105943    88.130    90.051  8 57576.08792275 15.087
 296 233.744148  65.105709    82.766    80.396  8 57586.00356600 16.587
 297 233.748916  65.105302    49.016    49.115  8 57595.91920780 21.570
