# NaN NaN NaN ;Mean Elev.(m), Avg Gradient(m/km), RMS Gradient(m/km) - SRTM1     
#  106.300  -6.254  14.988 ;Mean Elev.(m), Avg Gradient(m/km), RMS Gradient(m/km) - ASTER GDEM
#  120.342  -8.759  13.581 ;Mean Elev.(m), Avg Gradient(m/km), RMS Gradient(m/km) - GMTED2010 
   2 238.160345  62.000917   173.447   173.570  7 54671.73966477 10.984
   4 238.157300  62.001931   169.771   170.567  8 54691.57095080 16.793
   6 238.164862  62.000985   163.171   158.770  7 54711.40223862 23.076
   7 238.163772  61.999787    -1.457    -1.522  7 54721.31788945  1.310
   8 238.165064  62.000294   160.162   159.749  7 54731.23353817 27.998
   9 238.163484  62.001131   170.150   172.532  7 54741.14918511 14.433
  10 238.161551  62.001458   165.925   167.943  7 54751.06483195 21.305
  11 238.160229  62.001146   176.791   176.308  7 54760.98047862 25.828
  12 238.163388  62.000921   174.224   174.808  7 54770.89612332 22.210
  13 238.166097  62.000432   174.147   173.652  7 54780.81176472 19.134
  14 238.167654  62.000004   175.677   175.638  7 54790.72740338 20.516
  15 238.163865  61.999259   176.092   176.531  7 54800.64304033  5.403
  16 238.163896  61.999815   172.171   171.993  7 54810.55867778  6.783
  17 238.163794  62.000179   112.266   112.259  7 54820.47431740 17.704
  18 238.163526  62.000762   112.390   112.345  7 54830.38996959 17.545
  19 238.159705  62.000777   112.353   112.306  7 54840.30560794 14.779
  20 238.157645  62.002197   173.086   173.082  7 54850.22125690  6.375
  21 238.152529  62.002824   119.279   115.428  8 54860.13690512  9.772
  22 238.153926  62.004255   116.999   117.137  8 54870.05255417 10.261
  23 238.154956  62.003213   114.051   112.146  7 54879.96820172 10.943
  24 238.160996  62.002030   147.124   147.202  7 54889.88384652  8.468
  25 238.161870  62.000111   159.334   159.760  7 54899.79948761  5.855
  26 238.160240  61.999945   173.387   174.210  7 54909.71512641  3.393
  27 238.160679  62.001507   174.015   173.882  7 54919.63076427  2.773
  28 238.160219  62.001624   173.802   173.865  7 54929.54640152  4.584
  30 238.181138  62.002525   169.463   169.463  2 54949.37767448  8.591
  31 238.173376  61.998557   170.046   169.176  8 54959.29331119 21.641
  32 238.169078  61.998720   181.763   182.168  8 54969.20895934 27.919
  33 238.163339  61.999284   165.995   162.227  7 54979.12460633 28.044
  34 238.161828  62.000522   172.197   173.460  7 54989.04025371 16.679
  35 238.163848  62.001450   169.698   169.048  7 54998.95590147 22.201
  36 238.163890  62.001546   161.986   161.009  7 55008.87154715 26.660
  37 238.162981  62.001584   173.356   173.227  7 55018.78719089 15.850
  38 238.159480  62.001987   173.210   173.449  7 55028.70283303 14.369
  39 238.155507  62.002363   164.831   165.011  7 55038.61847454 29.176
  40 238.155982  62.002512   164.226   167.625  8 55048.53411518 23.264
  41 238.161849  62.001718   162.245   159.058  7 55058.44975417 28.797
  42 238.165940  61.999457   164.585   159.126  7 55068.36539283 26.316
  43 238.167708  61.998643   181.313   180.052  7 55078.28104284 28.733
  44 238.163844  61.998782   165.324   169.050  7 55088.19669023 25.509
  45 238.159717  62.000205   174.079   174.042  7 55098.11233630 17.613
  46 238.157562  62.001273   173.831   173.560  7 55108.02798206 18.306
  47 238.162787  62.001874   172.919   172.934  7 55117.94362759 14.341
  48 238.162370  61.999154   161.005   160.628  7 55127.85926988 28.206
  49 238.167501  61.998758   112.024   111.952  7 55137.77491072 49.037
  50 238.165798  61.998644   111.282   111.286  7 55147.69054919 46.980
  51 238.163320  61.999943   111.326   111.327  7 55157.60618705 44.956
  52 238.162204  62.001054   112.510   112.583  7 55167.52182486 27.491
  53 238.162397  62.000932   112.946   112.924  7 55177.43746209 23.181
  54 238.164503  62.000554   112.932   112.863  7 55187.35310600 17.924
  55 238.164721  62.001291   112.919   112.896  7 55197.26875695 15.561
  56 238.160451  62.002168   112.759   112.749  7 55207.18440646 14.358
  57 238.155546  62.003052   112.479   112.478  8 55217.10005538 14.470
  58 238.153585  62.003165   112.736   112.345  8 55227.01570387 14.605
  59 238.157545  62.002466   112.179   112.205  7 55236.93135014 14.804
  60 238.164315  62.001117   112.699   112.157  7 55246.84699312 13.808
  61 238.165466  61.999378   112.140   112.099  8 55256.76263292 13.778
  62 238.163349  61.999405   111.945   111.926  7 55266.67827151 13.848
  63 238.159604  62.000438   111.955   111.987  7 55276.59390936 13.056
  64 238.162410  62.001827   111.996   111.957  7 55286.50954677 13.783
  65 238.162506  61.999751   174.769   174.988  5 55296.42518136  0.618
  66 238.169722  61.998929   173.310   173.346  7 55306.34082219 12.175
  67 238.169881  61.998044   172.253   174.740  8 55316.25646887 20.828
  68 238.168115  61.998921   166.679   170.636  8 55326.17211428 24.888
  69 238.163464  62.000228   163.340   156.077  6 55336.08775845 26.197
  70 238.158708  62.000873   179.585   177.966  7 55346.00340210 21.967
  71 238.161494  62.001953   183.610   182.946  7 55355.91904530 29.661
  72 238.163151  62.001837   172.519   172.449  7 55365.83468622 12.626
  73 238.162988  62.001187   159.892   157.890  7 55375.75032537 26.914
  74 238.163911  62.001653   182.416   182.315  7 55385.66596368 28.294
  75 238.161292  62.001269   163.407   159.222  7 55395.58160065 28.436
  76 238.160960  62.000890   162.589   158.357  7 55405.49724074 26.723
  77 238.162711  62.000661   167.254   168.026  7 55415.41289219 28.614
  78 238.165855  61.999672   162.136   158.611  7 55425.32854049 27.242
  79 238.169330  61.999325   171.177   172.902  7 55435.24418630 13.951
  80 238.168063  61.999721   173.439   173.559  7 55445.15983046 21.859
  81 238.160908  61.999690   179.174   178.882  7 55455.07547316 28.590
  82 238.161451  62.001321   173.357   173.318  7 55464.99111603 18.106
  83 238.161841  62.000380   173.569   173.616  7 55474.90675580 16.810
  84 238.167573  61.999297   164.977   164.513  8 55484.82239299 14.461
  85 238.169695  61.997680   162.780   159.393  8 55494.73802764 23.705
  86 238.170727  61.998201   111.503   111.478  8 55504.65366140 51.870
  87 238.163718  61.999316   111.144   111.144  7 55514.56931063 46.515
  88 238.159360  62.000696   172.420   172.246  7 55524.48495992 19.910
  89 238.158941  62.001618   111.773   111.758  7 55534.40060767 29.528
  90 238.160631  62.001880   111.917   111.869  7 55544.31625365 23.423
  91 238.160578  62.001847   111.702   111.713  7 55554.23189758 20.516
  92 238.160038  62.002413   111.371   111.366  7 55564.14754056 21.203
  93 238.158722  62.002276   111.282   111.273  8 55574.06318283 21.112
  94 238.162145  62.002149   111.043   111.084  7 55583.97882410 20.330
  95 238.164914  62.000619   113.885   110.925  7 55593.89446172 15.960
  96 238.168509  61.999181   113.866   110.968  7 55603.81009606 15.360
  97 238.171851  61.998739   116.435   110.762  8 55613.72572834 14.865
  98 238.169277  61.998276   131.960   135.119  8 55623.64136534 11.293
  99 238.165578  61.999304   128.060   127.062  8 55633.55701772 11.108
 100 238.163506  61.999648   131.657   134.193  7 55643.47266791 10.659
 101 238.164570  61.999682   125.369   128.504  7 55653.38831549  7.832
 103 238.169042  61.999451   110.848   110.828  7 55673.21959921  7.628
 104 238.166135  61.999344   111.231   111.288  8 55683.13523772 24.092
 105 238.163046  61.999623   174.519   174.787  7 55693.05087490 22.253
 106 238.164312  62.000582   163.239   166.332  7 55702.96651102 25.688
 107 238.162026  62.000369   179.324   179.843  7 55712.88215483 27.795
 108 238.163978  62.001661   172.923   173.003  7 55722.79780456 15.056
 109 238.160221  62.001369   181.051   180.786  7 55732.71345154 26.927
 110 238.158080  62.001298   173.387   173.318  7 55742.62909739 14.034
 111 238.159992  62.001699   180.255   177.983  7 55752.54474230 24.870
 112 238.160437  62.000317   172.955   172.908  7 55762.46038457 14.259
 113 238.162593  61.998975   173.280   173.212  7 55772.37602420 13.009
 114 238.169150  61.999108   165.758   167.870  8 55782.29166092 23.322
 115 238.170136  61.998898   173.941   173.922  8 55792.20729458 16.413
 116 238.168377  61.998510   172.763   172.916  7 55802.12292806 17.796
 117 238.165134  61.999037   173.389   173.336  7 55812.03857800 14.590
 118 238.163770  61.998843   173.237   173.256  7 55821.95422644 14.931
 119 238.167902  61.999102   173.438   173.625  7 55831.86987063 16.375
 120 238.170849  61.998872   177.367   178.847  8 55841.78551011 27.875
 121 238.169722  61.998516   165.023   160.872  8 55851.70114606 26.975
 122 238.166178  61.998598   172.607   172.986  7 55861.61677967 12.928
 123 238.161942  62.000023   169.260   170.770  7 55871.53243318 21.474
 124 238.160039  62.000511   163.352   165.939  7 55881.44808302 19.173
 125 238.161223  62.000712   172.364   172.376  7 55891.36372650  9.407
 126 238.163463  62.000891   113.073   113.126  7 55901.27936432 19.453
 127 238.160947  61.999973   119.117   113.298  7 55911.19499719 16.879
 128 238.160036  62.001695   112.800   112.846  8 55921.11065197 16.964
 129 238.158417  62.001346   112.557   112.544  7 55931.02630391 17.151
 130 238.163182  62.000891   127.802   133.995  7 55940.94195246 12.401
 131 238.165309  61.999267   128.281   133.402  7 55950.85759607 11.727
 132 238.167777  61.999306   117.992   112.307  8 55960.77323596 11.238
 133 238.166385  61.999834   122.995   122.015  7 55970.68887318 10.640
 134 238.164177  62.000190   128.240   133.750  7 55980.60450910 10.551
 135 238.163625  61.999179   125.259   123.565  7 55990.52014395 10.529
 136 238.167322  61.999116   154.780   154.649  8 56000.43578879  6.764
 137 238.169793  61.999112   120.512   124.017  7 56010.35143943  9.599
 138 238.167155  61.998757   153.585   153.751  7 56020.26708562  8.166
 140 238.163087  62.001458   171.012   171.000  7 56040.09837083 10.145
 141 238.161201  62.001669   173.779   173.945  7 56050.01401030 18.346
 142 238.159367  62.000558   172.746   174.362  7 56059.92964697 21.442
 143 238.164495  62.000299   169.973   168.889  7 56069.84528326 26.669
 144 238.163560  62.000784   181.766   181.320  7 56079.76093423 28.879
 145 238.161953  62.001790   167.986   164.273  7 56089.67658241 24.095
 146 238.158918  62.002177   167.794   161.378  7 56099.59222788 26.847
 147 238.159300  62.001622   170.838   173.028  7 56109.50785952 14.827
 148 238.162766  61.999873   172.854   172.782  7 56119.42349988 13.810
 149 238.170445  61.998825   167.341   166.432  8 56129.33913707 20.041
 150 238.172849  61.997980   171.310   172.632  8 56139.25477059 10.030
 151 238.167164  61.998879   172.751   172.809  8 56149.17041934 12.310
 152 238.160865  61.999846   179.073   179.067  7 56159.08606805 27.774
 153 238.160902  62.000665   172.895   172.901  7 56169.00171608 13.790
 154 238.164444  62.000052   172.743   172.745  7 56178.91736106 13.459
 155 238.167742  61.998909   172.879   173.058  7 56188.83300162 13.770
 156 238.168553  61.998530   171.626   172.947  8 56198.74863872 14.129
 157 238.167210  61.999552   172.498   172.673  7 56208.66427294 13.960
 158 238.161506  61.999722   167.368   166.517  7 56218.57990491 27.516
 159 238.163302  62.001877   111.721   111.704  7 56228.49555126 51.156
 160 238.160493  62.001148   111.207   111.216  7 56238.41120486 44.539
 161 238.163491  62.001450   111.094   111.014  7 56248.32685526 43.411
 162 238.162109  62.000731   111.604   111.593  7 56258.24250025 20.909
 163 238.162198  62.001716   112.282   112.366  7 56268.15814251 22.164
 164 238.161206  62.002146   112.668   112.673  7 56278.07378295 21.117
 165 238.159602  62.001869   112.655   112.681  7 56287.98943180 18.506
 166 238.162601  62.000732   112.514   112.492  7 56297.90508108 16.692
 167 238.166061  61.999360   112.334   112.301  7 56307.82072643 16.159
 168 238.168282  61.999236   112.113   112.113  8 56317.73636905 13.432
 169 238.165183  62.000161   112.006   112.057  7 56327.65200987 13.870
 170 238.163979  62.001658   111.609   111.564  7 56337.56764988 16.395
 171 238.160621  62.000578   111.506   111.489  7 56347.48328762 16.742
 172 238.164172  61.999115   111.459   111.421  7 56357.39892331 17.164
 173 238.168623  61.999135   111.621   111.612  8 56367.31457246 15.610
 176 238.158601  62.002314   122.224   111.614  8 56397.06150941 11.657
 177 238.157397  62.002921   171.871   171.822  7 56406.97715067  4.621
 178 238.158758  62.001969   171.079   171.125  7 56416.89278826  9.989
 179 238.163537  62.000508   174.177   173.976  7 56426.80842135 21.041
 180 238.164834  62.000927   165.104   162.099  7 56436.72407282 28.716
 181 238.159696  62.000939   171.565   172.971  7 56446.63972393 20.265
 182 238.158522  62.002209   166.031   164.691  7 56456.55537321 27.923
 183 238.158561  62.002124   184.353   184.617  7 56466.47101928 24.939
 184 238.160731  62.000641   163.717   160.960  7 56476.38666145 26.588
 185 238.166419  61.999333   170.615   170.570  7 56486.30230039 12.579
 186 238.167957  61.998432   163.848   164.726  7 56496.21793631 29.675
 187 238.168612  61.999232   170.647   170.894  8 56506.13357094 17.428
 188 238.165060  61.999313   171.752   174.116  7 56516.04920448 20.395
 189 238.161093  61.999755   173.462   173.192  7 56525.96485891 14.910
 190 238.164075  62.000146   160.530   157.058  7 56535.88050990 24.172
 192 238.163523  61.999382   176.615   177.639  7 56555.71180070 23.321
 193 238.159746  62.000179   170.999   172.969  7 56565.62744317 16.224
 194 238.159543  62.002273   172.860   172.954  7 56575.54308472 14.661
 195 238.159272  62.002634   170.886   172.521  7 56585.45872295 15.386
 196 238.159238  62.001076   161.659   159.835  7 56595.37435978 28.048
 197 238.158928  62.000526   111.653   111.656  7 56605.29001228 47.558
 198 238.163910  62.001647   175.740   177.351  7 56615.20566068 19.550
 199 238.160896  62.001018   173.802   172.213  7 56625.12130451 11.679
 200 238.161702  62.001389   112.624   112.725  7 56635.03694606 28.847
 201 238.161297  62.000350   112.764   112.709  7 56644.95258398 25.041
 202 238.162672  62.000235   112.318   112.328  7 56654.86823693 21.363
 203 238.162858  61.999149   121.075   122.415  7 56664.78388534 15.852
 204 238.164898  61.999448   115.055   112.193  7 56674.69953132 16.980
 205 238.164541  62.000501   114.868   112.097  7 56684.61517598 16.963
 206 238.160780  62.000610   111.754   111.742  7 56694.53081814 17.610
 207 238.164185  62.001408   114.468   111.606  7 56704.44645659 17.076
 208 238.165546  61.999954   117.428   111.593  7 56714.36208923 16.163
 209 238.165370  62.000095   170.416   170.501  7 56724.27773983  5.978
 210 238.161813  62.000408   111.378   111.402  7 56734.19338976 15.553
 211 238.157317  62.001383   111.449   111.459  7 56744.10903636 16.326
 212 238.156300  62.002461   111.389   111.380  7 56754.02467902 15.147
 214 238.161134  62.001442   171.010   170.919  7 56773.85595146 12.122
 215 238.160196  62.001687   171.776   173.203  7 56783.77160868 17.230
 216 238.158108  62.001885   165.407   160.319  8 56793.68726208 25.217
 217 238.156251  62.002179   173.904   174.053  7 56803.60291237 17.098
 218 238.156715  62.001739   164.630   161.736  7 56813.51855513 28.160
 219 238.159705  62.001033   171.021   173.204  7 56823.43419459 13.870
 220 238.163387  62.000034   164.367   161.139  7 56833.34982998 29.612
 221 238.165143  61.998742   179.682   179.049  7 56843.26546177 28.551
 222 238.165590  61.999071   182.323   179.379  7 56853.18110339 18.024
 223 238.164974  62.000643   164.349   158.454  7 56863.09675761 29.140
 224 238.162045  62.001153   160.963   156.546  7 56873.01241097 23.112
 225 238.159985  62.000980   173.070   173.135  7 56882.92806118 12.444
 226 238.161991  62.001582   172.547   172.471  7 56892.84370836 12.144
 227 238.158687  62.000984   161.125   159.238  7 56902.75935173 29.268
 228 238.159129  62.002564   170.776   167.574  7 56912.67499369 19.751
 229 238.157382  62.003040   180.061   180.343  8 56922.59063363 20.474
 230 238.156316  62.002637   172.884   172.971  7 56932.50627120 11.808
 231 238.158531  62.001496   172.828   172.828  7 56942.42190372 11.921
 232 238.159639  62.000609   163.698   167.128  7 56952.33754741 20.543
 233 238.159855  62.000876   111.055   111.017  7 56962.25319829 22.240
 234 238.161241  62.001968   110.330   110.422  7 56972.16884455 40.873
 235 238.159175  62.001465   110.049   110.036  7 56982.08448619 42.847
 236 238.161024  62.000635   112.610   112.617  7 56992.00012367 31.660
 237 238.164393  61.998773   112.301   112.295  7 57001.91575710 25.887
 238 238.168157  61.999855   112.483   112.496  7 57011.83141499 24.243
 239 238.164283  61.999280   112.185   112.194  7 57021.74706617 22.006
 240 238.162580  62.000498   112.009   111.959  7 57031.66271485 20.002
 241 238.160093  62.001056   111.946   111.929  7 57041.57836134 17.195
 242 238.158557  62.000797   114.652   111.826  7 57051.49400569 16.102
 243 238.163395  62.000802   111.541   111.584  7 57061.40964644 16.502
 244 238.162347  61.999129   111.638   111.606  7 57071.32528099 15.355
 245 238.165376  61.999750   111.353   111.408  7 57081.24091200 15.758
 246 238.163930  62.001433   111.593   111.580  7 57091.15655490 13.193
 247 238.157484  62.002734   118.744   111.483  8 57101.07221208 11.837
 249 238.158500  62.002359   174.671   174.539  8 57120.90351520  2.495
 250 238.159510  62.000823   170.867   170.931  7 57130.81915804 10.122
 251 238.161197  62.000707   170.439   169.064  7 57140.73479584 16.056
 252 238.159262  62.000537   167.419   166.420  7 57150.65042986 24.411
 253 238.160290  62.000270   164.990   164.636  7 57160.56606097 25.946
 254 238.161409  62.000283   176.556   177.130  7 57170.48171489 27.910
 255 238.164101  61.999727   172.205   170.405  7 57180.39737019 19.862
 256 238.164298  61.998836   180.344   181.360  7 57190.31302127 28.030
 257 238.164377  61.999750   173.041   173.193  7 57200.22866918  9.540
 258 238.162494  62.001165   179.776   178.095  7 57210.14430336 24.589
 259 238.159851  62.001682   173.198   173.629  8 57220.05994727 16.128
 260 238.158738  62.000864   165.245   167.895  7 57229.97559008 22.976
 261 238.162471  62.000629   173.681   173.727  6 57239.89123111 12.630
 262 238.165855  62.000379   160.768   156.828  7 57249.80686920 25.569
 263 238.163924  62.000176   173.796   173.631  7 57259.72250449 14.181
 264 238.161049  62.000730   163.729   161.947  7 57269.63813844 28.393
 265 238.157691  62.002243   176.423   176.361  8 57279.55379031 23.518
 266 238.157385  62.002764   171.681   173.420  8 57289.46944594 16.251
 267 238.159184  62.002115   173.087   172.828  7 57299.38509873 17.021
 268 238.163541  62.001551   169.777   172.461  7 57309.30074816 14.746
 269 238.159838  62.000399   171.247   173.931  7 57319.21639333 22.705
 270 238.160333  62.001900   111.318   111.316  7 57329.13203626 50.603
 271 238.156783  62.002072   111.062   111.113  8 57339.04767652 47.541
 272 238.157252  62.001962   109.770   109.787  7 57348.96332579 43.227
 273 238.161310  62.000724   112.321   112.280  7 57358.87897204 43.156
 274 238.165541  61.999433   112.711   112.658  7 57368.79461505 26.443
 275 238.165730  61.999271   112.312   112.319  8 57378.71025502 25.302
 276 238.162363  62.000014   112.277   112.280  7 57388.62589318 25.184
 277 238.160979  62.000864   111.902   111.853  7 57398.54153062 24.858
 278 238.164738  62.001223   111.818   111.816  7 57408.45716737 23.120
 279 238.163335  62.000211   111.647   111.640  6 57418.37282013 22.928
 280 238.164774  62.000525   111.489   111.493  7 57428.28847073 22.120
 281 238.161749  62.001394   111.525   111.531  7 57438.20411850 21.399
 282 238.156157  62.002458   111.421   111.477  8 57448.11976478 18.202
 283 238.154284  62.003566   111.457   111.459  8 57458.03541028 18.224
 284 238.155086  62.002849   111.398   111.418  7 57467.95105305 18.461
 285 238.162817  62.001922   111.434   111.389  7 57477.86669242 19.338
 286 238.162710  61.999020   111.485   111.466  7 57487.78232764 22.008
 287 238.158659  61.996659   175.870   175.841  4 57497.69796040  0.538
 288 238.164428  61.999507   171.409   171.621  7 57507.61360043 10.892
 289 238.159426  62.000351   171.743   174.635  7 57517.52925614 20.306
 290 238.163223  62.001733   170.686   172.795  7 57527.44490982 18.016
 291 238.162050  61.999590   173.471   173.303  7 57537.36055995 14.985
 292 238.167016  61.999572   168.657   167.892  7 57547.27620826 17.500
 293 238.164495  61.999149   171.943   173.489  7 57557.19185440 13.855
 294 238.164681  62.001312   185.754   185.982  7 57567.10750000 21.532
 295 238.158464  62.001313   172.795   172.807  7 57577.02314408 11.986
 296 238.159721  62.002016   161.072   161.543  7 57586.93878775 26.807
 297 238.162071  62.001710   173.208   173.314  7 57596.85442905 12.464
