-144382.390  1159.160     0.00  102.47
-144096.438  1180.225    73.66  112.50
-143810.475  1205.347    87.85  128.80
-143524.500  1244.676   137.52  160.11
-143238.513  1293.534   170.83  173.04
-142952.515  1335.437   146.51  149.92
-142666.506  1345.891    36.55  132.49
-142380.485  1315.134  -107.53  150.60
-142094.453  1284.146  -108.33  156.96
-141808.409  1254.359  -104.13  154.83
-141522.354  1249.525   -16.90  150.71
-141236.287  1256.288    23.64  161.26
-140950.209  1282.450    91.45  163.25
-140664.120  1298.041    54.49  154.72
-140378.019  1300.331     8.01  145.27
-140091.906  1302.781     8.56  140.91
-139805.782  1279.063   -82.89  152.91
-139519.647  1270.472   -30.02  151.60
-139233.500  1255.877   -51.00  165.10
-138947.342  1241.041   -51.84  175.13
-138661.172  1228.031   -45.46  185.32
-138374.990  1215.556   -43.59  176.55
-138088.798  1198.459   -59.74  165.25
-137802.593  1162.945  -124.08  146.13
-137516.378  1133.134  -104.15  129.70
-137230.150  1109.004   -84.30  123.01
-136943.912  1083.275   -89.88  115.25
-136657.661  1063.440   -69.29  102.75
-136371.400  1037.879   -89.29   74.49
-136085.126  1023.476   -50.31   46.03
-135798.842  1019.607   -13.51   34.89
-135512.545  1021.699     7.31   31.11
-135226.238  1023.952     7.87   28.95
-134939.918  1026.390     8.52   25.45
-134653.588  1025.115    -4.45   24.04
-134367.246  1021.699   -11.93   20.87
-134080.892  1017.339   -15.23   20.08
-133794.527  1010.896   -22.50   16.54
-133508.150  1006.732   -14.54   14.32
-133221.762  1002.169   -15.93   11.39
-132935.362  1000.161    -7.01   10.56
-132648.951  1003.150    10.43   16.35
-132362.528  1011.600    29.50   30.58
-132076.094  1029.782    63.47   51.66
-131789.648  1048.987    67.04   58.54
-131503.190  1060.957    41.79   62.78
-131216.722  1064.337    11.80   72.67
-130930.241  1060.458   -13.54   83.10
-130643.749  1046.571   -48.47   93.95
-130357.246  1033.292   -46.34   99.73
-130070.731  1011.976   -74.39  102.55
-129784.204   989.172   -79.59   90.23
-129497.666   986.762    -8.41   85.27
-129211.117   988.668     6.65   93.65
-128924.556  1012.078    81.69  111.49
-128637.983  1037.852    89.94  125.23
-128351.399  1048.362    36.67  133.16
-128064.803  1077.897   103.05  132.10
-127778.196  1119.936   146.67  119.18
-127491.577  1153.403   116.76  107.30
-127204.947  1192.845   137.60   90.48
-126918.305  1217.652    86.54   83.06
-126631.651  1239.330    75.62   71.70
-126344.986  1261.651    77.86   51.43
-126058.310  1282.837    73.90   36.31
-125771.622  1294.845    41.88   36.71
-125484.922  1305.382    36.75   38.70
-125198.211  1314.691    32.47   33.65
-124911.488  1318.680    13.91   30.94
-124624.754  1319.441     2.65   33.26
-124338.008  1320.975     5.35   36.12
-124051.250  1323.148     7.58   37.35
-123764.481  1326.949    13.25   39.39
-123477.701  1337.709    37.52   41.06
-123190.908  1350.789    45.60   39.12
-122904.105  1366.427    54.52   29.84
-122617.289  1374.586    28.45   25.41
-122330.462  1375.784     4.18   30.27
-122043.624  1376.533     2.61   34.34
-121756.774  1374.115    -8.43   42.54
-121469.912  1373.668    -1.56   48.28
-121183.039  1380.677    24.43   46.35
-120896.154  1388.254    26.41   48.02
-120609.258  1404.851    57.85   40.17
-120322.350  1418.585    47.87   35.44
-120035.430  1435.843    60.15   22.56
-119748.499  1440.134    14.95   26.69
-119461.556  1432.330   -27.19   57.35
-119174.602  1412.249   -69.98   91.39
-118887.636  1384.230   -97.64  119.38
-118600.658  1336.459  -166.45  141.53
-118313.669  1274.788  -214.88  167.52
-118026.668  1181.886  -323.69  189.84
-117739.656  1106.987  -260.95  199.85
-117452.632  1010.686  -335.50  204.35
-117165.596   926.166  -294.45  190.46
-116878.549   847.459  -274.18  158.83
-116591.490   784.430  -219.56  111.80
-116304.420   746.169  -133.28   70.16
-116017.338   725.362   -72.48   38.23
-115730.244   718.599   -23.55   29.86
-115443.139   722.317    12.95   38.03
-115156.022   730.206    27.47   45.97
-114868.893   735.548    18.61   50.77
-114581.753   740.133    15.97   52.56
-114294.601   744.100    13.82   53.80
-114007.438   749.548    18.97   55.79
-113720.263   758.808    32.24   65.80
-113433.076   774.465    54.52   77.14
-113145.878   790.651    56.36   90.62
-112858.668   818.305    96.28  102.13
-112571.446   840.330    76.68  107.77
-112284.213   846.171    20.33   93.18
-111996.968   862.506    56.87   88.57
-111709.712   874.096    40.35   74.39
-111422.444   890.100    55.71   70.14
-111135.164   916.302    91.20   78.61
-110847.873   954.097   131.55   88.97
-110560.569   986.203   111.75   83.59
-110273.255  1019.442   115.68   71.01
-109985.928  1037.671    63.44   65.38
-109698.590  1044.214    22.77   77.53
-109411.241  1044.291     0.27   90.89
-109123.879  1046.001     5.95  110.43
-108836.506  1061.187    52.84  132.51
-108549.121  1092.860   110.21  159.93
-108261.725  1152.275   206.73  188.17
-107974.317  1215.768   220.91  183.59
-107686.897  1251.772   125.26  167.15
-107399.466  1257.182    18.82  163.66
-107112.023  1237.339   -69.03  164.54
-106824.568  1196.732  -141.26  168.28
-106537.102  1132.348  -223.97  149.82
-106249.624  1073.608  -204.32  115.49
-105962.134  1025.300  -168.03   97.10
-105674.633   981.720  -151.58   87.43
-105387.120   942.513  -136.36   77.66
-105099.595   913.268  -101.71   72.67
-104812.059   888.023   -87.79   70.78
-104524.510   867.348   -71.90   66.12
-104236.951   850.375   -59.02   62.58
-103949.379   833.863   -57.42   57.70
-103661.796   820.684   -45.82   48.03
-103374.201   815.417   -18.31   36.36
-103086.594   822.309    23.96   48.02
-102798.976   833.397    38.55   65.35
-102511.346   856.311    79.66   84.05
-102223.704   887.156   107.23   95.36
-101936.051   927.828   141.39   95.28
-101648.386   953.398    88.88   73.31
-101360.709   959.394    20.84   59.90
-101073.020   946.419   -45.10   70.17
-100785.320   912.470  -118.00   89.59
-100497.608   875.750  -127.62   92.64
-100210.514   843.425  -112.59   77.71
 -99925.196   830.760   -44.39   65.32
 -99639.869   838.923    28.61   76.46
 -99354.530   862.769    83.57   92.75
 -99069.181   899.730   129.52  109.82
 -98783.821   949.165   173.23  113.37
 -98498.450   995.415   162.07   95.98
 -98213.068  1026.463   108.79   67.45
 -97927.676  1037.078    37.19   52.47
 -97642.273  1032.411   -16.35   54.23
 -97356.860  1015.434   -59.48   61.71
 -97071.436   992.759   -79.44   63.54
 -96786.001   971.356   -74.98   57.97
 -96500.555   950.585   -72.76   46.80
 -96215.098   936.449   -49.52   39.64
 -95929.631   933.264   -11.16   43.69
 -95644.153   925.896   -25.81   48.42
 -95358.665   925.600    -1.04   57.01
 -95073.166   923.503    -7.34   66.93
 -94787.656   917.757   -20.13   71.55
 -94502.135   908.678   -31.80   73.90
 -94216.603   894.018   -51.34   77.31
 -93931.061   872.291   -76.09   75.89
 -93645.508   853.712   -65.06   74.02
 -93359.944   833.199   -71.83   61.81
 -93074.370   817.675   -54.36   48.73
 -92788.785   813.934   -13.10   47.68
 -92503.189   815.817     6.59   60.87
 -92217.582   825.713    34.65   75.49
 -91931.965   832.826    24.90   87.76
 -91646.337   838.518    19.93   85.99
 -91360.698   846.519    28.01   83.77
 -91075.049   845.038    -5.18   80.11
 -90789.388   845.277     0.84   71.13
 -90503.717   827.125   -63.54   76.14
 -90218.035   796.430  -107.44   86.70
 -89932.343   765.437  -108.48   88.36
 -89646.639   739.028   -92.43   78.86
 -89360.925   726.220   -44.83   71.47
 -89075.200   713.512   -44.47   65.69
 -88789.465   706.337   -25.11   60.00
 -88503.718   706.962     2.19   57.25
 -88217.961   713.593    23.20   49.54
 -87932.193   721.465    27.55   37.49
 -87646.415   717.375   -14.31   33.29
 -87360.625   710.981   -22.37   29.52
 -87074.825   702.483   -29.73   28.53
 -86789.014   695.995   -22.70   31.30
 -86503.192   685.556   -36.52   35.95
 -86217.360   670.200   -53.72   41.57
 -85931.517   653.495   -58.44   43.53
 -85645.663   631.556   -76.75   43.97
 -85359.798   613.787   -62.16   44.02
 -85073.922   591.928   -76.46   43.84
 -84788.036   570.592   -74.63   42.27
 -84502.139   548.578   -77.00   42.40
 -84216.231   527.519   -73.65   42.87
 -83930.312   500.442   -94.70   54.58
 -83644.383   470.266  -105.53   64.13
 -83358.442   445.465   -86.73   66.18
 -83072.491   424.667   -72.73   57.50
 -82786.529   413.385   -39.45   48.72
 -82500.557   418.304    17.20   57.67
 -82214.573   436.952    65.20   81.48
 -81928.579   475.372   134.34  101.33
 -81642.574   517.245   146.40  101.01
 -81356.558   552.830   124.41   90.06
 -81070.531   583.044   105.63   67.71
 -80784.494   603.935    73.03   41.27
 -80498.446   610.720    23.72   18.19
 -80212.387   605.606   -17.88   15.33
 -79926.317   597.474   -28.43   16.71
 -79640.236   589.741   -27.03   21.73
 -79354.145   579.527   -35.70   29.03
 -79068.042   566.078   -47.01   36.82
 -78781.929   552.945   -45.90   43.50
 -78495.805   540.067   -45.01   47.50
 -78209.671   521.240   -65.80   52.54
 -77923.525   499.063   -77.50   55.22
 -77637.369   469.630  -102.85   61.73
 -77351.202   442.304   -95.49   68.18
 -77065.024   407.540  -121.47   69.37
 -76778.835   380.819   -93.37   59.55
 -76492.635   356.298   -85.67   50.76
 -76206.425   333.351   -80.18   42.40
 -75920.203   314.672   -65.26   36.01
 -75633.971   298.813   -55.41   27.19
 -75347.728   288.722   -35.25   21.83
 -75061.475   280.714   -27.97   14.20
 -74775.210   278.703    -7.03   11.05
 -74488.935   284.129    18.96   21.50
 -74202.648   296.097    41.80   35.57
 -73916.351   319.331    81.15   55.39
 -73630.043   350.585   109.16   79.00
 -73343.724   394.125   152.06   94.21
 -73057.395   434.688   141.66   90.11
 -72771.054   465.996   109.34   73.63
 -72484.703   486.476    71.52   54.41
 -72198.341   500.366    48.50   34.48
 -71911.968   499.388    -3.41   28.23
 -71625.584   488.653   -37.49   27.81
 -71339.189   479.232   -32.89   24.80
 -71052.783   473.139   -21.28   23.26
 -70766.367   468.519   -16.13   22.60
 -70479.940   463.081   -18.98   22.89
 -70193.502   457.730   -18.68   20.47
 -69907.053   454.593   -10.95   20.60
 -69620.593   450.921   -12.82   19.79
 -69334.122   444.843   -21.22   21.66
 -69047.640   436.067   -30.63   24.97
 -68761.148   427.839   -28.72   29.13
 -68474.644   419.542   -28.96   32.54
 -68188.130   408.503   -38.53   33.61
 -67901.605   395.960   -43.77   31.30
 -67615.069   385.022   -38.17   26.49
 -67328.522   375.924   -31.75   20.23
 -67041.965   369.484   -22.47   14.18
 -66755.396   366.429   -10.66   12.55
 -66468.817   365.855    -2.00   14.73
 -66182.226   368.263     8.40   17.74
 -65895.625   373.259    17.43   21.30
 -65609.013   379.140    20.52   23.13
 -65322.390   386.779    26.65   23.49
 -65035.756   393.110    22.09   21.39
 -64749.111   395.377     7.91   18.10
 -64462.456   395.334    -0.15   17.70
 -64175.789   388.887   -22.49   20.70
 -63889.112   376.645   -42.70   28.19
 -63602.423   360.206   -57.34   36.35
 -63315.724   337.639   -78.71   44.56
 -63029.014   311.848   -89.95   50.26
 -62742.293   283.934   -97.36   53.92
 -62455.561   259.052   -86.77   49.94
 -62168.818   237.737   -74.33   39.29
 -61882.064   225.414   -42.97   29.53
 -61595.300   223.403    -7.01   27.90
 -61308.524   233.849    36.43   35.94
 -61021.738   247.067    46.09   39.39
 -60734.940   263.541    57.44   37.13
 -60448.132   275.742    42.54   31.87
 -60161.313   285.113    32.67   24.84
 -59874.483   290.489    18.74   14.96
 -59587.642   289.703    -2.74   15.53
 -59300.790   285.132   -15.94   16.84
 -59013.927   279.420   -19.91   17.37
 -58727.053   271.976   -25.95   18.16
 -58440.169   265.735   -21.76   17.55
 -58153.273   259.629   -21.28   17.64
 -57866.366   253.362   -21.84   16.29
 -57579.449   249.460   -13.60   15.83
 -57292.520   244.856   -16.05   15.88
 -57005.581   240.465   -15.30   12.69
 -56718.631   238.279    -7.62   10.83
 -56431.670   236.978    -4.53    7.29
 -56144.697   237.428     1.57    6.18
 -55857.714   238.526     3.83    5.20
 -55570.720   240.496     6.86    4.89
 -55283.715   243.299     9.77    4.74
 -54996.699   246.119     9.83    5.65
 -54709.673   249.114    10.43    5.90
 -54422.635   252.235    10.87    6.13
 -54135.586   255.181    10.26    5.87
 -53848.526   257.806     9.15    4.82
 -53561.456   260.085     7.94    3.80
 -53274.374   261.656     5.47    3.14
 -52987.282   263.518     6.48    3.18
 -52700.178   264.394     3.05    3.29
 -52413.064   264.212    -0.63    3.64
 -52125.938   263.139    -3.74    4.67
 -51838.802   260.592    -8.87    6.76
 -51551.655   257.378   -11.19    8.94
 -51264.496   252.911   -15.56   10.87
 -50977.327   246.781   -21.35   12.16
 -50690.147   240.291   -22.60   12.96
 -50402.956   233.344   -24.19   14.10
 -50115.753   226.279   -24.60   14.34
 -49828.540   218.571   -26.84   14.79
 -49541.316   210.794   -27.07   14.73
 -49254.081   203.790   -24.39   15.47
 -48966.835   195.714   -28.11   16.38
 -48679.578   188.826   -23.98   15.86
 -48392.310   181.894   -24.13   16.56
 -48105.031   176.779   -17.80   16.54
 -47817.741   171.556   -18.18   17.54
 -47530.440   164.778   -23.59   20.47
 -47243.128   161.126   -12.71   21.35
 -46955.805   158.434    -9.37   21.53
 -46668.471   157.389    -3.64   20.88
 -46381.126   156.585    -2.80   20.39
 -46093.770   155.891    -2.41   18.24
 -45806.404   157.247     4.72   16.61
 -45519.026   158.960     5.96   13.31
 -45231.637   157.482    -5.14   13.41
 -44944.237   153.391   -14.23   15.21
 -44656.826   149.434   -13.77   16.45
 -44369.404   141.085   -29.05   26.68
 -44081.971   132.556   -29.67   31.37
 -43794.527   123.906   -30.09   36.71
 -43507.072   114.506   -32.70   39.08
 -43219.607   107.030   -26.01   38.99
 -42932.130   101.049   -20.80   37.31
 -42644.642    95.869   -18.02   35.46
 -42357.143    97.649     6.19   35.21
 -42069.633   100.381     9.50   36.14
 -41782.112   105.914    19.24   38.80
 -41494.580   114.427    29.61   41.35
 -41207.037   122.304    27.39   42.94
 -40919.483   132.369    35.00   41.48
 -40631.918   147.369    52.16   32.85
 -40344.342   156.663    32.32   23.25
 -40056.755   164.012    25.55    9.19
 -39769.157   166.519     8.72    4.06
 -39481.547   167.808     4.48    1.85
 -39193.927   168.608     2.78    1.41
 -38906.296   168.855     0.86    1.68
 -38618.654   168.623    -0.81    2.52
 -38331.784   167.813    -2.82    4.25
 -38046.398   166.678    -3.98    5.69
 -37761.003   165.718    -3.37    6.08
 -37475.597   164.671    -3.67    6.94
 -37190.181   164.085    -2.05    6.65
 -36904.755   163.734    -1.23    6.14
 -36619.319   163.139    -2.08    5.74
 -36333.873   162.832    -1.08    4.60
 -36048.417   162.954     0.43    4.41
 -35762.951   162.872    -0.29    4.15
 -35477.474   162.548    -1.13    4.54
 -35191.988   161.428    -3.93    5.68
 -34906.492   159.623    -6.32    6.61
 -34620.985   157.800    -6.38    7.74
 -34335.469   155.133    -9.34    8.66
 -34049.943   151.796   -11.69    9.21
 -33764.406   147.999   -13.30    9.71
 -33478.859   144.026   -13.91    9.13
 -33193.303   141.085   -10.30    9.85
 -32907.736   137.643   -12.05    9.34
 -32622.159   134.193   -12.08    7.41
 -32336.572   131.962    -7.81    6.60
 -32050.975   129.667    -8.04    4.83
 -31765.368   128.713    -3.34    4.35
 -31479.751   127.499    -4.25    4.95
 -31194.124   126.000    -5.25    5.07
 -30908.486   124.441    -5.46    5.88
 -30622.839   123.149    -4.52    6.41
 -30337.181   121.600    -5.42    6.76
 -30051.514   118.998    -9.11    8.59
 -29765.836   117.002    -6.99    9.29
 -29480.148   114.952    -7.18   10.59
 -29194.451   111.899   -10.69   12.13
 -28908.743   106.951   -17.32   13.93
 -28623.025   101.665   -18.50   15.54
 -28337.297    96.941   -16.53   16.92
 -28051.558    92.220   -16.52   17.67
 -27765.810    87.178   -17.65   17.62
 -27480.052    79.934   -25.35   16.30
 -27194.283    74.089   -20.46   18.09
 -26908.505    67.732   -22.24   18.18
 -26622.716    62.495   -18.32   18.46
 -26336.917    55.636   -24.00   18.57
 -26051.108    49.391   -21.85   18.55
 -25765.290    45.644   -13.11   18.17
 -25479.460    42.571   -10.75   16.99
 -25193.621    40.074    -8.73   15.84
 -24907.772    35.491   -16.03   14.35
 -24621.913    31.030   -15.61   13.16
 -24336.043    26.935   -14.32   13.31
 -24050.163    25.074    -6.51   12.92
 -23764.274    24.218    -3.00   11.93
 -23478.374    22.815    -4.91   11.67
 -23192.464    22.067    -2.62   11.92
 -22906.544    21.725    -1.20   13.01
 -22620.614    22.373     2.27   13.52
 -22334.673    22.720     1.21   13.27
 -22048.723    20.882    -6.43   13.25
 -21762.762    17.839   -10.64   12.76
 -21476.792    16.637    -4.20   11.82
 -21190.811    17.276     2.23   11.32
 -20904.820    18.078     2.81   11.14
 -20618.819    20.182     7.36   12.16
 -20332.808    24.438    14.88   13.41
 -20046.786    29.437    17.48   12.42
 -19760.755    34.081    16.24    9.53
 -19474.713    37.130    10.66    6.40
 -19188.662    39.030     6.64    4.61
 -18902.600    40.441     4.93    3.88
 -18616.528    41.210     2.69    3.26
 -18330.446    41.799     2.06    2.82
 -18044.353    42.415     2.15    2.52
 -17758.251    43.283     3.03    1.99
 -17472.138    43.892     2.13    1.42
 -17186.016    44.130     0.83    1.10
 -16899.883    44.312     0.63    0.90
 -16613.740    44.488     0.62    0.49
 -16327.587    44.681     0.67    0.40
 -16041.423    44.897     0.75    0.78
 -15755.250    45.304     1.42    1.41
 -15469.066    46.009     2.47    2.31
 -15182.872    46.968     3.35    3.24
 -14896.669    48.326     4.75    4.16
 -14610.454    49.009     2.39    4.34
 -14324.230    49.526     1.80    4.31
 -14037.996    49.999     1.65    4.50
 -13751.751    50.227     0.80    4.50
 -13465.497    50.667     1.53    4.48
 -13179.232    50.729     0.22    4.44
 -12892.957    50.794     0.23    4.15
 -12606.671    51.324     1.85    3.98
 -12320.376    51.819     1.73    3.71
 -12034.070    52.495     2.36    3.36
 -11747.755    52.916     1.47    3.16
 -11461.429    53.034     0.41    2.58
 -11175.093    53.232     0.69    1.89
 -10888.747    53.358     0.44    1.85
 -10602.390    53.496     0.48    2.12
 -10316.024    53.813     1.11    2.70
 -10029.647    54.348     1.87    3.10
  -9743.260    54.768     1.46    3.07
  -9456.863    55.071     1.06    2.97
  -9170.455    54.399    -2.35    3.72
  -8884.038    52.995    -4.90    4.72
  -8597.610    51.009    -6.94    5.51
  -8311.172    48.653    -8.22    5.96
  -8024.724    45.735   -10.19    6.32
  -7738.266    43.115    -9.14    6.66
  -7451.798    39.876   -11.31    7.29
  -7165.319    36.534   -11.66    9.39
  -6878.830    33.173   -11.73   10.68
  -6592.331    28.833   -15.15   11.82
  -6305.822    23.250   -19.49   12.53
  -6019.302    17.806   -19.00   13.69
  -5732.773    12.592   -18.20   12.81
  -5446.233     7.839   -16.59   10.96
  -5159.683     3.735   -14.32    8.52
  -4873.123     0.190   -12.37    4.78
  -4586.552    -1.474    -5.80    1.61
  -4299.972    -1.773    -1.04    0.48
  -4013.381    -1.646     0.44    0.41
  -3726.780    -1.644     0.01    0.41
  -3440.168    -1.679    -0.12    0.43
  -3153.547    -1.700    -0.07    0.45
  -2866.915    -1.760    -0.21    0.47
  -2580.273    -1.818    -0.20    0.49
  -2293.621    -1.875    -0.20    0.50
  -2006.959    -1.948    -0.25    0.50
  -1720.286    -1.997    -0.17    0.50
  -1433.603    -2.063    -0.23    0.48
  -1146.910    -2.133    -0.25    0.46
   -860.207    -2.210    -0.27    0.42
   -573.494    -2.185     0.09    1.06
   -286.770    -1.181     3.50    5.83
     -0.036     4.571    20.06   15.78
    286.708    10.037    19.06   20.03
    573.462    16.812    23.62   22.57
    860.227    24.678    27.43   22.84
   1147.002    31.378    23.36   20.61
   1433.787    36.527    17.96   16.65
   1720.582    41.265    16.52    9.69
   2007.388    42.699     5.00    6.38
   2294.204    42.184    -1.80    6.44
   2581.030    42.350     0.58    6.25
   2867.866    42.099    -0.87    6.23
   3154.712    43.074     3.40    5.33
   3441.569    44.644     5.47    3.51
   3728.436    45.549     3.15    2.77
   4015.314    46.369     2.86    2.96
   4302.201    47.802     5.00    4.01
   4589.099    49.652     6.45    5.20
   4876.007    51.651     6.97    5.61
   5162.925    53.878     7.76    6.01
   5449.854    56.279     8.37    6.42
   5736.792    59.806    12.29    7.23
   6023.741    63.115    11.53    6.83
   6310.701    65.785     9.31    6.45
   6597.670    67.375     5.54    5.53
   6884.650    68.000     2.18    5.15
   7171.640    67.717    -0.99    5.49
   7458.640    66.284    -4.99    5.95
   7745.651    64.488    -6.26    5.40
   8032.672    62.678    -6.31    3.97
   8319.703    61.571    -3.86    2.08
   8606.744    61.432    -0.48    0.67
   8893.796    61.749     1.11    0.74
   9180.858    62.100     1.22    0.76
   9467.930    62.635     1.86    1.23
   9755.013    63.593     3.34    2.06
  10042.105    64.706     3.88    2.51
  10329.209    65.890     4.12    2.56
  10616.322    66.914     3.57    2.20
  10903.445    67.721     2.81    1.68
  11190.579    68.326     2.11    1.00
  11477.724    68.477     0.53    0.60
  11764.878    67.928    -1.91    1.54
  12052.043    66.987    -3.28    2.30
  12339.218    66.110    -3.05    2.54
  12626.403    65.041    -3.72    2.57
  12913.599    64.056    -3.43    2.25
  13200.805    63.110    -3.29    1.68
  13488.021    62.460    -2.26    1.18
  13775.247    61.995    -1.62    1.04
  14062.484    61.585    -1.43    1.03
  14349.731    61.200    -1.34    0.89
  14636.989    60.842    -1.25    0.83
  14924.256    60.481    -1.26    0.92
  15211.534    60.292    -0.66    0.92
  15498.823    60.030    -0.91    1.27
  15786.121    59.652    -1.32    1.78
  16073.430    58.756    -3.12    2.60
  16360.749    58.294    -1.61    2.73
  16648.079    57.839    -1.59    3.02
  16935.419    57.147    -2.41    3.47
  17222.769    54.899    -7.82    6.72
  17510.129    51.742   -10.99    9.39
  17797.500    48.018   -12.96   10.40
  18084.881    44.490   -12.28   10.66
  18372.273    41.103   -11.78    9.70
  18659.674    40.697    -1.41   10.33
  18947.086    42.721     7.04   12.56
  19234.509    47.078    15.16   13.97
  19521.942    51.931    16.88   14.05
  19809.385    56.415    15.60   13.40
  20096.838    61.518    17.76    9.87
  20384.302    65.485    13.80    6.42
  20671.776    67.843     8.20    6.12
  20959.260    69.438     5.55    6.05
  21246.755    70.763     4.61    5.56
  21534.260    72.350     5.52    4.42
  21821.775    73.514     4.05    2.95
  22109.301    74.533     3.55    1.68
  22396.837    75.317     2.73    2.32
  22684.383    76.899     5.50    3.32
  22971.940    79.504     9.06    7.28
  23259.507    84.978    19.03   15.82
  23546.180    96.984    41.88   33.10
  23831.639   122.317    88.75   69.56
  24117.107   160.153   132.54  100.74
  24402.584   199.371   137.38  112.66
  24688.071   228.387   101.64  109.66
  24973.567   241.700    46.63  107.44
  25259.072   238.526   -11.12  112.68
  25544.587   214.911   -82.71  122.64
  25830.111   175.830  -136.88  117.97
  26115.645   129.809  -161.17   86.94
  26401.188    98.873  -108.34   40.03
  26686.741    93.918   -17.35   21.95
  26972.303   101.837    27.73   27.33
  27257.874   113.221    39.86   30.76
  27543.454   123.444    35.80   28.99
  27829.045   130.636    25.19   25.94
  28114.644   136.292    19.80   22.62
  28400.253   137.205     3.20   20.86
  28685.871   135.656    -5.42   21.92
  28971.499   135.121    -1.87   22.03
  29257.136   134.933    -0.66   21.92
  29542.782   133.921    -3.54   24.75
  29828.438   130.208   -13.00   29.27
  30114.104   124.896   -18.59   33.45
  30399.778   118.585   -22.09   35.47
  30685.463   113.296   -18.51   34.55
  30971.156   106.067   -25.31   32.92
  31256.859   100.182   -20.60   28.05
  31542.571    94.379   -20.31   22.34
  31828.293    88.933   -19.06   14.91
  32114.024    86.063   -10.04   11.13
  32399.765    83.653    -8.44    8.24
  32685.515    84.863     4.24    9.96
  32971.275    88.019    11.04   15.01
  33257.044    95.334    25.60   22.99
  33542.822   106.535    39.20   30.27
  33828.610   118.593    42.19   35.24
  34114.407   132.111    47.30   36.10
  34400.213   147.290    53.11   31.88
  34686.029   160.757    47.12   23.51
  34971.855   170.485    34.04   14.93
  35257.690   177.067    23.03    8.30
  35543.534   180.860    13.27    6.11
  35829.388   183.328     8.63    4.94
  36115.251   186.319    10.46    4.17
  36401.124   188.919     9.10    5.59
  36687.006   192.996    14.26    9.20
  36972.897   196.534    12.38   10.72
  37258.798   200.042    12.27   11.71
  37544.709   203.478    12.02   11.68
  37830.629   206.343    10.02   10.74
  38116.558   207.788     5.05    9.38
  38402.497   209.081     4.52    7.69
  38688.445   208.824    -0.90    6.97
  38974.402   206.928    -6.63    7.24
  39260.369   205.651    -4.46    6.49
  39546.346   204.498    -4.03    5.35
  39832.332   203.290    -4.22    4.24
  40118.327   202.400    -3.11    3.04
  40404.332   202.071    -1.15    1.86
  40690.347   201.826    -0.85    1.22
  40976.370   201.526    -1.05    1.25
  41262.404   200.909    -2.16    1.39
  41548.446   200.321    -2.06    1.51
  41834.498   199.659    -2.31    1.52
  42120.560   198.890    -2.69    1.50
  42406.631   197.832    -3.70    1.70
  42692.712   196.744    -3.80    2.10
  42978.802   195.499    -4.35    2.57
  43264.901   194.186    -4.59    2.91
  43551.010   192.484    -5.95    3.35
  43837.129   190.742    -6.09    3.46
  44123.256   189.208    -5.36    3.27
  44409.394   187.078    -7.44    4.20
  44695.541   185.279    -6.29    4.75
  44981.697   183.711    -5.48    4.93
  45267.863   181.728    -6.93    5.27
  45554.038   180.208    -5.31    5.03
  45840.223   178.821    -4.85    4.69
  46126.417   177.628    -4.17    4.49
  46412.620   176.548    -3.77    4.15
  46698.834   175.092    -5.09    5.05
  46985.056   173.795    -4.53    5.61
  47271.288   172.607    -4.15    5.86
  47557.530   170.613    -6.96    7.48
  47843.781   168.675    -6.77    8.02
  48130.042   167.242    -5.01    8.19
  48416.312   164.641    -9.08    9.45
  48702.591   162.889    -6.12    9.33
  48988.880   161.042    -6.45    9.82
  49275.179   159.514    -5.34    9.91
  49561.487   157.894    -5.66    9.74
  49847.804   154.714   -11.11   13.17
  50134.131   151.936    -9.71   14.88
  50420.468   150.682    -4.38   15.03
  50706.814   146.513   -14.56   20.58
  50993.169   143.460   -10.66   21.77
  51279.534   141.439    -7.06   23.41
  51565.909   137.160   -14.94   27.52
  51852.293   133.348   -13.31   29.40
  52138.686   128.873   -15.63   32.00
  52425.089   125.571   -11.53   33.31
  52711.502   121.919   -12.75   34.34
  52997.924   117.024   -17.09   35.37
  53284.355   111.892   -17.92   35.61
  53570.796   107.511   -15.29   35.23
  53857.247   102.756   -16.60   33.72
  54143.707    97.148   -19.58   30.15
  54430.176    93.178   -13.86   26.23
  54716.655    89.213   -13.84   21.01
  55003.144    85.379   -13.38   14.88
  55289.642    85.031    -1.22   13.18
  55576.150    85.542     1.78   12.35
  55862.667    86.757     4.24   12.15
  56149.193    88.851     7.31   11.52
  56435.730    91.562     9.46    9.38
  56722.275    92.290     2.54    8.72
