-135837.994   364.749     0.00   13.86
-135552.292   367.991    11.35   18.08
-135266.573   372.298    15.07   23.99
-134980.836   381.412    31.89   34.63
-134695.080   393.410    41.98   46.78
-134409.307   408.368    52.34   59.37
-134123.515   427.451    66.77   66.64
-133837.706   445.529    63.25   70.19
-133551.878   456.472    38.28   64.18
-133266.033   462.268    20.27   54.34
-132980.169   458.444   -13.37   47.66
-132694.287   450.601   -27.44   39.81
-132408.388   439.958   -37.22   34.10
-132122.470   430.836   -31.90   31.78
-131836.534   426.554   -14.98   37.01
-131550.580   423.880    -9.35   42.75
-131264.609   427.593    12.98   50.35
-130978.619   428.504     3.19   53.71
-130692.611   426.036    -8.63   56.23
-130406.585   420.254   -20.21   53.79
-130120.541   409.446   -37.78   48.11
-129834.478   400.204   -32.31   46.71
-129548.398   382.412   -62.19   49.27
-129262.300   360.400   -76.93   51.77
-128976.183   342.221   -63.53   54.34
-128690.049   318.321   -83.52   53.74
-128403.896   295.568   -79.51   45.29
-128117.725   277.354   -63.64   34.58
-127831.537   262.994   -50.18   24.81
-127545.330   251.539   -40.02   15.21
-127259.105   243.593   -27.76   11.25
-126972.861   237.277   -22.06   10.17
-126686.600   233.502   -13.19    8.68
-126400.321   231.346    -7.53    7.43
-126114.023   231.385     0.14    6.82
-125827.708   232.077     2.42    7.65
-125541.374   233.488     4.93    8.10
-125255.022   235.002     5.29    7.86
-124968.652   235.406     1.41    8.24
-124682.264   235.092    -1.09    8.74
-124395.857   232.583    -8.76   10.00
-124109.433   229.526   -10.67   11.94
-123822.990   224.181   -18.66   15.48
-123536.529   218.389   -20.22   16.88
-123250.050   214.525   -13.48   16.44
-122963.553   211.511   -10.52   16.14
-122677.038   210.641    -3.04   17.46
-122390.504   212.548     6.66   20.39
-122103.952   215.943    11.85   23.23
-121817.382   216.920     3.41   24.87
-121530.794   220.408    12.17   27.58
-121244.188   222.883     8.64   30.69
-120957.563   224.124     4.33   33.67
-120670.921   227.327    11.17   37.16
-120384.260   236.836    33.17   44.51
-120097.581   246.853    34.94   52.78
-119810.883   258.046    39.04   60.72
-119524.168   275.146    59.64   71.72
-119237.434   299.526    85.02   82.33
-118950.682   328.574   101.29   82.75
-118663.911   342.934    50.07   69.49
-118377.123   345.170     7.80   59.79
-118090.316   337.997   -25.01   55.32
-117803.491   326.335   -40.66   56.07
-117516.648   309.085   -60.13   57.77
-117229.786   288.674   -71.15   53.40
-116942.907   265.195   -81.84   36.01
-116656.009   247.487   -61.72   22.29
-116369.092   236.141   -39.54   20.65
-116082.158   223.018   -45.73   22.01
-115795.205   212.182   -37.76   22.05
-115508.234   200.372   -41.15   24.71
-115221.244   183.708   -58.06   29.41
-114934.237   166.295   -60.67   32.22
-114647.211   151.330   -52.14   32.69
-114360.167   137.918   -46.72   30.47
-114073.104   125.681   -42.62   23.99
-113786.023   118.991   -23.30   17.14
-113498.924   122.525    12.31   26.48
-113211.806   138.043    54.04   48.40
-112924.671   170.352   112.52   77.66
-112637.516   212.910   148.20  102.88
-112350.344   267.375   189.65  118.62
-112063.153   324.826   200.03  122.72
-111775.944   394.525   242.67  123.66
-111488.717   455.474   212.19  114.14
-111201.471   505.170   173.00   96.51
-110914.207   533.949   100.18   80.41
-110626.924   549.471    54.03   67.21
-110339.623   552.674    11.15   71.20
-110052.304   537.058   -54.35   86.29
-109764.967   514.422   -78.77   97.45
-109477.611   476.448  -132.14   95.33
-109190.236   441.583  -121.32   79.55
-108902.844   412.229  -102.13   61.09
-108615.433   389.142   -80.32   44.14
-108328.003   372.977   -56.24   29.79
-108040.555   363.889   -31.62   21.58
-107753.089   356.371   -26.15   11.85
-107465.605   352.408   -13.78    7.19
-107178.102   349.910    -8.69    5.82
-106890.580   349.319    -2.05    5.38
-106603.040   350.146     2.87    6.81
-106315.482   352.715     8.94    9.34
-106027.905   355.683    10.32   11.23
-105740.310   359.272    12.48   12.40
-105452.697   361.199     6.70   13.52
-105165.065   361.731     1.85   14.95
-104877.415   360.938    -2.76   16.17
-104589.746   359.540    -4.86   16.84
-104302.059   357.195    -8.15   16.94
-104014.353   356.650    -1.90   19.68
-103726.629   355.501    -3.99   23.56
-103438.886   357.893     8.31   28.27
-103151.125   364.388    22.57   35.27
-102863.346   371.649    25.23   41.88
-102575.548   382.567    37.93   51.23
-102287.731   399.219    57.85   63.63
-101999.897   430.479   108.60   82.98
-101712.043   463.692   115.38  100.92
-101424.171   506.891   150.06  117.64
-101136.281   549.170   146.85  115.69
-100848.372   591.468   146.91  116.86
-100560.445   643.991   182.41  116.48
-100272.499   694.924   176.87  122.25
 -99984.535   732.515   130.53  133.41
 -99696.552   760.633    97.63  159.60
 -99408.550   790.746   104.55  165.26
 -99120.531   830.565   138.25  168.50
 -98832.492   860.834   105.08  170.15
 -98544.435   895.141   119.09  159.25
 -98256.360   922.812    96.05  152.64
 -97968.266   947.565    85.92  145.78
 -97680.153   997.074   171.83  149.09
 -97392.022  1035.054   131.81  143.60
 -97103.873  1067.748   113.45  141.83
 -96815.704  1079.988    42.47  137.97
 -96527.518  1078.303    -5.85  133.96
 -96239.312  1065.470   -44.53  131.35
 -95951.089  1034.561  -107.23  140.13
 -95662.846  1002.823  -110.10  137.03
 -95374.585   979.707   -80.19  127.61
 -95086.306   951.133   -99.12  111.12
 -94798.008   917.818  -115.55  105.77
 -94509.691   890.961   -93.15  106.36
 -94221.356   858.416  -112.87  108.55
 -93933.002   831.287   -94.08  110.69
 -93644.629   793.078  -132.49  122.55
 -93356.238   742.858  -174.13  118.54
 -93067.828   689.300  -185.69  100.72
 -92779.400   651.908  -129.64   80.91
 -92490.953   622.005  -103.66   61.99
 -92202.488   599.137   -79.27   36.31
 -91914.004   583.910   -52.78   24.18
 -91625.501   573.534   -35.96   21.63
 -91336.979   564.214   -32.30   20.36
 -91048.439   556.856   -25.50   20.30
 -90759.881   547.104   -33.79   21.62
 -90471.303   537.422   -33.55   22.94
 -90184.113   525.771   -40.57   23.79
 -89899.384   516.141   -33.82   25.44
 -89614.637   504.658   -40.33   25.17
 -89329.873   494.298   -36.38   23.02
 -89045.092   482.980   -39.74   21.91
 -88760.293   472.798   -35.75   21.72
 -88475.477   462.324   -36.77   21.97
 -88190.644   453.383   -31.39   23.09
 -87905.793   443.343   -35.24   22.07
 -87620.925   434.826   -29.90   20.12
 -87336.039   426.092   -30.66   16.61
 -87051.137   418.511   -26.61   12.03
 -86766.216   412.698   -20.40    8.90
 -86481.279   408.751   -13.85    7.77
 -86196.323   405.730   -10.60    7.05
 -85911.351   402.836   -10.15    7.01
 -85626.361   399.444   -11.90    8.09
 -85341.354   395.601   -13.49   10.31
 -85056.329   391.292   -15.12   12.13
 -84771.287   387.293   -14.03   13.49
 -84486.228   382.912   -15.37   14.60
 -84201.151   377.170   -20.14   15.21
 -83916.056   371.691   -19.22   15.46
 -83630.945   365.117   -23.06   15.93
 -83345.815   358.560   -22.99   16.72
 -83060.669   352.599   -20.90   16.24
 -82775.505   347.070   -19.39   14.81
 -82490.323   342.272   -16.82   12.80
 -82205.124   337.439   -16.95   10.07
 -81919.908   333.690   -13.14    7.30
 -81634.674   331.649    -7.15    6.50
 -81349.423   330.286    -4.78    5.81
 -81064.154   329.378    -3.18    5.69
 -80778.868   327.224    -7.55    6.69
 -80493.564   324.258   -10.40    8.63
 -80208.243   321.269   -10.48    9.91
 -79922.905   318.272   -10.50   10.66
 -79637.548   315.566    -9.48   10.76
 -79352.175   312.230   -11.69   10.04
 -79066.784   308.499   -13.07    9.56
 -78781.375   306.166    -8.18    8.91
 -78495.949   304.306    -6.52    8.24
 -78210.506   302.551    -6.15    7.82
 -77925.045   300.518    -7.12    7.09
 -77639.566   298.202    -8.11    6.77
 -77354.070   294.724   -12.18    7.65
 -77068.556   290.805   -13.72    8.57
 -76783.025   286.562   -14.86    9.11
 -76497.477   282.599   -13.88    8.27
 -76211.911   279.983    -9.16    6.81
 -75926.327   277.528    -8.60    5.24
 -75640.726   275.815    -6.00    4.65
 -75355.107   274.238    -5.52    4.59
 -75069.471   273.189    -3.67    4.89
 -74783.817   271.476    -6.00    5.27
 -74498.146   269.756    -6.02    5.45
 -74212.457   267.381    -8.31    5.96
 -73926.750   265.046    -8.17    6.71
 -73641.026   262.585    -8.61    6.68
 -73355.285   260.466    -7.42    6.18
 -73069.526   258.436    -7.10    5.06
 -72783.749   256.906    -5.36    3.73
 -72497.955   256.226    -2.38    3.09
 -72212.143   256.422     0.69    3.99
 -71926.313   257.730     4.58    6.25
 -71640.466   259.739     7.03    8.12
 -71354.602   262.608    10.04    9.25
 -71068.720   265.101     8.72    8.96
 -70782.820   266.940     6.43    7.99
 -70496.902   267.886     3.31    6.45
 -70210.967   267.874    -0.04    5.33
 -69925.015   267.267    -2.12    4.65
 -69639.045   265.830    -5.03    4.07
 -69353.057   264.490    -4.69    3.76
 -69067.051   263.214    -4.46    3.76
 -68781.028   262.458    -2.64    4.16
 -68494.988   261.641    -2.85    4.70
 -68208.929   261.170    -1.65    4.73
 -67922.853   260.302    -3.03    4.40
 -67636.760   259.824    -1.67    4.10
 -67350.648   259.316    -1.78    3.42
 -67064.520   258.808    -1.78    2.64
 -66778.373   258.354    -1.59    2.37
 -66492.209   257.446    -3.17    2.32
 -66206.027   256.258    -4.15    2.60
 -65919.827   254.824    -5.01    3.15
 -65633.610   253.067    -6.14    3.72
 -65347.375   250.839    -7.78    4.18
 -65061.123   248.515    -8.12    4.44
 -64774.853   246.104    -8.42    4.39
 -64488.565   243.617    -8.69    4.20
 -64202.259   241.442    -7.60    3.78
 -63915.936   239.557    -6.58    3.52
 -63629.595   237.484    -7.24    3.40
 -63343.236   235.578    -6.66    3.24
 -63056.860   233.879    -5.93    3.19
 -62770.466   232.256    -5.67    3.21
 -62484.054   230.562    -5.91    3.17
 -62197.625   228.874    -5.89    3.08
 -61911.177   227.053    -6.36    2.95
 -61624.712   225.512    -5.38    2.68
 -61338.230   224.158    -4.73    2.41
 -61051.729   222.749    -4.92    2.22
 -60765.211   221.538    -4.23    2.29
 -60478.676   220.391    -4.00    2.39
 -60192.122   218.798    -5.56    2.92
 -59905.551   217.306    -5.21    3.30
 -59618.962   215.841    -5.11    3.20
 -59332.355   214.258    -5.52    2.71
 -59045.730   213.214    -3.64    2.21
 -58759.088   212.391    -2.87    1.45
 -58472.428   211.797    -2.07    0.55
 -58185.750   211.658    -0.49    0.00
 -57899.054   211.658     0.00    0.00
 -57612.341   211.658     0.00    0.00
 -57325.610   211.658     0.00    0.00
 -57038.861   211.658     0.00    0.00
 -56752.094   211.658     0.00    0.00
 -56465.309   211.812     0.54    0.77
 -56178.507   212.316     1.76    1.58
 -55891.687   212.879     1.96    2.02
 -55604.849   213.229     1.22    2.17
 -55317.993   213.333     0.36    2.19
 -55031.119   213.354     0.08    2.18
 -54744.228   213.202    -0.53    2.12
 -54457.319   212.749    -1.58    1.93
 -54170.392   212.186    -1.96    1.42
 -53883.447   211.728    -1.59    0.46
 -53596.484   211.658    -0.25    0.00
 -53309.504   211.658     0.00    0.00
 -53022.505   211.658     0.00    0.00
 -52735.489   211.756     0.34    0.43
 -52448.455   212.129     1.30    1.10
 -52161.403   212.811     2.37    1.80
 -51874.333   214.117     4.55    2.97
 -51587.246   215.649     5.34    3.59
 -51300.140   217.491     6.41    3.92
 -51013.017   219.458     6.85    3.77
 -50725.876   220.991     5.34    3.33
 -50438.717   222.617     5.66    3.15
 -50151.540   223.839     4.26    2.94
 -49864.345   225.422     5.51    2.92
 -49577.132   226.658     4.30    2.81
 -49289.902   227.864     4.20    2.89
 -49002.653   229.584     5.99    3.50
 -48715.387   231.690     7.33    4.45
 -48428.102   233.649     6.82    5.16
 -48140.800   236.279     9.15    6.03
 -47853.480   239.037     9.60    6.48
 -47566.142   241.559     8.78    6.37
 -47278.786   244.166     9.07    6.07
 -46991.412   246.086     6.68    5.53
 -46704.020   247.624     5.35    4.58
 -46416.611   248.967     4.67    3.78
 -46129.183   249.811     2.94    3.43
 -45841.737   250.600     2.74    3.39
 -45554.274   251.698     3.82    3.47
 -45266.792   252.894     4.16    3.86
 -44979.293   254.426     5.33    4.10
 -44691.776   256.851     8.43    4.51
 -44404.240   259.277     8.44    4.71
 -44116.687   261.674     8.34    4.70
 -43829.116   263.850     7.57    4.51
 -43541.526   266.034     7.59    4.13
 -43253.919   268.319     7.95    4.27
 -42966.294   271.891    12.42    6.12
 -42678.651   275.642    13.04    8.48
 -42390.990   280.249    16.02   10.56
 -42103.310   286.117    20.40   12.75
 -41815.613   294.343    28.59   15.56
 -41527.898   301.908    26.29   17.01
 -41240.165   312.089    35.38   19.07
 -40952.414   321.994    34.42   19.11
 -40664.645   331.641    33.52   19.09
 -40376.858   343.313    40.56   18.37
 -40089.052   352.925    33.40   17.86
 -39801.229   362.535    33.39   17.23
 -39513.388   372.813    35.71   18.61
 -39225.529   385.285    43.32   23.14
 -38937.651   397.773    43.38   26.83
 -38649.756   415.537    61.70   32.02
 -38361.843   431.698    56.13   34.14
 -38073.911   447.104    53.51   31.56
 -37785.962   463.043    55.35   23.70
 -37497.994   474.050    38.22   16.67
 -37210.009   482.797    30.37   12.44
 -36922.005   490.682    27.38   14.15
 -36633.983   499.189    29.54   17.85
 -36345.944   508.302    31.64   20.93
 -36057.886   521.170    44.67   23.13
 -35769.810   532.437    39.11   23.44
 -35481.716   544.216    40.88   21.01
 -35193.604   556.261    41.81   17.29
 -34905.473   564.721    29.36   14.20
 -34617.325   570.804    21.11   10.43
 -34329.159   575.699    16.99    7.69
 -34040.974   578.888    11.07    6.04
 -33752.772   580.096     4.19    4.88
 -33464.551   580.149     0.19    5.29
 -33176.312   579.262    -3.08    5.71
 -32888.055   578.715    -1.90    5.74
 -32599.780   578.041    -2.34    5.59
 -32311.487   576.602    -4.99    4.66
 -32023.176   576.244    -1.24    4.01
 -31734.846   576.199    -0.16    3.93
 -31446.499   574.324    -6.50    5.81
 -31158.133   571.030   -11.43    9.50
 -30869.749   565.866   -17.90   12.53
 -30581.347   560.874   -17.31   13.12
 -30292.927   556.223   -16.12   11.61
 -30004.489   550.757   -18.95    8.49
 -29716.032   546.004   -16.48    7.67
 -29427.557   542.253   -13.00    7.97
 -29139.065   538.365   -13.48    9.42
 -28850.553   533.906   -15.46   10.80
 -28562.024   528.443   -18.93   11.73
 -28275.286   522.313   -21.38   10.10
 -27990.511   518.986   -11.69    8.54
 -27705.720   517.043    -6.82    6.96
 -27420.911   515.996    -3.67    5.49
 -27136.086   515.330    -2.34    4.82
 -26851.243   514.550    -2.74    6.12
 -26566.384   510.303   -14.91   13.58
 -26281.508   501.890   -29.53   23.85
 -25996.614   489.412   -43.80   32.78
 -25711.704   472.319   -59.99   42.34
 -25426.777   451.959   -71.46   48.52
 -25141.833   432.300   -68.99   49.38
 -24856.873   410.858   -75.25   49.74
 -24571.895   390.199   -72.49   45.19
 -24286.900   366.116   -84.50   37.98
 -24001.888   350.082   -56.26   35.13
 -23716.860   333.674   -57.56   29.54
 -23431.814   319.154   -50.94   28.19
 -23146.752   306.117   -45.73   26.81
 -22861.672   294.707   -40.02   24.02
 -22576.576   283.512   -39.27   22.52
 -22291.462   273.779   -34.14   20.54
 -22006.332   263.977   -34.37   18.43
 -21721.185   255.602   -29.37   17.82
 -21436.020   247.666   -27.83   17.12
 -21150.839   240.601   -24.77   15.94
 -20865.641   234.186   -22.49   15.21
 -20580.425   228.305   -20.62   13.49
 -20295.193   221.341   -24.42   11.77
 -20009.944   216.358   -17.47   12.33
 -19724.678   210.266   -21.36   11.24
 -19439.395   204.754   -19.32   11.07
 -19154.094   199.761   -17.50   10.91
 -18868.777   194.616   -18.03   10.51
 -18583.443   189.182   -19.05   10.63
 -18298.092   183.730   -19.11   10.41
 -18012.723   177.682   -21.19   10.80
 -17727.338   171.975   -20.00   11.03
 -17441.936   166.391   -19.56   10.12
 -17156.516   160.499   -20.64    8.47
 -16871.080   156.197   -15.07    8.04
 -16585.626   152.166   -14.12    7.33
 -16300.156   147.503   -16.33    7.17
 -16014.668   143.933   -12.50    7.05
 -15729.164   140.277   -12.80    6.86
 -15443.642   136.367   -13.69    6.58
 -15158.104   132.967   -11.91    6.22
 -14872.548   129.758   -11.24    5.65
 -14586.975   126.882   -10.07    5.28
 -14301.385   123.761   -10.93    5.03
 -14015.778   120.996    -9.68    4.65
 -13730.154   118.340    -9.30    4.50
 -13444.513   115.875    -8.63    4.56
 -13158.855   113.162    -9.50    4.71
 -12873.180   110.713    -8.57    4.83
 -12587.487   107.985    -9.55    4.96
 -12301.778   105.346    -9.24    4.99
 -12016.051   102.834    -8.79    5.13
 -11730.308   100.045    -9.76    5.42
 -11444.547    97.375    -9.34    5.14
 -11158.769    95.015    -8.26    4.57
 -10872.974    92.600    -8.45    4.07
 -10587.162    90.356    -7.85    4.15
 -10301.333    87.933    -8.48    4.81
 -10015.487    85.509    -8.48    5.39
  -9729.624    82.777    -9.56    5.77
  -9443.743    79.877   -10.14    5.70
  -9157.845    76.715   -11.06    5.34
  -8871.931    73.746   -10.38    4.79
  -8585.999    71.264    -8.68    4.72
  -8300.050    68.574    -9.41    4.53
  -8014.083    66.469    -7.36    4.16
  -7728.100    64.534    -6.77    3.40
  -7442.099    62.609    -6.73    3.00
  -7156.082    61.004    -5.61    2.97
  -6870.047    59.446    -5.45    3.24
  -6583.995    57.760    -5.89    3.69
  -6297.926    55.867    -6.62    3.98
  -6011.839    53.699    -7.58    3.97
  -5725.736    51.793    -6.66    3.90
  -5439.615    49.762    -7.10    3.42
  -5153.477    48.153    -5.62    2.85
  -4867.322    46.959    -4.17    2.33
  -4581.150    46.294    -2.32    1.98
  -4294.960    45.822    -1.65    2.62
  -4008.754    46.086     0.92    3.38
  -3722.530    47.097     3.53    4.20
  -3436.289    48.585     5.20    5.28
  -3150.031    50.459     6.55    5.86
  -2863.755    52.492     7.10    5.70
  -2577.462    53.585     3.82    5.20
  -2291.152    52.898    -2.40    8.46
  -2004.825    47.715   -18.10   17.85
  -1718.481    39.927   -27.20   23.88
  -1432.119    30.900   -31.53   26.39
  -1145.740    21.765   -31.90   25.48
   -859.344    13.862   -27.59   22.42
   -572.931     6.058   -27.25   15.94
   -286.501     0.766   -18.47    6.32
     -0.053    -0.334    -3.84    0.09
    286.412     0.211     1.91    2.38
    572.895     2.641     8.48    6.78
    859.394     5.730    10.78    9.24
   1145.911     8.674    10.28   10.15
   1432.445    11.826    11.00   10.09
   1718.997    14.594     9.66    8.78
   2005.565    17.096     8.73    6.36
   2292.151    18.230     3.96    4.73
   2578.754    18.610     1.32    3.75
   2865.375    18.900     1.01    3.53
   3152.013    19.745     2.95    3.91
   3438.668    20.988     4.34    4.43
   3725.340    22.798     6.31    3.81
   4012.030    24.358     5.44    3.51
   4298.737    25.553     4.17    3.83
   4585.461    27.227     5.84    4.00
   4872.203    28.793     5.46    4.01
   5158.962    30.191     4.88    3.64
   5445.738    31.922     6.04    3.20
   5732.532    33.170     4.35    3.26
   6019.343    34.796     5.67    3.05
   6306.171    36.206     4.92    3.24
   6593.017    37.962     6.12    3.05
   6879.880    39.401     5.02    2.71
   7166.760    40.932     5.33    2.51
   7453.657    42.277     4.69    2.38
   7740.572    43.641     4.76    2.28
   8027.505    44.799     4.04    2.28
   8314.454    45.883     3.78    2.23
   8601.421    46.980     3.82    2.24
   8888.406    48.098     3.89    2.32
   9175.408    49.332     4.30    2.39
   9462.427    50.649     4.59    2.65
   9749.463    51.714     3.71    2.78
  10036.517    53.199     5.17    3.36
  10323.589    54.966     6.16    3.60
  10610.677    56.264     4.52    3.72
  10897.783    57.955     5.89    3.60
  11184.907    59.386     4.98    3.49
  11472.048    60.392     3.50    3.63
  11759.206    61.484     3.80    3.61
  12046.382    62.418     3.25    3.96
  12333.575    63.793     4.79    4.35
  12620.785    65.518     6.01    4.28
  12908.013    67.514     6.95    5.22
  13195.259    69.722     7.69    5.61
  13482.521    72.267     8.86    5.80
  13769.802    75.406    10.92    6.69
  14057.099    79.082    12.80    7.64
  14344.414    83.064    13.86    7.83
  14631.747    86.900    13.35    7.97
  14919.097    90.682    13.16    7.45
  15206.464    95.023    15.11    7.04
  15493.849    98.882    13.43    6.56
  15781.251   102.166    11.43    6.10
  16068.671   105.357    11.10    5.46
  16356.108   107.784     8.44    4.47
  16643.563   109.863     7.23    3.41
  16931.035   111.440     5.49    2.56
  17218.525   112.507     3.71    2.23
  17506.032   113.256     2.61    2.15
  17793.557   114.190     3.25    2.09
  18081.099   115.072     3.07    2.14
  18368.658   115.762     2.40    2.11
  18656.236   116.530     2.67    2.21
  18943.830   117.383     2.97    2.43
  19231.442   118.397     3.53    2.45
  19519.072   119.059     2.30    2.35
  19806.719   119.391     1.16    2.30
  20094.384   119.235    -0.54    2.55
  20382.066   119.017    -0.76    2.52
  20669.765   118.782    -0.82    2.33
  20957.483   118.690    -0.32    2.00
  21245.217   118.586    -0.36    1.76
  21532.970   118.772     0.65    1.53
  21820.739   119.170     1.38    1.51
  22108.527   119.288     0.41    1.68
  22396.332   119.294     0.02    1.81
  22684.154   119.279    -0.05    1.83
  22971.994   119.146    -0.46    1.74
  23259.852   119.190     0.15    1.55
  23547.727   119.480     1.01    1.64
  23835.619   120.033     1.92    1.52
  24123.530   120.674     2.23    1.32
  24411.457   121.218     1.89    1.29
  24699.403   121.523     1.06    1.22
  24987.366   121.682     0.55    1.23
  25275.346   121.847     0.57    1.33
  25563.344   121.747    -0.35    1.50
  25851.360   121.420    -1.14    1.80
  26139.393   120.947    -1.64    2.00
  26427.444   120.616    -1.15    2.01
  26715.513   120.804     0.65    2.12
  27003.599   121.150     1.20    2.47
  27291.703   121.485     1.17    2.42
  27579.824   122.441     3.32    2.65
  27867.963   123.248     2.80    2.65
  28156.119   124.203     3.31    2.27
  28444.294   125.229     3.56    2.19
  28732.485   126.095     3.01    2.25
  29020.695   127.109     3.52    2.23
  29308.922   128.181     3.72    2.39
  29597.167   129.240     3.67    2.34
  29885.429   130.018     2.70    2.09
  30173.709   130.512     1.71    2.00
  30462.007   130.744     0.80    1.86
  30750.322   130.811     0.23    1.83
  31038.655   130.753    -0.20    1.72
  31327.006   130.924     0.59    1.71
  31615.374   131.286     1.26    1.73
  31903.760   131.840     1.92    2.04
  32192.164   132.561     2.50    2.09
  32480.585   133.332     2.68    2.08
  32769.024   133.986     2.27    1.92
  33057.481   134.438     1.57    1.73
  33345.955   135.089     2.25    1.82
  33632.276   135.562     1.65    1.86
  33917.097   136.007     1.56    1.76
  34201.935   136.539     1.87    1.80
  34486.790   136.986     1.57    1.78
  34771.661   137.567     2.04    1.76
  35056.548   138.007     1.54    1.92
  35341.452   138.472     1.63    1.94
  35626.372   139.194     2.53    2.03
  35911.309   140.026     2.92    2.31
  36196.262   141.012     3.46    2.54
  36481.231   142.173     4.07    2.99
  36766.217   143.327     4.05    3.23
  37051.220   145.018     5.93    3.39
  37336.239   147.102     7.31    4.09
  37621.274   149.464     8.29    5.04
  37906.326   152.162     9.46    5.99
  38191.394   154.768     9.14    6.79
  38476.479   157.641    10.08    7.16
  38761.581   160.504    10.04    6.95
  39046.698   162.946     8.56    6.41
  39331.833   165.206     7.93    5.76
  39616.983   166.618     4.95    5.46
  39902.151   167.918     4.56    4.62
  40187.334   169.414     5.25    3.66
  40472.535   170.204     2.77    3.39
  40757.751   171.344     3.99    2.83
  41042.985   172.359     3.56    3.21
  41328.234   173.396     3.63    3.00
  41613.501   174.488     3.83    3.04
  41898.783   175.925     5.04    3.21
  42184.083   177.454     5.36    3.44
  42469.399   179.690     7.84    3.80
  42754.731   181.831     7.50    4.34
  43040.080   183.961     7.46    5.11
  43325.445   186.978    10.57    5.83
  43610.827   189.768     9.78    6.01
  43896.226   192.509     9.60    5.88
  44181.641   194.595     7.31    6.06
  44467.072   196.479     6.60    6.29
  44752.520   197.593     3.90    6.18
  45037.985   198.681     3.81    6.34
  45323.466   199.495     2.85    6.29
  45608.964   200.867     4.81    6.53
  45894.479   202.477     5.64    6.64
  46180.010   204.149     5.86    7.44
  46465.557   207.193    10.66    9.29
  46751.121   210.920    13.05   10.15
  47036.702   212.869     6.83    9.45
  47322.299   214.524     5.79    8.05
  47607.913   215.558     3.62    6.87
  47893.543   216.025     1.63    5.62
  48179.190   216.475     1.58    4.99
  48464.854   216.198    -0.97    3.93
  48750.534   217.036     2.93    4.09
  49036.231   218.813     6.22    5.16
  49321.945   222.150    11.68    5.66
  49607.675   225.036    10.10    5.89
  49893.421   228.037    10.50    5.54
  50179.185   230.410     8.30    4.70
  50464.965   232.609     7.70    3.82
  50750.761   234.330     6.02    3.37
  51036.574   235.540     4.24    3.31
  51322.404   235.883     1.20    3.90
  51608.250   236.446     1.97    4.54
  51894.113   237.337     3.12    4.95
  52179.993   238.383     3.66    5.51
  52465.889   239.530     4.01    6.62
  52751.802   241.018     5.20    7.11
  53037.732   243.545     8.84    7.89
  53323.678   246.894    11.71    7.89
  53609.641   250.414    12.31    7.53
  53895.621   253.528    10.89    7.54
  54181.617   256.913    11.84    7.54
  54467.630   259.864    10.32    7.30
  54753.660   262.271     8.41    7.10
  55039.706   263.556     4.49    7.68
  55325.769   264.359     2.81    8.05
  55611.849   265.083     2.53    8.01
  55897.945   265.723     2.24    7.88
  56184.058   266.428     2.47    7.17
  56470.188   268.146     6.00    6.76
  56756.334   269.948     6.30    7.01
  57042.498   272.896    10.30    6.98
  57328.677   276.751    13.47    6.89
  57614.874   279.805    10.67    6.31
  57901.087   282.500     9.42    5.66
  58187.317   284.942     8.53    4.99
  58473.564   286.823     6.57    4.24
  58759.827   288.799     6.90    3.85
  59046.108   290.502     5.95    3.91
  59332.404   291.327     2.88    4.24
  59618.718   292.311     3.44    4.55
  59905.048   293.432     3.91    4.75
  60191.395   294.503     3.74    4.87
  60477.759   295.978     5.15    4.75
  60764.140   297.357     4.82    5.03
  61050.537   299.062     5.96    5.52
  61336.951   300.910     6.45    5.52
  61623.382   302.221     4.58    5.18
  61909.830   303.737     5.29    4.71
  62196.294   305.723     6.93    4.39
  62482.775   307.477     6.12    4.53
  62769.273   309.018     5.38    5.21
  63055.788   310.763     6.09    5.71
  63342.319   313.169     8.40    5.94
  63628.868   315.944     9.69    5.98
  63915.433   318.367     8.45    5.81
  64202.014   320.462     7.31    5.85
  64488.613   322.553     7.29    5.85
  64775.228   324.777     7.76    5.83
  65061.861   326.666     6.59    6.08
  65348.510   328.723     7.18    6.45
  65635.175   331.048     8.11    6.69
  65921.858   333.690     9.21    7.25
  66208.557   335.948     7.88    7.39
  66495.274   338.721     9.67    7.69
  66782.007   341.256     8.84    7.85
  67068.757   343.698     8.52    7.92
  67355.523   345.861     7.54    8.08
  67642.307   347.747     6.58    7.92
  67929.107   349.288     5.37    8.15
  68215.925   350.674     4.83    8.19
  68502.759   351.404     2.54    8.33
  68789.610   352.791     4.84    8.96
  69076.477   353.210     1.46    9.31
  69363.362   353.988     2.71    9.55
  69650.264   355.169     4.12   10.03
  69937.182   356.037     3.02   10.27
  70224.117   357.262     4.27   10.76
  70511.069   358.770     5.25   10.86
  70798.038   360.072     4.54   10.91
  71085.024   361.697     5.66   10.90
  71372.027   363.032     4.65   10.35
  71659.046   364.086     3.67   10.51
  71946.083   364.808     2.52   10.48
  72233.136   365.592     2.73   10.23
  72520.206   366.501     3.17   10.64
  72807.294   367.162     2.30   10.44
  73094.398   367.746     2.04    9.97
  73381.519   368.906     4.04   10.31
  73668.657   370.150     4.33    9.87
  73955.811   371.194     3.64    9.84
  74242.983   372.681     5.18   10.16
  74530.172   373.972     4.50    9.77
  74817.377   375.354     4.81    9.79
  75104.600   376.935     5.51    9.86
  75391.839   378.666     6.02    9.75
  75679.095   380.603     6.74    9.88
  75966.369   382.666     7.18    9.68
  76253.659   383.436     2.68    9.90
  76540.966   384.603     4.06   10.80
  76828.290   385.811     4.20   10.95
  77115.631   386.047     0.82   11.89
  77402.989   386.650     2.10   13.00
  77690.364   386.780     0.45   13.49
  77977.756   387.264     1.69   14.20
  78265.165   387.658     1.37   14.42
  78552.591   387.097    -1.95   14.06
  78840.033   388.348     4.35   14.90
  79127.493   389.085     2.56   14.89
  79414.970   388.896    -0.66   15.12
  79702.464   389.847     3.31   15.29
  79989.974   390.446     2.09   14.55
  80277.502   390.735     1.00   15.06
  80565.047   391.540     2.80   14.29
  80852.609   391.811     0.94   13.79
  81140.187   391.839     0.10   13.60
  81427.783   392.544     2.45   12.70
  81715.396   391.511    -3.59   12.86
  82003.025   390.967    -1.89   13.50
  82290.672   390.964    -0.01   13.13
  82578.336   390.388    -2.00   13.72
  82866.017   389.770    -2.15   13.30
  83153.715   389.408    -1.26   12.79
  83441.429   388.970    -1.52   13.08
  83729.161   388.916    -0.19   12.86
  84016.910   388.089    -2.87   12.95
  84304.676   387.983    -0.37   13.80
  84592.459   387.381    -2.09   13.52
  84880.259   386.004    -4.78   13.73
  85168.076   385.232    -2.68   14.24
  85455.911   384.414    -2.84   14.03
  85743.762   383.125    -4.48   14.33
  86031.630   381.782    -4.67   14.25
  86319.515   379.795    -6.90   13.67
  86607.418   378.815    -3.40   14.24
  86895.337   377.690    -3.91   13.81
  87183.274   375.494    -7.63   13.18
  87471.228   375.293    -0.70   13.70
  87759.198   373.851    -5.01   13.30
  88047.186   372.445    -4.88   13.25
  88335.191   371.681    -2.65   13.22
  88623.213   370.469    -4.21   12.31
  88911.252   368.845    -5.64   12.77
  89199.308   367.531    -4.56   12.48
  89487.382   365.682    -6.42   12.29
  89775.472   363.611    -7.19   13.63
  90063.580   362.330    -4.45   12.89
  90351.704   359.480    -9.89   13.22
  90639.846   357.728    -6.08   13.35
  90928.005   355.609    -7.35   12.36
  91216.181   352.340   -11.34   12.44
  91504.374   349.642    -9.36   11.83
  91792.585   346.045   -12.48   10.87
  92080.812   342.619   -11.89   10.89
  92369.057   339.308   -11.49   10.14
  92657.318   334.859   -15.44    9.40
  92945.597   331.673   -11.05    9.35
  93233.893   328.335   -11.58    8.12
  93522.206   324.954   -11.73    7.75
  93810.537   321.994   -10.27    7.24
  94098.884   319.584    -8.36    6.41
  94387.249   317.450    -7.40    6.42
  94675.631   315.720    -6.00    6.27
  94964.030   314.259    -5.06    5.60
  95252.446   312.925    -4.63    6.33
  95538.388   311.900    -3.59    6.10
  95823.256   310.221    -5.89    6.30
  96108.140   309.110    -3.90    6.80
  96393.040   307.787    -4.65    6.78
  96677.955   306.503    -4.51    7.11
  96962.887   305.514    -3.47    7.10
  97247.835   304.194    -4.63    6.91
  97532.798   303.526    -2.35    7.08
  97817.778   302.682    -2.96    6.70
  98102.773   301.973    -2.49    6.92
  98387.785   301.150    -2.89    6.65
  98672.812   299.842    -4.59    6.45
  98957.856   299.083    -2.66    6.89
  99242.915   298.295    -2.76    6.72
  99527.991   297.353    -3.30    6.98
  99813.082   296.586    -2.69    6.80
 100098.189   295.410    -4.12    6.28
 100383.312   294.774    -2.23    6.28
 100668.452   294.029    -2.61    5.46
 100953.607   293.329    -2.45    5.57
 101238.778   292.508    -2.88    5.37
 101523.965   291.424    -3.80    5.29
 101809.169   290.713    -2.49    5.63
 102094.388   290.383    -1.15    5.47
 102379.623   289.374    -3.54    5.89
 102664.874   288.546    -2.90    6.05
 102950.142   287.422    -3.94    6.00
 103235.425   286.472    -3.33    6.54
 103520.724   285.101    -4.80    6.33
 103806.040   283.414    -5.92    6.73
 104091.371   281.642    -6.21    7.21
 104376.718   279.594    -7.18    7.34
 104662.082   276.712   -10.10    8.73
 104947.461   274.495    -7.77    8.92
 105232.856   270.418   -14.29   10.05
 105518.268   266.878   -12.40   10.82
 105803.695   262.867   -14.05   10.92
 106089.139   258.983   -13.61   11.68
 106374.599   255.788   -11.19   11.34
 106660.074   251.618   -14.61   11.74
 106945.566   248.306   -11.60   11.81
 107231.074   244.601   -12.98   10.91
 107516.598   240.369   -14.82   11.10
 107802.138   236.999   -11.80   10.17
 108087.694   233.174   -13.40    9.59
 108373.266   230.789    -8.35    9.86
 108658.854   228.150    -9.24    8.90
 108944.458   226.070    -7.28    8.74
 109230.078   224.186    -6.60    8.09
 109515.715   221.690    -8.74    8.15
 109801.367   219.555    -7.47    9.50
 110087.036   216.929    -9.19    9.62
 110372.720   214.239    -9.41   10.58
 110658.421   211.579    -9.31   10.79
 110944.138   208.411   -11.09   10.13
