-133480.074   412.584     0.00    1.67
-133193.690   411.937    -2.26    2.30
-132907.301   409.773    -7.56    6.45
-132620.908   405.928   -13.43   15.25
-132334.510   399.558   -22.24   26.61
-132048.108   381.814   -61.95   48.87
-131761.701   353.916   -97.41   76.00
-131475.289   323.033  -107.83   90.40
-131188.873   298.834   -84.49   88.74
-130902.453   287.871   -38.28   84.95
-130616.028   287.949     0.27   81.94
-130329.598   294.053    21.31   79.41
-130043.163   306.474    43.36   76.81
-129756.724   320.992    50.68   69.07
-129470.281   333.532    43.78   56.33
-129183.833   330.892    -9.22   58.64
-128897.380   315.083   -55.19   64.00
-128610.923   299.203   -55.43   62.04
-128324.461   292.984   -21.71   55.83
-128037.995   290.482    -8.74   48.28
-127751.524   292.942     8.59   42.15
-127465.048   294.590     5.75   34.73
-127178.568   301.332    23.53   27.29
-126892.083   310.174    30.86   17.17
-126605.594   315.034    16.96    7.90
-126319.100   315.534     1.75    7.86
-126032.601   314.196    -4.67    9.09
-125746.098   311.614    -9.01   10.26
-125459.591   308.985    -9.18   10.13
-125173.079   306.076   -10.15    9.58
-124886.562   302.942   -10.94    9.59
-124600.040   298.914   -14.06   11.01
-124313.515   294.721   -14.63   13.52
-124026.984   288.498   -21.72   17.08
-123740.449   281.985   -22.73   19.20
-123453.909   275.146   -23.87   19.57
-123167.365   268.664   -22.62   18.67
-122880.816   263.275   -18.80   16.90
-122594.263   257.887   -18.80   14.63
-122307.705   253.978   -13.64   12.97
-122021.142   250.422   -12.41   12.36
-121734.575   247.652    -9.67   11.77
-121448.003   244.942    -9.45   11.00
-121161.427   243.311    -5.69   10.38
-120874.846   241.824    -5.19    9.69
-120588.260   239.943    -6.56    9.22
-120301.670   238.705    -4.32    8.76
-120015.075   237.857    -2.96    8.25
-119728.476   237.794    -0.22    8.09
-119441.872   237.815     0.07    7.52
-119155.264   237.804    -0.04    6.70
-118868.651   237.332    -1.65    6.17
-118582.033   236.191    -3.98    6.15
-118295.411   234.249    -6.77    7.22
-118008.784   233.255    -3.47    8.12
-117722.153   232.200    -3.68    8.77
-117435.517   231.778    -1.47    8.78
-117148.876   231.776    -0.00    8.83
-116862.231   232.142     1.28    8.56
-116575.581   233.453     4.57    7.71
-116288.927   234.752     4.53    6.76
-116002.268   235.786     3.60    5.76
-115715.604   237.311     5.32    3.57
-115428.936   234.628    -9.36   13.99
-115142.264   222.435   -42.53   35.53
-114855.586   214.511   -27.64   41.60
-114568.905   198.867   -54.57   51.81
-114282.218   182.998   -55.35   58.28
-113995.527   165.667   -60.45   60.42
-113708.831   149.676   -55.78   59.17
-113422.131   147.742    -6.74   61.23
-113135.426   147.389    -1.23   62.07
-112848.717   143.596   -13.23   59.45
-112562.003   142.236    -4.75   58.31
-112275.284   139.610    -9.16   56.81
-111988.561   140.362     2.63   56.89
-111701.833   142.309     6.79   56.20
-111415.101   147.888    19.46   57.35
-111128.364   149.628     6.07   57.50
-110841.622   150.081     1.58   56.42
-110554.876   151.449     4.77   55.31
-110268.125   153.171     6.00   55.16
-109981.370   154.758     5.53   55.43
-109694.610   160.406    19.70   56.01
-109407.845   162.195     6.24   55.80
-109121.076   166.992    16.73   55.94
-108834.302   170.086    10.79   55.66
-108547.524   174.273    14.60   55.25
-108260.741   179.633    18.69   54.56
-107973.954   185.799    21.50   52.30
-107687.162   192.765    24.29   48.89
-107400.365   202.640    34.43   40.98
-107113.563   208.699    21.13   35.01
-106826.757   214.585    20.52   26.29
-106539.947   220.361    20.14    9.02
-106253.132   221.535     4.09    1.59
-105966.312   221.281    -0.89    1.69
-105679.488   220.764    -1.80    1.73
-105392.659   220.316    -1.56    1.95
-105105.825   219.726    -2.06    2.25
-104818.987   218.991    -2.56    2.37
-104532.144   218.394    -2.08    2.41
-104245.297   217.535    -3.00    2.39
-103958.445   216.728    -2.81    2.47
-103671.589   215.921    -2.81    2.51
-103384.727   215.088    -2.90    2.34
-103097.862   214.440    -2.26    2.23
-102810.991   213.782    -2.29    2.22
-102524.116   213.177    -2.11    1.94
-102237.237   212.914    -0.91    1.89
-101950.353   212.726    -0.66    1.78
-101663.464   212.633    -0.33    1.82
-101376.571   212.776     0.50    2.00
-101089.673   213.121     1.20    2.20
-100802.770   213.721     2.09    2.45
-100515.863   214.361     2.23    2.60
-100229.144   214.894     1.86    2.61
 -99943.139   215.315     1.47    2.70
 -99657.131   215.371     0.19    2.74
 -99371.119   215.091    -0.98    2.71
 -99085.103   214.757    -1.17    2.62
 -98799.083   214.316    -1.54    2.51
 -98513.059   213.705    -2.14    2.19
 -98227.031   213.165    -1.89    1.69
 -97941.000   212.922    -0.85    1.34
 -97654.964   212.908    -0.05    1.43
 -97368.925   212.893    -0.05    1.46
 -97082.882   212.857    -0.12    1.47
 -96796.835   212.765    -0.32    1.47
 -96510.785   212.630    -0.47    1.31
 -96224.730   212.355    -0.96    0.92
 -95938.672   212.200    -0.54    0.77
 -95652.610   212.106    -0.33    0.72
 -95366.544   211.957    -0.52    0.74
 -95080.474   211.815    -0.50    0.76
 -94794.400   211.509    -1.07    0.86
 -94508.323   211.181    -1.15    0.86
 -94222.241   210.802    -1.32    0.76
 -93936.156   210.502    -1.05    0.66
 -93650.067   210.240    -0.92    0.48
 -93363.974   210.105    -0.47    0.35
 -93077.878   210.064    -0.14    0.35
 -92791.777   210.132     0.24    0.47
 -92505.673   210.157     0.09    0.53
 -92219.564   210.109    -0.17    0.53
 -91933.452   210.006    -0.36    0.44
 -91647.336   209.949    -0.20    0.40
 -91361.217   209.892    -0.20    0.29
 -91075.093   209.879    -0.04    0.28
 -90788.966   209.887     0.03    0.27
 -90502.834   209.887     0.00    0.27
 -90216.699   209.894     0.02    0.26
 -89930.560   209.922     0.10    0.20
 -89644.418   209.928     0.02    0.19
 -89358.271   209.950     0.08    0.12
 -89072.121   209.964     0.05    0.00
 -88785.966   209.964     0.00    0.00
 -88499.808   209.161    -2.81    4.95
 -88213.646   205.478   -12.87   10.42
 -87927.480   201.158   -15.09   12.92
 -87641.311   196.778   -15.31   13.63
 -87355.137   192.311   -15.61   12.75
 -87068.960   188.309   -13.99   10.27
 -86782.779   184.874   -12.00    6.01
 -86496.593   184.272    -2.10    4.59
 -86210.405   184.499     0.79    4.88
 -85924.212   185.297     2.79    5.56
 -85638.015   186.792     5.22    6.18
 -85351.815   188.264     5.14    6.60
 -85065.611   190.141     6.56    6.54
 -84779.402   192.041     6.64    5.76
 -84493.191   193.719     5.86    4.38
 -84206.975   194.552     2.91    3.06
 -83920.755   194.616     0.22    2.49
 -83634.532   193.870    -2.61    2.99
 -83348.304   192.464    -4.91    3.58
 -83062.073   190.691    -6.19    3.81
 -82775.838   188.762    -6.74    3.78
 -82489.599   186.906    -6.48    3.64
 -82203.356   185.226    -5.87    3.49
 -81917.110   183.552    -5.85    3.28
 -81630.859   181.985    -5.48    3.09
 -81344.605   180.527    -5.09    2.88
 -81058.347   179.209    -4.61    2.66
 -80772.085   177.943    -4.42    2.39
 -80485.819   176.829    -3.89    2.32
 -80199.550   175.737    -3.82    2.28
 -79913.276   174.673    -3.72    2.27
 -79626.999   173.775    -3.14    2.22
 -79340.718   172.839    -3.27    2.09
 -79054.433   172.026    -2.84    1.81
 -78768.144   171.210    -2.85    1.48
 -78481.851   170.623    -2.05    1.22
 -78195.554   170.168    -1.59    0.96
 -77909.254   169.879    -1.01    0.66
 -77622.950   169.761    -0.41    0.51
 -77336.642   169.707    -0.19    0.44
 -77050.330   169.703    -0.01    0.44
 -76764.014   169.708     0.02    0.47
 -76477.694   169.678    -0.11    0.55
 -76191.370   169.623    -0.19    0.58
 -75905.043   169.555    -0.24    0.60
 -75618.712   169.515    -0.14    0.60
 -75332.377   169.600     0.30    0.66
 -75046.038   169.774     0.61    0.66
 -74759.695   169.999     0.79    0.81
 -74473.348   170.276     0.97    1.05
 -74186.998   170.675     1.39    1.48
 -73900.644   171.118     1.55    1.81
 -73614.285   171.339     0.77    2.17
 -73327.923   171.768     1.50    2.74
 -73041.557   172.517     2.62    3.01
 -72755.188   173.042     1.83    3.26
 -72468.814   173.425     1.34    3.42
 -72182.437   173.789     1.27    3.73
 -71896.055   174.526     2.57    4.18
 -71609.670   175.439     3.19    4.59
 -71323.281   176.216     2.71    5.89
 -71036.888   177.429     4.24    7.26
 -70750.491   179.020     5.56    7.96
 -70464.091   180.485     5.11    8.59
 -70177.686   181.651     4.07    9.61
 -69891.278   182.103     1.58    9.76
 -69604.866   180.297    -6.30   11.14
 -69318.450   175.716   -16.00   15.80
 -69032.030   168.396   -25.55   20.01
 -68745.606   160.638   -27.09   21.62
 -68459.179   152.097   -29.82   20.09
 -68172.747   144.267   -27.34   16.02
 -67886.312   137.837   -22.45   11.07
 -67599.873   133.027   -16.79    7.96
 -67313.430   129.879   -10.99    7.29
 -67026.983   127.028    -9.95    6.76
 -66740.532   124.223    -9.79    5.98
 -66454.078   122.082    -7.47    4.99
 -66167.619   120.179    -6.64    4.77
 -65881.157   118.200    -6.91    5.26
 -65594.691   115.698    -8.74    5.74
 -65308.221   113.276    -8.45    6.68
 -65021.747   109.978   -11.51    8.04
 -64735.269   106.055   -13.69    8.59
 -64448.788   102.803   -11.35    7.68
 -64162.302   101.020    -6.22    6.36
 -63875.813   101.554     1.86    7.12
 -63589.320   103.794     7.82    8.70
 -63302.823   107.147    11.70    9.82
 -63016.322   111.385    14.79    9.06
 -62729.817   115.649    14.88    6.71
 -62443.308   118.354     9.44    4.70
 -62156.796   119.674     4.61    4.48
 -61870.280   120.337     2.31    4.50
 -61583.759   120.742     1.41    4.47
 -61297.235   121.299     1.94    4.43
 -61010.708   121.880     2.03    4.29
 -60724.176   122.830     3.31    4.20
 -60437.640   123.790     3.35    3.89
 -60151.101   124.492     2.45    3.36
 -59864.557   124.922     1.50    2.80
 -59578.010   125.055     0.47    2.48
 -59291.459   124.964    -0.32    2.35
 -59004.904   124.540    -1.48    2.24
 -58718.345   123.771    -2.69    2.25
 -58431.783   122.991    -2.72    2.07
 -58145.216   122.182    -2.82    1.92
 -57858.646   121.226    -3.34    2.04
 -57572.071   120.285    -3.28    2.47
 -57285.493   119.226    -3.70    2.65
 -56998.911   118.269    -3.34    2.65
 -56712.325   117.302    -3.38    2.66
 -56425.736   116.083    -4.25    2.83
 -56139.142   114.731    -4.71    2.94
 -55852.545   113.429    -4.55    3.41
 -55565.943   111.865    -5.45    4.19
 -55279.338   109.992    -6.54    4.57
 -54992.729   107.991    -6.98    4.29
 -54706.116   106.579    -4.93    3.55
 -54419.499   105.775    -2.81    2.75
 -54132.879   105.260    -1.80    2.10
 -53846.254   104.595    -2.32    2.64
 -53559.626   103.436    -4.04    4.16
 -53272.994   101.887    -5.40    5.24
 -52986.358    99.798    -7.29    5.68
 -52699.718    97.596    -7.68    5.06
 -52413.074    95.971    -5.67    3.71
 -52126.426    95.121    -2.97    2.26
 -51839.775    95.716     2.07    2.78
 -51553.119    96.775     3.70    3.03
 -51266.460    98.040     4.41    2.89
 -50979.797    99.129     3.80    2.66
 -50693.130   100.006     3.06    2.45
 -50406.459   100.492     1.70    2.36
 -50119.784   100.760     0.93    2.30
 -49833.105   100.703    -0.20    2.25
 -49546.423   100.207    -1.73    2.40
 -49259.736    99.309    -3.13    2.79
 -48973.046    97.811    -5.22    3.55
 -48686.352    95.758    -7.16    4.46
 -48399.654    93.207    -8.90    5.12
 -48112.952    90.361    -9.93    5.53
 -47826.246    87.614    -9.58    5.49
 -47539.537    84.662   -10.30    5.18
 -47252.823    82.263    -8.37    4.71
 -46966.106    80.250    -7.02    4.08
 -46679.384    78.255    -6.96    3.75
 -46392.659    76.240    -7.02    3.69
 -46105.930    74.414    -6.37    3.81
 -45819.198    72.922    -5.20    3.66
 -45532.461    71.317    -5.60    3.51
 -45245.720    70.164    -4.02    3.17
 -44958.976    69.471    -2.42    2.79
 -44672.227    69.141    -1.15    2.96
 -44385.475    69.093    -0.17    3.09
 -44098.719    69.509     1.45    3.45
 -43811.959    70.147     2.23    4.03
 -43525.195    70.508     1.26    4.35
 -43238.428    70.943     1.52    4.23
 -42951.656    71.352     1.43    3.91
 -42664.881    71.521     0.59    3.64
 -42378.101    71.114    -1.42    3.86
 -42091.318    69.156    -6.83    4.57
 -41804.531    67.299    -6.47    4.24
 -41517.740    65.743    -5.43    3.71
 -41230.945    64.429    -4.58    3.10
 -40944.146    63.464    -3.36    2.33
 -40657.344    62.841    -2.17    1.53
 -40370.537    62.707    -0.47    1.55
 -40083.727    62.460    -0.86    1.61
 -39796.913    62.147    -1.09    1.94
 -39510.095    61.675    -1.65    2.39
 -39223.273    61.099    -2.01    2.67
 -38936.447    60.557    -1.89    2.94
 -38649.617    60.107    -1.57    2.99
 -38362.996    59.450    -2.29    3.21
 -38076.914    59.202    -0.87    3.25
 -37790.828    59.011    -0.67    3.27
 -37504.738    58.882    -0.45    3.25
 -37218.646    58.518    -1.27    3.28
 -36932.551    58.407    -0.39    3.24
 -36646.452    58.178    -0.80    3.19
 -36360.351    57.957    -0.77    3.10
 -36074.246    57.488    -1.64    2.98
 -35788.138    57.079    -1.43    2.80
 -35502.027    56.685    -1.38    2.57
 -35215.913    56.233    -1.58    2.34
 -34929.795    55.678    -1.94    2.00
 -34643.675    55.382    -1.03    1.77
 -34357.552    55.077    -1.07    1.45
 -34071.425    54.785    -1.02    1.37
 -33785.295    54.554    -0.81    1.28
 -33499.162    54.365    -0.66    1.27
 -33213.026    54.210    -0.54    1.28
 -32926.887    54.110    -0.35    1.16
 -32640.745    53.992    -0.41    1.05
 -32354.599    53.872    -0.42    1.09
 -32068.451    53.737    -0.47    1.21
 -31782.299    53.510    -0.79    1.35
 -31496.145    53.334    -0.61    1.48
 -31209.987    53.245    -0.31    1.55
 -30923.826    53.129    -0.40    1.67
 -30637.662    52.922    -0.72    1.91
 -30351.494    52.774    -0.52    2.01
 -30065.324    51.999    -2.71    2.85
 -29779.150    50.935    -3.72    3.53
 -29492.974    49.630    -4.56    3.94
 -29206.794    48.243    -4.85    3.74
 -28920.611    46.858    -4.84    3.75
 -28634.425    45.253    -5.61    3.80
 -28348.236    43.457    -6.28    4.99
 -28062.044    42.393    -3.72    5.90
 -27775.848    41.425    -3.38    6.68
 -27489.650    41.347    -0.27    6.63
 -27203.448    41.576     0.80    6.88
 -26917.243    41.853     0.97    6.73
 -26631.035    42.295     1.54    6.50
 -26344.824    43.329     3.61    4.78
 -26058.610    44.265     3.27    2.77
 -25772.393    44.140    -0.44    3.14
 -25486.172    41.921    -7.75    8.38
 -25199.949    38.283   -12.71   12.13
 -24913.722    34.358   -13.71   14.28
 -24627.492    30.684   -12.84   14.80
 -24341.259    26.160   -15.81   14.77
 -24055.023    23.605    -8.92   14.54
 -23768.784    24.214     2.13   15.28
 -23482.541    29.210    17.46   15.45
 -23196.296    33.936    16.51   14.89
 -22910.047    37.449    12.28   13.38
 -22623.796    40.843    11.86   10.41
 -22337.541    43.740    10.12    5.77
 -22051.283    44.053     1.09    2.96
 -21765.022    42.457    -5.58    5.98
 -21478.757    39.832    -9.17   10.40
 -21192.490    36.795   -10.61   13.27
 -20906.219    32.943   -13.46   15.15
 -20619.946    28.535   -15.40   16.00
 -20333.669    24.364   -14.57   15.35
 -20047.389    21.257   -10.85   13.67
 -19761.106    19.869    -4.85   12.40
 -19474.820    20.388     1.82   11.85
 -19188.531    23.243     9.97   12.78
 -18902.238    28.172    17.22   13.20
 -18615.943    33.208    17.59   12.19
 -18329.644    37.148    13.76    9.91
 -18043.342    38.942     6.27    9.89
 -17757.037    39.302     1.26   11.65
 -17470.729    40.583     4.47   12.16
 -17184.418    41.505     3.22   11.96
 -16898.103    42.764     4.40   11.31
 -16611.786    44.332     5.48    9.78
 -16325.465    45.557     4.28    6.67
 -16039.142    45.992     1.52    3.37
 -15752.815    44.678    -4.59    4.74
 -15466.485    43.847    -2.90    5.62
 -15180.151    42.991    -2.99    6.55
 -14893.815    41.758    -4.31    7.26
 -14607.476    41.656    -0.36    6.79
 -14321.133    43.143     5.19    4.15
 -14034.787    43.762     2.16    4.40
 -13748.439    41.422    -8.17   10.12
 -13462.087    37.957   -12.10   14.02
 -13175.732    33.740   -14.72   16.39
 -12889.373    29.753   -13.92   16.95
 -12603.012    25.032   -16.49   16.98
 -12316.647    20.215   -16.82   15.51
 -12030.280    15.936   -14.95   12.76
 -11743.909    12.333   -12.58    9.59
 -11457.535     9.585    -9.59    6.19
 -11171.158     8.744    -2.94    4.52
 -10884.778     9.034     1.01    3.63
 -10598.395     9.776     2.59    3.40
 -10312.008    10.019     0.85    3.25
 -10025.618    10.658     2.23    3.83
  -9739.226    13.248     9.04    9.30
  -9452.830    16.675    11.96   13.35
  -9166.431    20.014    11.66   16.50
  -8880.029    23.583    12.46   18.71
  -8593.623    28.964    18.79   19.44
  -8307.215    33.481    15.77   18.21
  -8020.803    35.361     6.56   16.40
  -7734.389    33.709    -5.77   15.35
  -7447.971    31.325    -8.32   13.43
  -7161.550    28.767    -8.93   11.93
  -6875.126    24.117   -16.23   12.04
  -6588.699    19.069   -17.62   10.05
  -6302.268    15.887   -11.11    8.16
  -6015.835    13.412    -8.64    7.77
  -5729.398    11.860    -5.42    7.33
  -5442.958    10.516    -4.69    7.62
  -5156.515    10.165    -1.23    9.08
  -4870.069    10.900     2.57   10.38
  -4583.620    11.792     3.12   10.94
  -4297.168    13.224     5.00   11.52
  -4010.712    14.642     4.95   12.40
  -3724.254    14.193    -1.57   13.21
  -3437.792    12.535    -5.79   13.23
  -3151.327    10.136    -8.37   12.63
  -2864.859     7.160   -10.39   11.57
  -2578.388     3.857   -11.53    9.03
  -2291.914     0.964   -10.10    4.47
  -2005.436    -0.036    -3.49    0.00
  -1718.956    -0.036     0.00    0.00
  -1432.472    -0.036     0.00    0.00
  -1145.985    -0.036     0.00    0.00
   -859.495    -0.036     0.00    0.00
   -573.002    -0.036     0.00    0.00
   -286.505    -0.036     0.00    0.00
     -0.006     0.595     2.20    3.31
    286.497     4.381    13.21   10.59
    573.002    10.735    22.18   17.10
    859.511    19.764    31.51   21.47
   1146.023    29.372    33.53   22.62
   1432.538    39.018    33.67   20.00
   1719.057    46.731    26.92   13.68
   2005.578    51.885    17.99    5.54
   2292.103    53.708     6.37    2.72
   2578.630    54.554     2.95    2.26
   2865.161    54.803     0.87    2.88
   3151.695    54.539    -0.92    3.66
   3438.232    54.361    -0.62    4.49
   3724.773    54.324    -0.13    5.23
   4011.316    53.733    -2.06    6.05
   4297.863    52.442    -4.50    6.24
   4584.412    51.318    -3.92    5.90
   4870.965    50.675    -2.25    4.90
   5157.521    50.682     0.02    3.88
   5444.080    50.488    -0.68    2.92
   5730.642    49.977    -1.78    1.63
   6017.208    49.853    -0.43    1.45
   6303.776    49.181    -2.35    2.75
   6590.348    48.687    -1.72    3.42
   6876.923    48.985     1.04    3.84
   7163.501    49.830     2.95    4.56
   7450.082    51.443     5.63    5.71
   7736.666    53.834     8.34    6.13
   8023.254    56.267     8.49    5.46
   8309.844    58.488     7.75    3.77
   8596.438    60.012     5.32    2.53
   8883.035    61.105     3.81    1.61
   9169.635    61.837     2.56    0.91
   9456.238    62.231     1.38    0.97
   9742.845    62.696     1.62    1.12
  10029.454    63.357     2.31    1.14
  10316.067    63.971     2.14    1.13
  10602.682    64.467     1.73    1.10
  10889.301    64.887     1.46    0.99
  11175.923    65.354     1.63    0.89
  11462.548    65.664     1.08    0.89
  11749.177    65.914     0.87    1.06
  12035.808    66.091     0.61    1.32
  12322.443    66.158     0.24    1.61
  12609.081    65.991    -0.58    1.92
  12895.721    65.637    -1.23    2.09
  13182.366    65.554    -0.29    2.02
  13469.013    65.678     0.43    1.84
  13755.663    66.020     1.19    1.98
  14042.317    66.734     2.49    2.30
  14328.973    67.760     3.58    2.52
  14615.633    69.108     4.70    2.43
  14902.296    70.420     4.58    2.29
  15188.962    71.664     4.34    2.18
  15475.631    72.869     4.20    2.11
  15762.304    74.028     4.04    2.09
  16048.979    75.178     4.01    2.05
  16335.658    76.144     3.37    1.84
  16622.340    76.893     2.62    1.59
  16909.025    77.409     1.80    1.27
  17195.713    77.658     0.87    1.02
  17482.404    77.508    -0.52    1.12
  17769.099    76.880    -2.19    1.65
  18055.796    75.899    -3.42    2.28
  18342.497    74.630    -4.43    2.83
  18629.201    73.112    -5.30    3.12
  18915.908    71.605    -5.26    2.92
  19202.618    70.332    -4.44    2.40
  19489.331    69.433    -3.14    1.68
  19776.048    69.080    -1.23    1.11
  20062.767    69.242     0.56    1.24
  20349.490    69.864     2.17    1.83
  20636.216    70.942     3.76    2.43
  20922.945    72.361     4.95    2.95
  21209.677    74.154     6.25    3.33
  21496.413    76.046     6.60    3.48
  21783.151    78.047     6.98    3.64
  22069.893    80.229     7.61    3.86
  22356.638    82.380     7.50    3.99
  22643.386    84.673     8.00    4.04
  22930.137    86.694     7.05    3.69
  23216.891    88.478     6.22    3.25
  23503.433    89.971     5.21    2.62
  23789.592    91.222     4.37    2.08
  24075.753    92.122     3.14    1.79
  24361.916    92.916     2.77    1.85
  24648.081    93.538     2.17    1.95
  24934.249    94.137     2.09    2.01
  25220.420    94.838     2.45    2.17
  25506.593    95.721     3.09    2.31
  25792.768    96.446     2.53    2.43
  26078.946    97.191     2.60    2.64
  26365.126    98.108     3.20    2.98
  26651.308    99.515     4.92    3.51
  26937.493   101.190     5.85    3.98
  27223.680   102.807     5.65    4.15
  27509.870   104.583     6.20    4.21
  27796.062   106.378     6.27    4.07
  28082.256   108.107     6.04    3.77
  28368.453   109.549     5.04    3.44
  28654.653   110.791     4.34    3.18
  28940.854   112.062     4.44    3.11
  29227.058   113.144     3.78    3.08
  29513.265   114.035     3.11    3.10
  29799.474   114.957     3.22    3.15
  30085.685   115.549     2.07    3.16
  30371.899   115.943     1.38    3.27
  30658.115   116.093     0.52    3.47
  30944.334   116.117     0.08    3.51
  31230.555   116.139     0.08    3.41
  31516.778   116.330     0.67    3.34
  31803.004   116.418     0.31    3.32
  32089.232   116.682     0.92    3.31
  32375.463   117.028     1.21    3.28
  32661.696   117.398     1.29    3.35
  32947.931   117.676     0.97    3.48
  33234.169   118.054     1.32    3.58
  33520.409   118.248     0.68    3.64
  33806.652   118.546     1.04    3.65
  34092.897   118.665     0.42    3.52
  34379.144   118.850     0.65    3.23
  34665.394   119.217     1.28    3.05
  34951.647   119.538     1.12    3.02
  35237.901   119.844     1.07    3.12
  35524.158   120.243     1.40    3.37
  35810.418   120.714     1.64    3.89
  36096.680   120.692    -0.08    5.07
  36382.944   120.372    -1.12    5.84
  36669.211   120.222    -0.52    5.94
  36955.480   120.151    -0.25    5.74
  37241.752   120.545     1.38    5.39
  37528.026   120.971     1.49    5.06
  37814.302   121.555     2.04    4.54
  38100.581   122.302     2.61    4.17
  38386.862   122.928     2.19    3.69
  38673.146   123.827     3.14    3.37
  38959.432   124.647     2.86    2.95
  39245.720   125.161     1.80    2.72
  39532.011   125.671     1.78    2.44
  39818.304   126.114     1.55    2.13
  40104.600   126.874     2.65    2.00
  40390.898   127.649     2.71    1.98
  40677.198   128.460     2.83    2.09
  40963.501   129.396     3.27    2.17
  41249.807   130.340     3.29    2.23
  41536.114   131.341     3.50    2.28
  41822.424   132.200     3.00    2.15
  42108.737   132.930     2.55    2.07
  42395.052   133.738     2.82    2.15
  42681.369   134.728     3.46    2.49
  42967.689   135.853     3.93    3.43
  43254.011   136.992     3.98    4.12
  43540.336   138.499     5.26    4.93
  43826.663   140.429     6.74    5.62
  44112.992   142.255     6.38    5.81
  44399.324   144.121     6.52    5.96
  44685.658   146.228     7.36    6.18
  44971.995   148.164     6.76    6.65
  45258.334   149.909     6.09    6.78
  45544.675   151.762     6.47    6.58
  45831.019   153.443     5.87    6.06
  46117.366   154.684     4.33    5.35
  46403.714   155.560     3.06    4.39
  46690.065   156.035     1.66    3.56
  46976.419   155.957    -0.27    3.10
  47262.775   155.474    -1.68    2.84
  47549.133   154.656    -2.86    2.57
  47835.494   153.895    -2.66    2.11
  48121.857   153.392    -1.76    1.65
  48408.223   153.014    -1.32    1.33
  48694.591   152.787    -0.79    1.12
  48980.961   152.662    -0.44    0.85
