-135635.362  1659.021     0.00  186.47
-135349.286  1646.224   -44.73  180.91
-135063.199  1618.033   -98.54  181.30
-134777.104  1585.152  -114.93  187.10
-134490.999  1573.375   -41.16  183.87
-134204.884  1564.580   -30.74  180.97
-133918.760  1553.076   -40.20  161.63
-133632.627  1587.263   119.47  180.66
-133346.484  1633.552   161.76  190.35
-133060.331  1674.219   142.11  183.30
-132774.169  1716.421   147.47  157.09
-132487.998  1748.702   112.80  148.90
-132201.817  1762.576    48.48  147.56
-131915.626  1759.005   -12.48  146.22
-131629.426  1736.693   -77.96  150.16
-131343.217  1717.927   -65.56  156.92
-131056.998  1700.780   -59.90  159.15
-130770.769  1660.279  -141.49  167.02
-130484.531  1590.509  -243.74  170.99
-130198.283  1523.778  -233.11  162.07
-129912.026  1460.020  -222.72  137.03
-129625.760  1428.030  -111.74  105.19
-129339.484  1422.732   -18.51   98.27
-129053.198  1457.262   120.61  131.83
-128766.903  1511.716   190.19  167.94
-128480.599  1601.081   312.12  199.45
-128194.284  1666.737   229.31  180.12
-127907.961  1707.636   142.84  157.27
-127621.628  1707.126    -1.78  161.35
-127335.285  1680.626   -92.55  185.32
-127048.933  1624.866  -194.72  193.97
-126762.571  1548.884  -265.33  155.46
-126476.200  1491.625  -199.94  102.29
-126189.819  1466.049   -89.30  100.35
-125903.429  1439.597   -92.36  102.95
-125617.029  1435.030   -15.95  118.27
-125330.620  1424.516   -36.71  113.66
-125044.201  1427.068     8.91  113.41
-124757.772  1446.380    67.42  127.85
-124471.334  1484.827   134.22  139.38
-124184.887  1531.316   162.29  150.22
-123898.430  1587.192   195.05  147.91
-123611.963  1636.825   173.25  139.22
-123325.487  1674.659   132.06  143.78
-123039.002  1708.436   117.90  142.07
-122752.506  1735.605    94.83  130.54
-122466.002  1745.883    35.87  122.13
-122179.488  1744.101    -6.22  123.69
-121892.964  1722.589   -75.08  138.88
-121606.430  1685.689  -128.78  142.03
-121319.888  1663.442   -77.64  128.72
-121033.335  1654.987   -29.51  124.27
-120746.773  1684.123   101.67  143.13
-120460.202  1725.279   143.61  143.58
-120173.621  1760.373   122.45  117.76
-119887.030  1772.649    42.83  104.85
-119600.430  1750.568   -77.04  129.80
-119313.820  1694.659  -195.06  171.42
-119027.201  1620.233  -259.66  191.29
-118740.572  1552.587  -236.00  163.05
-118453.934  1514.984  -131.19  137.71
-118167.286  1502.553   -43.36  128.20
-117880.628  1499.223   -11.62  138.87
-117593.961  1516.409    59.95  151.69
-117307.285  1540.583    84.32  152.04
-117020.598  1555.566    52.26  143.74
-116733.903  1561.064    19.18  149.81
-116447.197  1546.770   -49.86  161.92
-116160.482  1519.869   -93.82  162.10
-115873.758  1492.850   -94.23  151.08
-115587.024  1474.306   -64.67  147.09
-115300.280  1461.595   -44.33  140.88
-115013.527  1450.464   -38.81  131.15
-114726.764  1423.444   -94.22  121.62
-114439.992  1418.421   -17.51  110.61
-114153.210  1415.774    -9.23  104.29
-113866.419  1403.237   -43.71  107.52
-113579.618  1376.240   -94.13  110.76
-113292.807  1348.580   -96.44  117.54
-113005.987  1319.430  -101.63  126.29
-112719.157  1283.597  -124.92  144.73
-112432.318  1240.287  -150.99  156.43
-112145.469  1189.359  -177.54  168.66
-111858.610  1142.168  -164.50  176.03
-111571.742  1094.280  -166.93  167.33
-111284.864  1055.805  -134.11  146.33
-110997.977  1014.290  -144.71  113.71
-110711.080   991.422   -79.70   89.44
-110424.174   978.775   -44.08   85.95
-110137.258   974.618   -14.49   87.14
-109850.332   981.487    23.94   95.39
-109563.397   991.783    35.88   92.20
-109276.452  1004.005    42.59   90.04
-108989.497  1016.283    42.78   82.57
-108702.533  1026.246    34.72   75.46
-108415.560  1018.066   -28.50   65.29
-108128.576   997.242   -72.56   39.36
-107841.584   983.273   -48.67   32.79
-107554.581   971.415   -41.31   31.42
-107267.569   963.042   -29.17   35.39
-106980.547   958.909   -14.40   43.58
-106693.516   952.487   -22.37   49.56
-106406.475   947.389   -17.76   55.78
-106119.425   933.920   -46.92   63.33
-105832.365   917.332   -57.78   63.84
-105545.295   894.808   -78.46   70.13
-105258.216   879.159   -54.51   71.83
-104971.127   872.509   -23.16   77.26
-104684.028   851.516   -73.12   85.67
-104396.920   831.378   -70.14   82.13
-104109.802   820.738   -37.06   77.55
-103822.675   829.864    31.78   86.59
-103535.538   839.874    34.86   95.37
-103248.391   842.662     9.71  105.09
-102961.235   871.495   100.40  137.99
-102674.069   908.374   128.42  156.26
-102386.893   955.409   163.78  174.09
-102099.708   995.955   141.18  174.65
-101812.513  1032.078   125.78  165.50
-101525.309  1081.467   171.96  164.04
-101238.095  1125.156   152.11  159.92
-100950.871  1160.009   121.34  146.11
-100663.638  1208.023   167.16  156.81
-100376.395  1261.603   186.53  165.02
-100089.142  1314.168   182.99  162.92
 -99801.880  1356.059   145.82  152.18
 -99514.608  1376.568    71.39  135.87
 -99227.326  1379.861    11.46  139.92
 -98940.035  1353.983   -90.07  163.33
 -98652.735  1290.757  -220.06  185.51
 -98365.424  1234.995  -194.08  159.16
 -98078.104  1205.168  -103.81  127.16
 -97790.774  1196.419   -30.45  126.07
 -97503.435  1215.187    65.31  126.40
 -97216.086  1242.669    95.64  134.14
 -96928.727  1282.795   139.63  136.78
 -96641.359  1336.949   188.44  150.97
 -96353.981  1389.694   183.54  152.10
 -96066.593  1427.150   130.33  133.50
 -95779.196  1442.874    54.71  119.75
 -95491.789  1461.097    63.40  111.42
 -95204.372  1487.709    92.59  106.36
 -94916.946  1511.790    83.78  102.82
 -94629.510  1514.268     8.62  102.14
 -94342.065  1514.259    -0.03   98.83
 -94054.609  1511.001   -11.33  101.41
 -93767.144  1504.373   -23.06  113.26
 -93479.670  1502.212    -7.52  128.36
 -93192.665  1494.516   -26.81  132.98
 -92907.158  1494.213    -1.06  132.64
 -92621.643  1499.626    18.96  130.02
 -92336.119  1514.057    50.54  128.25
 -92050.587  1531.587    61.39  118.55
 -91765.046  1536.443    17.00  110.33
 -91479.495  1521.649   -51.81  110.36
 -91193.937  1483.916  -132.13  125.11
 -90908.369  1433.471  -176.64  143.87
 -90622.793  1397.832  -124.79  143.81
 -90337.208  1356.133  -146.01  132.07
 -90051.614  1346.465   -33.85  120.40
 -89766.011  1364.775    64.11  130.32
 -89480.400  1383.687    66.21  133.06
 -89194.780  1386.281     9.08  117.04
 -88909.151  1391.699    18.97  117.70
 -88623.514  1364.551   -95.04  133.38
 -88337.868  1342.746   -76.33  133.63
 -88052.213  1337.444   -18.56  127.72
 -87766.549  1346.041    30.10  125.72
 -87480.876  1355.641    33.60  121.62
 -87195.195  1354.994    -2.26  120.77
 -86909.505  1345.545   -33.08  126.57
 -86623.806  1330.215   -53.66  126.81
 -86338.099  1315.273   -52.30  129.78
 -86052.383  1303.785   -40.21  133.74
 -85766.657  1315.320    40.37  148.97
 -85480.924  1351.509   126.65  163.87
 -85195.181  1400.105   170.07  149.83
 -84909.430  1431.494   109.85  123.03
 -84623.670  1435.502    14.02  120.91
 -84337.901  1419.328   -56.60  116.39
 -84052.123  1391.618   -96.96  114.10
 -83766.337  1354.645  -129.37  114.69
 -83480.542  1307.737  -164.13  101.88
 -83194.738  1284.869   -80.01  102.48
 -82908.925  1265.336   -68.34  116.51
 -82623.104  1253.871   -40.11  128.22
 -82337.273  1231.790   -77.25  142.41
 -82051.434  1207.187   -86.07  151.58
 -81765.587  1176.330  -107.95  148.84
 -81479.730  1153.328   -80.47  143.71
 -81193.865  1130.851   -78.62  140.29
 -80907.991  1109.168   -75.85  148.67
 -80622.108  1104.060   -17.87  161.31
 -80336.216  1095.969   -28.30  173.66
 -80050.316  1082.581   -46.83  177.85
 -79764.406  1074.560   -28.06  177.37
 -79478.488  1058.699   -55.47  177.28
 -79192.562  1043.925   -51.67  179.51
 -78906.626  1032.738   -39.12  183.12
 -78620.682  1001.339  -109.81  176.72
 -78334.729   973.808   -96.27  167.62
 -78048.767   955.524   -63.94  164.54
 -77762.796   924.949  -106.91  154.93
 -77476.816   869.957  -192.29  127.47
 -77190.828   836.820  -115.87  128.24
 -76904.831   803.319  -117.14  142.52
 -76618.825   752.248  -178.56  148.90
 -76332.810   701.589  -177.12  154.14
 -76046.787   653.407  -168.45  156.91
 -75760.755   605.479  -167.56  147.65
 -75474.714   550.291  -192.93  121.63
 -75188.664   496.410  -188.36   96.25
 -74902.605   448.761  -166.57   79.48
 -74616.538   417.923  -107.80   69.12
 -74330.462   390.120   -97.18   54.60
 -74044.376   372.591   -61.27   44.18
 -73758.283   361.175   -39.90   34.00
 -73472.180   356.298   -17.05   31.63
 -73186.069   359.116     9.85   42.84
 -72899.948   370.630    40.24   56.77
 -72613.819   388.723    63.23   73.84
 -72327.681   408.313    68.46   83.85
 -72041.535   430.415    77.24   88.16
 -71755.379   452.659    77.73   90.24
 -71469.215   472.251    68.47   86.79
 -71183.042   490.282    63.00   81.92
 -70896.860   507.159    58.97   71.53
 -70610.669   517.828    37.28   64.19
 -70324.469   527.530    33.90   65.64
 -70038.261   538.537    38.46   65.21
 -69752.044   547.583    31.60   70.33
 -69465.818   558.573    38.40   80.80
 -69179.583   567.291    30.46   86.76
 -68893.339   583.567    56.86   94.48
 -68607.087   591.102    26.32  105.20
 -68320.826   597.567    22.58  108.67
 -68034.556   606.309    30.54  103.59
 -67748.277   608.417     7.36  100.20
 -67461.989   608.363    -0.19   83.37
 -67175.692   630.729    78.12   86.39
 -66889.387   656.887    91.36  105.46
 -66603.073   707.546   176.93  130.21
 -66316.750   762.346   191.39  139.05
 -66030.418   820.445   202.91  137.42
 -65744.077   866.480   160.76  121.52
 -65457.727   904.998   134.51   95.80
 -65171.369   924.695    68.78   77.12
 -64885.002   937.751    45.59   78.52
 -64598.626   943.991    21.79   87.19
 -64312.241   936.334   -26.73  100.71
 -64025.847   911.398   -87.07  102.96
 -63739.444   897.063   -50.05   99.20
 -63453.033   890.717   -22.15  101.70
 -63166.613   886.240   -15.63  114.81
 -62880.184   901.661    53.84  135.01
 -62593.746   920.967    67.40  151.26
 -62307.299   950.472   103.00  155.54
 -62020.843   951.145     2.35  161.59
 -61734.379   925.105   -90.90  164.20
 -61447.905   891.038  -118.92  152.33
 -61161.423   877.415   -47.55  135.17
 -60874.932   873.913   -12.22  116.36
 -60588.432   879.695    20.18  110.90
 -60301.923   904.629    87.02  119.01
 -60015.406   932.516    97.33  126.82
 -59728.879   948.231    54.85  123.19
 -59442.344   955.197    24.31  126.86
 -59155.800   949.402   -20.22  128.54
 -58869.247   922.009   -95.60  136.33
 -58582.685   863.689  -203.51  144.80
 -58296.114   792.717  -247.65  146.11
 -58009.535   732.473  -210.22  146.31
 -57722.946   662.159  -245.34  159.42
 -57436.349   595.531  -232.48  169.39
 -57149.743   545.735  -173.74  179.96
 -56863.128   488.409  -200.01  189.35
 -56576.504   433.788  -190.56  171.92
 -56289.871   402.516  -109.10  146.06
 -56003.229   376.826   -89.62  103.91
 -55716.579   355.862   -73.13   60.64
 -55429.920   356.906     3.64   48.08
 -55143.251   367.168    35.80   45.77
 -54856.574   378.560    39.73   42.18
 -54569.888   388.393    34.30   38.53
 -54283.193   398.380    34.84   32.39
 -53996.490   409.016    37.10   21.66
 -53709.777   410.387     4.78   18.17
 -53423.055   406.268   -14.37   19.92
 -53136.325   398.712   -26.35   19.47
 -52849.586   392.357   -22.16   22.38
 -52562.838   383.995   -29.16   24.58
 -52276.081   373.751   -35.72   24.84
 -51989.315   364.659   -31.71   23.12
 -51702.540   356.495   -28.47   19.43
 -51415.756   348.849   -26.66   12.65
 -51128.964   343.594   -18.32    7.44
 -50842.162   340.679   -10.16    5.40
 -50555.352   338.994    -5.87    4.30
 -50268.533   338.178    -2.85    3.95
 -49981.705   337.523    -2.28    3.40
 -49694.868   337.139    -1.34    3.13
 -49408.022   337.537     1.39    3.50
 -49121.167   338.452     3.19    4.13
 -48834.303   339.781     4.63    3.92
 -48547.431   340.885     3.85    3.41
 -48260.549   341.560     2.35    2.89
 -47973.659   341.835     0.96    2.54
 -47686.760   341.895     0.21    2.32
 -47399.852   341.458    -1.52    1.85
 -47112.935   340.990    -1.63    1.29
 -46826.009   340.783    -0.72    1.00
 -46539.074   340.720    -0.22    0.84
 -46252.130   340.662    -0.20    0.74
 -45965.177   340.593    -0.24    0.59
 -45678.216   340.472    -0.42    0.48
 -45391.245   340.222    -0.87    0.58
 -45104.266   339.875    -1.21    0.79
 -44817.278   339.516    -1.25    0.96
 -44530.280   339.060    -1.59    1.05
 -44243.274   338.580    -1.67    1.02
 -43956.259   337.958    -2.17    1.18
 -43669.235   337.473    -1.69    1.18
 -43382.202   337.019    -1.58    1.23
 -43095.161   336.074    -3.29    2.26
 -42808.110   334.302    -6.17    3.99
 -42521.050   332.173    -7.42    5.01
 -42233.982   329.656    -8.77    5.43
 -41946.904   327.147    -8.74    5.48
 -41659.818   324.693    -8.55    4.91
 -41372.723   322.574    -7.38    3.84
 -41085.618   320.941    -5.69    3.01
 -40798.505   319.764    -4.10    2.64
 -40511.383   318.553    -4.22    1.80
 -40224.252   317.737    -2.84    1.28
 -39937.112   317.385    -1.23    0.95
 -39649.964   317.777     1.37    1.83
 -39362.806   318.981     4.19    3.41
 -39075.639   320.885     6.63    5.07
 -38788.463   322.677     6.24    5.82
 -38501.279   324.752     7.23    6.34
 -38214.085   325.458     2.46    6.03
 -37926.883   324.712    -2.60    6.73
 -37639.672   322.460    -7.84    8.50
 -37352.451   318.921   -12.32    9.80
 -37065.222   314.827   -14.25   10.07
 -36777.984   309.826   -17.41    8.85
 -36490.737   305.414   -15.36    7.83
 -36203.481   301.820   -12.51    6.76
 -35916.216   298.157   -12.75    5.95
 -35628.942   294.193   -13.80    5.99
 -35341.659   290.603   -12.49    6.97
 -35054.367   286.552   -14.10    8.20
 -34767.066   282.291   -14.83    9.31
 -34479.757   277.523   -16.60   10.75
 -34192.438   269.551   -27.75   17.78
 -33905.110   261.354   -28.53   21.03
 -33617.774   254.816   -22.76   22.27
 -33330.428   249.795   -17.48   22.21
 -33043.074   246.603   -11.11   22.07
 -32755.710   245.430    -4.08   23.78
 -32468.338   244.651    -2.71   25.45
 -32180.956   244.376    -0.95   28.88
 -31893.566   241.516    -9.95   31.38
 -31606.167   238.771    -9.55   34.35
 -31319.340   239.987     4.24   36.53
 -31033.760   239.509    -1.67   37.44
 -30748.171   240.353     2.96   36.83
 -30462.575   239.909    -1.55   36.98
 -30176.970   242.902    10.48   36.29
 -29891.358   244.041     3.99   36.28
 -29605.737   245.429     4.86   35.33
 -29320.108   247.854     8.49   34.49
 -29034.471   251.579    13.04   33.66
 -28748.826   259.376    27.30   29.13
 -28463.174   264.031    16.29   24.04
 -28177.513   267.984    13.84   18.41
 -27891.843   273.168    18.15    9.72
 -27606.166   275.741     9.00    5.29
 -27320.481   277.127     4.85    4.96
 -27034.788   278.012     3.10    4.07
 -26749.086   277.891    -0.42    4.46
 -26463.377   276.970    -3.22    5.70
 -26177.660   274.292    -9.37    6.71
 -25891.934   271.306   -10.45    7.39
 -25606.200   268.228   -10.77    7.11
 -25320.459   265.305   -10.23    6.56
 -25034.709   262.619    -9.40    5.07
 -24748.951   261.037    -5.54    4.14
 -24463.185   259.991    -3.66    4.88
 -24177.411   258.842    -4.02    5.53
 -23891.629   257.020    -6.38    6.80
 -23605.839   254.889    -7.46    8.22
 -23320.041   252.149    -9.59   10.50
 -23034.234   248.494   -12.79   12.29
 -22748.420   242.916   -19.52   12.83
 -22462.598   236.178   -23.57   11.68
 -22176.767   229.531   -23.26   15.48
 -21890.928   221.606   -27.72   21.50
 -21605.082   208.771   -44.90   35.45
 -21319.227   189.969   -65.78   50.59
 -21033.364   164.785   -88.10   60.64
 -20747.493   142.044   -79.55   62.01
 -20461.614   124.828   -60.22   55.59
 -20175.727   118.538   -22.00   50.42
 -19889.832   117.593    -3.30   46.17
 -19603.928   119.862     7.93   44.52
 -19318.017   128.480    30.14   43.38
 -19032.098   140.509    42.07   37.61
 -18746.170   151.668    39.03   27.35
 -18460.234   158.197    22.83   14.66
 -18174.290   160.403     7.71   11.02
 -17888.339   163.671    11.43   13.06
 -17602.379   167.975    15.05   13.45
 -17316.411   172.909    17.25   12.83
 -17030.434   177.806    17.12   11.03
 -16744.450   181.654    13.45    9.10
 -16458.458   185.217    12.46    6.25
 -16172.457   187.734     8.80    4.45
 -15886.449   189.348     5.64    3.50
 -15600.432   190.147     2.79    3.39
 -15314.407   190.445     1.04    4.05
 -15028.374   189.791    -2.29    5.04
 -14742.334   189.142    -2.27    5.61
 -14456.284   188.164    -3.42    5.98
 -14170.227   186.575    -5.55    5.81
 -13884.162   185.023    -5.42    6.22
 -13598.089   183.123    -6.64    7.19
 -13312.007   180.604    -8.80    8.80
 -13025.917   178.675    -6.74   10.90
 -12739.820   175.438   -11.31   13.33
 -12453.714   171.568   -13.53   15.20
 -12167.600   167.377   -14.65   16.38
 -11881.478   161.652   -20.01   17.13
 -11595.348   154.697   -24.31   15.68
 -11309.209   149.458   -18.31   14.90
 -11023.063   142.794   -23.29   15.97
 -10736.908   135.945   -23.93   15.55
 -10450.746   129.568   -22.28   14.57
 -10164.575   124.072   -19.20   13.78
  -9878.396   118.906   -18.05   11.23
  -9592.209   114.864   -14.12    7.16
  -9306.014   112.833    -7.10    3.86
  -9019.811   112.600    -0.81    3.46
  -8733.599   113.016     1.45    4.41
  -8447.380   113.452     1.52    6.32
  -8161.152   113.617     0.58    8.30
  -7874.916   112.332    -4.49   10.37
  -7588.673   110.436    -6.62   12.47
  -7302.421   105.840   -16.06   14.42
  -7016.160    99.735   -21.33   14.74
  -6729.892    95.259   -15.64   13.89
  -6443.616    89.842   -18.92   12.48
  -6157.331    85.120   -16.49   10.78
  -5871.039    80.906   -14.72   11.25
  -5584.738    75.349   -19.41   12.80
  -5298.429    71.002   -15.18   12.39
  -5012.112    67.096   -13.64   12.47
  -4725.787    63.012   -14.26   12.16
  -4439.453    59.859   -11.01   11.13
  -4153.112    55.910   -13.79   13.36
  -3866.762    48.041   -27.48   22.61
  -3580.405    40.792   -25.31   27.01
  -3294.039    33.031   -27.10   29.20
  -3007.665    23.896   -31.90   29.15
  -2721.282    14.351   -33.33   25.45
  -2434.892     5.313   -31.56   18.34
  -2148.494    -0.042   -18.70   10.17
  -1862.087    -2.414    -8.28    0.61
  -1575.672    -2.462    -0.17    0.17
  -1289.249    -2.469    -0.02    0.15
  -1002.818    -2.470    -0.00    0.14
   -716.379    -2.470     0.00    0.15
   -429.932    -2.491    -0.08    0.00
   -143.476    -2.491     0.00    0.00
    142.987    -2.491     0.00    0.00
    429.459    -2.411     0.28    0.78
    715.939    -1.667     2.60    3.01
   1002.427     0.119     6.23    6.18
   1288.923     2.568     8.55    8.11
   1575.428     6.395    13.36   10.91
   1861.940     9.889    12.19   12.01
   2148.461    12.929    10.61   12.53
   2434.990    16.262    11.63   12.32
   2721.527    19.178    10.17   12.23
   3008.072    21.972     9.75   12.14
   3294.626    24.067     7.31   12.19
   3581.187    26.923     9.97   12.07
   3867.757    29.560     9.20   11.47
   4154.335    31.523     6.85   10.79
   4440.921    32.670     4.00    9.79
   4727.515    32.903     0.81    9.68
   5014.117    33.001     0.34    9.78
   5300.728    32.166    -2.92    9.90
   5587.346    30.166    -6.98    9.67
   5873.973    28.262    -6.64    9.28
   6160.608    26.157    -7.35    8.77
   6447.251    24.732    -4.97    7.99
   6733.903    23.951    -2.72    7.31
   7020.562    24.374     1.48    7.28
   7307.230    25.157     2.73    7.70
   7593.906    26.866     5.96    8.14
   7880.590    29.431     8.95    8.17
   8167.282    32.419    10.42    7.81
   8453.983    35.770    11.69    7.70
   8740.691    39.009    11.30    8.06
   9027.408    42.973    13.83    9.49
   9314.133    47.581    16.07   12.27
   9600.866    52.715    17.90   16.38
   9887.607    61.220    29.66   22.78
  10174.357    69.241    27.97   25.67
  10461.115    75.726    22.62   27.26
  10747.880    84.931    32.10   28.08
  11034.654    93.379    29.46   25.95
  11321.437   100.581    25.11   23.26
  11608.227   108.638    28.09   22.62
  11895.026   115.607    24.30   22.22
  12181.832   122.161    22.85   22.57
  12468.647   129.446    25.40   27.33
  12755.471   138.424    31.30   31.87
  13042.302   148.871    36.42   35.08
  13329.142   160.745    41.39   39.43
  13615.989   175.636    51.92   42.19
  13902.845   190.494    51.80   41.70
  14189.709   203.653    45.87   41.71
  14476.582   217.536    48.40   40.35
  14763.462   232.183    51.05   34.39
  15050.351   241.235    31.55   30.23
  15337.248   249.595    29.14   25.67
  15624.153   256.699    24.76   20.91
  15911.066   263.399    23.35   24.15
  16197.988   278.075    51.15   40.83
  16484.918   293.654    54.29   51.22
  16771.856   304.770    38.74   56.14
  17058.802   325.225    71.29   65.29
  17345.756   350.904    89.49   73.18
  17632.719   378.786    97.16   79.05
  17919.689   415.906   129.35   86.74
  18206.668   451.523   124.11   80.96
  18493.656   480.139    99.71   72.79
  18780.651   500.403    70.61   67.08
  19067.655   523.720    81.24   65.64
  19354.666   548.662    86.90   68.64
  19641.686   571.709    80.30   82.11
  19928.715   601.480   103.72   90.17
  20215.751   630.262   100.27   91.40
  20502.796   651.190    72.91   86.34
  20789.849   646.909   -14.91   89.96
  21076.910   634.299   -43.93  101.62
  21363.979   615.538   -65.35  110.14
  21651.057   590.802   -86.16  118.37
  21938.142   556.334  -120.06  117.88
  22225.236   521.129  -122.62  104.31
  22512.339   481.155  -139.24   89.88
  22799.449   442.020  -136.31   67.50
  23086.568   418.842   -80.72   67.41
  23373.695   391.537   -95.10   67.89
  23660.830   364.745   -93.31   62.55
  23947.973   342.020   -79.14   54.47
  24235.124   320.289   -75.68   46.52
  24522.284   303.213   -59.47   36.70
  24809.452   291.784   -39.80   30.40
  25096.628   283.445   -29.04   26.61
  25383.813   277.090   -22.13   23.18
  25671.006   270.748   -22.08   17.50
  25958.207   266.359   -15.28   13.65
  26245.416   261.402   -17.26   13.30
  26532.633   254.799   -22.99   16.45
  26819.859   248.214   -22.93   19.63
  27107.093   243.201   -17.45   19.11
  27394.335   240.139   -10.66   17.83
  27681.585   240.922     2.72   19.20
  27968.844   245.714    16.68   25.52
  28256.110   252.071    22.13   32.67
  28543.386   261.222    31.86   34.61
  28830.669   271.579    36.05   35.77
  29117.960   284.277    44.20   36.56
  29405.260   298.429    49.26   42.36
  29692.568   321.411    79.99   54.46
  29979.884   342.687    74.05   63.71
  30267.209   365.965    81.02   68.42
  30553.879   391.168    87.92   68.95
  30839.534   413.952    79.76   61.97
  31125.196   431.560    61.64   51.00
  31410.865   445.192    47.72   38.68
  31696.542   457.649    43.60   32.51
  31982.226   470.304    44.30   33.07
  32267.917   478.876    30.00   39.04
  32553.616   492.766    48.62   46.16
  32839.322   512.319    68.44   48.51
  33125.035   531.654    67.67   47.10
  33410.756   545.965    50.09   45.78
  33696.485   559.516    47.42   45.61
  33982.220   574.414    52.14   42.21
  34267.963   583.362    31.31   41.86
  34553.714   593.659    36.04   40.32
  34839.472   600.373    23.50   37.82
  35125.237   604.538    14.58   35.08
  35411.009   611.924    25.85   34.26
  35696.789   619.406    26.18   35.80
  35982.576   626.103    23.43   36.91
  36268.371   633.458    25.74   35.55
  36554.173   638.609    18.02   32.91
  36839.983   644.680    21.24   29.32
  37125.799   647.947    11.43   25.35
  37411.624   648.677     2.55   21.98
  37697.455   645.495   -11.13   23.22
  37983.294   643.284    -7.73   25.03
  38269.141   643.348     0.22   25.33
  38554.994   648.037    16.40   26.48
  38840.856   653.887    20.47   25.94
  39126.724   657.582    12.92   27.86
  39412.600   654.755    -9.89   33.83
  39698.483   647.044   -26.97   44.41
  39984.374   629.031   -63.01   68.23
  40270.272   597.020  -111.97   98.37
  40556.178   547.495  -173.22  125.47
  40842.091   494.257  -186.20  138.59
  41128.011   439.370  -191.97  143.04
  41413.939   371.952  -235.79  144.09
  41699.874   306.537  -228.78  146.84
  41985.816   249.574  -199.21  147.01
  42271.766   195.665  -188.53  135.62
  42557.723   148.826  -163.80  111.37
  42843.688   108.845  -139.81   78.02
  43129.660    84.961   -83.52   47.71
  43415.640    70.289   -51.31   12.64
  43701.627    67.595    -9.42    0.68
  43987.621    67.509    -0.30    0.00
  44273.623    67.509     0.00    0.00
  44559.632    67.509     0.00    0.00
  44845.648    67.791     0.99    1.43
  45131.672    69.893     7.35    6.87
  45417.703    75.044    18.01   15.12
  45703.742    87.310    42.88   31.32
  45989.788   110.156    79.87   56.37
  46275.842   143.658   117.12   79.17
  46561.903   180.452   128.63   87.71
  46847.971   215.726   123.31   82.31
  47134.047   250.748   122.42   72.96
  47420.130   288.502   131.97   65.93
  47706.221   323.706   123.05   70.21
  47992.319   354.784   108.63   71.01
  48278.424   378.402    82.55   70.75
  48564.537   400.309    76.57   65.23
  48850.657   416.582    56.88   55.01
  49136.785   420.793    14.72   53.54
  49422.920   418.591    -7.70   54.32
  49709.062   410.466   -28.40   52.24
  49995.212   399.502   -38.32   47.59
  50281.370   392.798   -23.43   40.61
  50567.534   385.927   -24.01   33.12
  50853.707   377.779   -28.47   30.50
  51139.886   369.120   -30.26   29.80
  51426.073   359.622   -33.19   31.30
  51712.268   348.168   -40.02   35.51
  51998.469   331.451   -58.41   36.88
  52284.679   313.882   -61.39   38.44
  52570.895   292.023   -76.37   41.84
  52857.120   269.421   -78.97   42.46
  53143.351   248.250   -73.97   40.65
  53429.590   225.283   -80.24   39.69
  53715.837   205.958   -67.51   35.63
  54002.090   195.081   -38.00   29.26
  54288.352   192.929    -7.52   30.52
  54574.620   197.960    17.57   38.36
  54860.897   205.400    25.99   41.21
  55147.180   212.544    24.96   37.62
  55433.471   221.095    29.87   28.66
  55719.770   221.750     2.29   24.89
  56006.075   218.582   -11.06   22.53
  56292.389   214.134   -15.54   23.37
  56578.709   207.271   -23.97   24.55
  56865.038   201.936   -18.63   26.31
  57151.373   201.572    -1.27   27.48
  57437.716   204.610    10.61   30.15
  57724.067   207.736    10.92   30.59
  58010.425   209.380     5.74   31.78
  58296.790   217.948    29.92   33.22
