-163198.391   719.291     0.00   95.96
-162913.127   720.578     4.51   94.32
-162627.845   718.813    -6.19   98.87
-162342.546   735.799    59.53  117.22
-162057.229   744.084    29.03  129.56
-161771.895   752.189    28.40  140.69
-161486.543   769.250    59.79  161.24
-161201.173   767.775    -5.17  168.40
-160915.787   772.343    16.00  177.49
-160630.382   787.014    51.40  185.40
-160344.961   786.546    -1.64  189.03
-160059.521   793.365    23.89  196.97
-159774.064   790.081   -11.50  201.16
-159488.590   784.079   -21.02  200.78
-159203.098   784.947     3.04  197.27
-158917.589   768.318   -58.24  186.34
-158632.062   742.096   -91.83  168.18
-158346.518   712.911  -102.20  141.34
-158060.956   675.567  -130.76  110.79
-157775.376   650.029   -89.42   83.40
-157489.779   629.333   -72.46   59.49
-157204.165   608.281   -73.70   49.20
-156918.532   588.393   -69.62   41.88
-156632.883   567.718   -72.37   35.35
-156347.215   552.766   -52.34   31.33
-156061.531   539.906   -45.01   27.00
-155775.828   527.718   -42.66   20.24
-155490.108   517.832   -34.60   16.50
-155204.371   507.551   -35.98   23.95
-154918.616   496.488   -38.71   28.97
-154632.843   485.202   -39.49   30.49
-154347.053   472.368   -44.90   28.85
-154061.245   461.815   -36.92   23.68
-153775.419   452.929   -31.09   16.24
-153489.576   449.486   -12.04   11.40
-153203.716   469.339    69.44   50.96
-152917.837   508.384   136.57   99.13
-152631.942   559.943   180.33  135.78
-152346.028   634.002   259.01  172.12
-152060.097   724.997   318.22  195.42
-151774.148   823.346   343.92  200.67
-151488.182   930.298   373.98  200.87
-151202.198  1019.046   310.30  188.07
-150916.196  1081.519   218.42  149.31
-150630.177  1121.758   140.68  118.93
-150344.140  1138.355    58.02  111.12
-150058.086  1139.861     5.26  116.49
-149772.014  1135.637   -14.76  130.40
-149485.924  1134.903    -2.56  134.59
-149199.816  1142.537    26.68  146.27
-148913.691  1165.129    78.95  149.81
-148627.549  1191.339    91.59  133.18
-148341.388  1219.159    97.21   94.46
-148055.210  1213.266   -20.59   84.72
-147769.014  1182.758  -106.59  108.18
-147482.801  1133.078  -173.56  131.23
-147196.570  1062.894  -245.19  143.46
-146910.321   992.145  -247.14  146.64
-146624.054   927.046  -227.39  128.68
-146337.770   890.206  -128.67  109.86
-146051.468   854.662  -124.14  100.22
-145765.148   827.586   -94.56   98.89
-145478.811   819.462   -28.37  104.66
-145192.456   803.968   -54.10  104.89
-144906.083   784.693   -67.30  106.56
-144619.693   763.897   -72.61  106.31
-144333.285   737.694   -91.48  102.69
-144046.859   710.151   -96.15  101.25
-143760.415   676.178  -118.59   95.01
-143473.954   644.366  -111.05   94.53
-143187.475   615.423  -101.02   93.94
-142900.978   592.287   -80.75   80.83
-142614.463   599.194    24.10   96.55
-142327.931   627.760    99.69  136.76
-142041.381   697.059   241.82  196.89
-141754.813   782.425   297.87  236.41
-141468.227   887.511   366.66  227.12
-141181.624   958.956   249.26  208.17
-140895.003  1030.954   251.18  200.97
-140608.364  1075.876   156.71  220.27
-140321.707  1095.686    69.10  227.90
-140035.033  1100.271    15.99  227.62
-139748.340  1109.420    31.91  194.44
-139461.630  1087.988   -74.75  173.68
-139174.903  1080.945   -24.56  146.44
-138888.157  1066.048   -51.95  120.83
-138601.394  1038.141   -97.31  105.12
-138314.612  1009.181  -100.97   91.77
-138027.813   978.026  -108.62   79.00
-137740.996   950.242   -96.87   84.62
-137454.162   918.279  -111.43  101.70
-137167.309   888.891  -102.44  121.16
-136880.439   822.694  -230.74  141.02
-136593.551   748.100  -259.99  143.52
-136306.645   679.842  -237.90  123.48
-136019.721   642.790  -129.13  101.99
-135732.779   619.799   -80.12   83.74
-135445.820   622.305     8.73   90.34
-135158.843   642.269    69.56  102.56
-134871.847   681.620   137.11   94.77
-134584.834   717.309   124.34   84.04
-134297.804   735.773    64.32   80.25
-134010.755   746.160    36.18   77.54
-133723.688   756.059    34.48   74.74
-133436.604   768.511    43.37   67.78
-133149.501   786.439    62.44   67.49
-132862.381   808.891    78.19   62.55
-132575.243   826.613    61.71   70.02
-132288.087   853.734    94.44   80.50
-132000.913   885.242   109.71   96.00
-131713.721   918.310   115.13  108.41
-131426.512   946.210    97.13  107.64
-131139.284   989.420   150.43  110.50
-130852.039  1035.950   161.98  127.52
-130564.775  1091.395   193.00  145.16
-130277.494  1147.576   195.55  142.87
-129990.195  1163.916    56.87  136.66
-129702.877  1168.333    15.37  130.67
-129415.542  1146.584   -75.68  160.78
-129128.189  1087.742  -204.76  206.49
-128840.818   984.816  -358.14  237.85
-128553.429   864.941  -417.09  233.04
-128266.023   753.186  -388.82  191.86
-127978.598   673.970  -275.59  156.84
-127691.155   620.324  -186.62  122.53
-127403.694   585.454  -121.30   84.56
-127116.216   579.555   -20.52   79.33
-126828.719   597.420    62.14  104.56
-126541.205   620.560    80.48  114.42
-126253.672   645.181    85.62  119.29
-125966.122   667.817    78.71  115.71
-125678.553   689.334    74.82  107.96
-125390.967   703.283    48.50   95.95
-125103.362   715.833    43.63   82.51
-124815.740   710.647   -18.03   81.71
-124528.099   704.539   -21.23   78.39
-124240.441   699.898   -16.13   65.90
-123952.764   707.022    24.76   60.55
-123665.070   715.067    27.96   57.01
-123377.358   719.651    15.93   58.52
-123089.627   719.661     0.04   60.27
-122801.879   736.274    57.73   65.58
-122514.112   748.470    42.38   64.73
-122226.328   764.075    54.22   65.95
-121938.525   768.270    14.57   66.57
-121650.704   774.156    20.45   66.65
-121362.866   782.928    30.47   67.57
-121075.009   795.118    42.35   71.78
-120787.134   808.472    46.39   79.92
-120499.242   828.978    71.22   85.71
-120211.331   857.839   100.24  101.55
-119923.402   897.751   138.61  124.62
-119635.455   953.432   193.36  142.94
-119347.490   991.387   131.80  139.59
-119059.507  1008.172    58.28  137.09
-118771.506  1005.466    -9.40  137.86
-118483.487  1017.132    40.50  133.94
-118195.449  1033.059    55.29  135.18
-117907.394  1040.670    26.42  127.28
-117619.320  1046.326    19.63  122.05
-117331.229  1069.411    80.13  121.47
-117043.119  1107.019   130.53  114.43
-116754.991  1128.137    73.29  118.74
-116466.845  1131.767    12.60  125.85
-116178.681  1140.150    29.09  125.15
-115890.499  1184.710   154.62  130.59
-115602.299  1235.247   175.34  130.31
-115314.081  1292.258   197.80  143.56
-115025.844  1322.040   103.32  142.43
-114737.590  1355.890   117.42  132.49
-114449.317  1372.470    57.51  127.44
-114161.026  1360.137   -42.78  142.98
-113872.717  1339.803   -70.53  168.35
-113584.390  1299.083  -141.22  186.75
-113296.044  1232.710  -230.17  191.37
-113007.681  1169.111  -220.54  177.67
-112719.299  1104.492  -224.06  156.81
-112430.900  1058.638  -158.99  135.10
-112142.482  1014.841  -151.84  112.62
-111854.045   981.829  -114.45   89.79
-111565.591   957.910   -82.92   69.75
-111277.119   942.268   -54.22   58.70
-110988.628   926.879   -53.34   52.37
-110700.119   911.337   -53.87   50.53
-110412.870   898.316   -45.33   44.81
-110128.124   893.532   -16.80   43.34
-109843.360   901.153    26.76   57.91
-109558.580   912.131    38.55   64.64
-109273.783   925.783    47.93   64.34
-108988.970   943.791    63.22   63.39
-108704.139   960.328    58.05   59.89
-108419.291   982.022    76.16   67.41
-108134.427  1010.759   100.88   90.60
-107849.545  1031.660    73.36  116.04
-107564.647  1072.118   142.00  145.35
-107279.731  1112.480   141.66  152.49
-106994.799  1138.884    92.66  146.83
-106709.850  1171.516   114.51  137.55
-106424.883  1197.021    89.50  132.69
-106139.900  1238.918   147.01  131.87
-105854.900  1265.000    91.51  119.68
-105569.883  1277.181    42.73  118.10
-105284.849  1288.242    38.81  113.70
-104999.798  1283.144   -17.88  128.11
-104714.730  1246.095  -129.96  135.09
-104429.645  1223.162   -80.44  125.54
-104144.543  1207.156   -56.14  119.51
-103859.424  1232.456    88.73  149.29
-103574.288  1281.308   171.32  182.22
-103289.135  1326.776   159.44  192.74
-103003.966  1367.342   142.25  182.65
-102718.779  1403.782   127.77  164.16
-102433.575  1446.119   148.44  132.84
-102148.354  1470.234    84.54  127.14
-101863.116  1493.361    81.08  116.41
-101577.862  1497.230    13.56  109.79
-101292.590  1488.321   -31.23  116.68
-101007.301  1470.540   -62.32  121.76
-100721.995  1450.214   -71.24  119.59
-100436.672  1436.527   -47.97  126.01
-100151.332  1391.595  -157.46  127.75
 -99865.975  1333.173  -204.72  122.45
 -99580.601  1279.924  -186.58  130.49
 -99295.210  1232.205  -167.20  127.60
 -99009.802  1199.718  -113.82  116.92
 -98724.377  1172.258   -96.20  105.90
 -98438.935  1156.040   -56.81  103.42
 -98153.476  1146.646   -32.91  101.47
 -97867.999  1156.734    35.33  109.26
 -97582.506  1170.169    47.06  111.15
 -97296.996  1184.086    48.74  117.03
 -97011.468  1213.324   102.40  128.51
 -96725.924  1273.189   209.64  144.82
 -96440.362  1336.135   220.42  139.30
 -96154.784  1383.652   166.38  126.42
 -95869.188  1400.458    58.84  118.94
 -95583.575  1419.861    67.93  111.50
 -95297.945  1448.255    99.41   97.77
 -95012.298  1450.877     9.18   95.08
 -94726.634  1433.414   -61.13  106.44
 -94440.953  1416.526   -59.11  111.70
 -94155.255  1378.781  -132.11  134.18
 -93869.539  1334.814  -153.88  142.83
 -93583.807  1291.619  -151.17  131.84
 -93298.057  1261.450  -105.57  117.43
 -93012.291  1223.274  -133.59  103.20
 -92726.507  1186.859  -127.42  102.74
 -92440.706  1167.757   -66.83  101.77
 -92154.888  1161.734   -21.07  106.91
 -91869.053  1165.178    12.05  116.59
 -91583.200  1168.774    12.58  122.86
 -91297.331  1155.863   -45.16  123.56
 -91011.444  1156.123     0.91  130.67
 -90725.540  1144.766   -39.72  136.94
 -90439.619  1109.947  -121.77  142.54
 -90153.681  1062.107  -167.30  113.68
 -89867.726  1024.214  -132.51   65.92
 -89581.754  1009.486   -51.50   46.17
 -89295.764  1010.993     5.27   48.12
 -89009.758  1024.441    47.02   61.48
 -88723.734  1050.234    90.17   71.93
 -88437.693  1083.350   115.77   79.42
 -88151.634  1114.587   109.19   79.42
 -87865.559  1154.651   140.04   86.47
 -87579.466  1188.017   116.62   95.08
 -87293.357  1209.247    74.20  106.58
 -87007.230  1216.629    25.80  110.53
 -86721.085  1227.363    37.51  109.06
 -86434.924  1245.218    62.39   99.06
 -86148.745  1244.474    -2.60   96.74
 -85862.550  1226.726   -62.01  100.40
 -85576.337  1192.602  -119.22   98.02
 -85290.106  1157.821  -121.51   85.82
 -85003.859  1133.258   -85.81   76.50
 -84717.594  1121.343   -41.62   69.78
 -84431.312  1118.749    -9.06   63.08
 -84145.013  1134.966    56.64   65.64
 -83858.697  1162.636    96.64   74.58
 -83572.363  1183.821    73.98   79.18
 -83286.012  1207.710    83.42   72.13
 -82999.644  1227.008    67.39   71.56
 -82713.259  1236.884    34.48   71.30
 -82426.856  1246.412    33.27   59.95
 -82140.437  1241.589   -16.84   60.00
 -81854.000  1234.830   -23.60   61.28
 -81567.545  1227.960   -23.98   60.04
 -81281.074  1223.301   -16.26   55.79
 -80994.585  1218.323   -17.37   50.79
 -80708.078  1222.349    14.05   44.17
 -80421.555  1223.210     3.00   41.98
 -80135.014  1218.452   -16.61   44.06
 -79848.456  1211.453   -24.42   50.05
 -79561.881  1195.245   -56.56   56.53
 -79275.288  1173.201   -76.92   61.57
 -78988.678  1151.964   -74.10   61.00
 -78702.051  1129.470   -78.48   60.35
 -78415.407  1111.571   -62.44   58.55
 -78128.745  1090.791   -72.49   53.97
 -77842.066  1071.694   -66.61   53.94
 -77555.369  1053.189   -64.54   56.52
 -77268.656  1030.379   -79.55   58.05
 -76981.924  1002.210   -98.24   62.92
 -76695.176   970.186  -111.68   64.61
 -76408.410   948.907   -74.20   58.09
 -76121.627   932.379   -57.63   55.97
 -75834.827   925.346   -24.52   53.08
 -75548.009   924.550    -2.78   52.87
 -75261.174   931.685    24.88   53.22
 -74974.321   935.791    14.31   49.60
 -74687.452   940.321    15.79   45.93
 -74400.565   929.933   -36.21   51.42
 -74113.660   914.205   -54.82   56.50
 -73826.738   911.382    -9.84   64.07
 -73539.799   903.872   -26.17   68.14
 -73252.842   911.401    26.23   81.99
 -72965.868   917.258    20.41   91.96
 -72678.877   923.090    20.32  100.55
 -72391.868   926.331    11.29  102.83
 -72104.842   926.655     1.13  104.11
 -71817.798   924.105    -8.88  107.68
 -71530.737   904.806   -67.23  106.62
 -71243.659   882.040   -79.30  108.13
 -70956.563   847.242  -121.20  113.27
 -70669.450   820.884   -91.80  107.80
 -70382.320   822.430     5.38  115.04
 -70095.172   834.186    40.94  127.91
 -69808.006   852.006    62.05  133.14
 -69520.823   880.767   100.14  133.20
 -69233.623   921.544   141.98  112.34
 -68946.405   946.329    86.29   79.91
 -68659.170   953.296    24.26   57.01
 -68371.918   920.415  -114.47   55.37
 -68084.648   890.350  -104.65   54.63
 -67797.360   859.460  -107.52   59.31
 -67510.056   828.718  -107.00   63.09
 -67222.733   803.694   -87.09   58.71
 -66935.393   797.024   -23.21   65.66
 -66648.036   824.379    95.19  116.28
 -66360.661   875.258   177.04  161.70
 -66073.269   932.387   198.78  167.68
 -65785.860   982.025   172.70  144.55
 -65498.433  1018.847   128.10  106.93
 -65210.988  1024.643    20.17   96.41
 -64923.526  1002.630   -76.58  102.91
 -64636.046   949.500  -184.81   99.72
 -64348.549   904.067  -158.02   94.94
 -64061.035   859.178  -156.12   92.32
 -63773.503   818.783  -140.49   91.42
 -63485.953   776.544  -146.89   93.00
 -63198.386   735.750  -141.86   79.85
 -62910.802   697.173  -134.14   62.95
 -62623.200   663.718  -116.32   55.37
 -62335.580   650.765   -45.03   48.04
 -62047.943   642.238   -29.65   41.36
 -61760.288   641.918    -1.11   40.96
 -61472.616   644.526     9.07   42.56
 -61184.926   653.123    29.88   39.47
 -60897.219   664.871    40.83   35.52
 -60609.494   676.134    39.14   29.96
 -60321.752   679.798    12.74   31.89
 -60033.992   682.852    10.61   31.47
 -59746.215   687.290    15.42   25.90
 -59458.420   690.627    11.59   19.20
 -59170.607   688.606    -7.02   19.64
 -58882.777   682.398   -21.57   20.77
 -58594.930   676.048   -22.06   22.47
 -58307.064   666.757   -32.28   27.84
 -58019.182   662.986   -13.10   28.08
 -57731.281   654.098   -30.87   32.47
 -57443.363   642.230   -41.22   39.01
 -57155.428   634.287   -27.58   40.56
 -56867.475   613.431   -72.43   57.55
 -56579.504   580.631  -113.90   86.94
 -56291.516   546.847  -117.31   99.42
 -56003.510   518.476   -98.51   94.58
 -55715.486   501.958   -57.35   83.42
 -55427.445   502.924     3.36   82.71
 -55139.386   524.145    73.67   93.44
 -54851.310   556.993   114.02  103.38
 -54563.216   607.363   174.83   93.71
 -54275.104   653.281   159.37   72.26
 -53986.975   684.798   109.38   57.70
 -53698.828   715.390   106.16   52.58
 -53410.664   742.773    95.02   51.17
 -53122.482   767.710    86.53   53.23
 -52834.282   786.344    64.65   51.06
 -52546.064   795.214    30.77   45.80
 -52257.829   796.790     5.47   45.42
 -51969.577   789.119   -26.61   51.98
 -51681.306   774.970   -49.08   56.37
 -51393.018   762.439   -43.46   54.41
 -51104.712   746.141   -56.53   42.42
 -50816.389   738.942   -24.97   27.48
 -50528.048   736.872    -7.18   21.01
 -50239.689   737.495     2.16   20.48
 -49951.313   741.648    14.40   21.12
 -49662.919   747.588    20.60   21.38
 -49374.507   755.137    26.18   23.85
 -49086.077   761.804    23.12   25.00
 -48797.630   764.210     8.34   23.82
 -48510.773   768.110    13.60   22.29
 -48225.974   771.575    12.17   23.46
 -47941.160   775.508    13.81   27.17
 -47656.328   770.284   -18.34   32.35
 -47371.481   760.436   -34.57   36.71
 -47086.617   749.046   -39.98   36.91
 -46801.736   740.836   -28.82   44.64
 -46516.840   734.635   -21.76   45.98
 -46231.926   722.928   -41.09   45.85
 -45946.996   715.261   -26.91   45.37
 -45662.050   714.428    -2.93   48.28
 -45377.087   718.907    15.72   55.45
 -45092.108   724.526    19.72   56.45
 -44807.112   728.398    13.59   56.20
 -44522.100   734.431    21.17   52.26
 -44237.072   745.472    38.74   43.56
 -43952.027   751.315    20.50   41.71
 -43666.965   749.952    -4.78   46.49
 -43381.887   746.968   -10.47   50.17
 -43096.792   750.080    10.92   50.67
 -42811.681   757.035    24.39   47.25
 -42526.554   756.824    -0.74   43.15
 -42241.410   745.395   -40.08   55.50
 -41956.249   722.686   -79.64   68.34
 -41671.072   703.805   -66.20   73.16
 -41385.878   683.009   -72.92   67.52
 -41100.668   669.809   -46.28   56.44
 -40815.442   664.812   -17.52   52.14
 -40530.198   673.726    31.25   59.08
 -40244.939   692.628    66.26   63.02
 -39959.663   721.915   102.66   60.56
 -39674.370   735.081    46.15   57.52
 -39389.061   741.687    23.15   55.17
 -39103.735   737.340   -15.23   56.83
 -38818.392   726.029   -39.64   56.99
 -38533.033   715.088   -38.34   60.32
 -38247.658   693.185   -76.75   58.74
 -37962.266   664.792   -99.49   52.55
 -37676.857   651.726   -45.78   46.01
 -37391.432   650.751    -3.42   41.92
 -37105.991   658.867    28.43   52.55
 -36820.532   675.615    58.67   63.42
 -36535.058   689.887    49.99   71.15
 -36249.566   702.883    45.52   66.64
 -35964.058   717.037    49.58   53.93
 -35678.534   714.506    -8.86   46.87
 -35392.993   710.466   -14.15   48.02
 -35107.435   694.508   -55.88   40.55
 -34821.861   685.919   -30.07   31.95
 -34536.270   684.919    -3.50   34.23
 -34250.662   690.529    19.64   44.34
 -33965.038   692.896     8.29   50.12
 -33679.397   701.864    31.40   52.38
 -33393.740   704.906    10.65   48.19
 -33108.066   710.059    18.04   42.52
 -32822.376   712.944    10.10   39.84
 -32536.668   716.398    12.09   42.38
 -32250.945   715.895    -1.76   45.50
 -31965.204   714.589    -4.57   49.75
 -31679.447   716.269     5.88   55.32
 -31393.674   711.515   -16.64   59.08
 -31107.883   703.246   -28.93   57.48
 -30822.076   691.101   -42.50   53.44
 -30536.253   675.991   -52.86   42.14
 -30250.412   669.137   -23.98   38.79
 -29964.556   668.369    -2.69   40.82
 -29678.682   671.645    11.46   46.25
 -29392.792   675.954    15.07   46.44
 -29106.885   673.880    -7.25   46.19
 -28820.961   664.341   -33.36   38.52
 -28535.021   660.516   -13.38   39.83
 -28249.064   654.466   -21.16   32.96
 -27963.091   651.916    -8.92   34.42
 -27677.101   652.346     1.50   39.00
 -27391.094   653.775     5.00   42.28
 -27105.070   659.424    19.75   47.06
 -26819.030   665.986    22.94   48.08
 -26532.973   669.021    10.61   46.97
 -26246.899   674.527    19.25   44.17
 -25960.809   672.173    -8.23   41.35
 -25674.702   660.091   -42.23   51.05
 -25388.578   618.927  -143.87  109.55
 -25102.437   561.360  -201.18  161.90
 -24816.280   495.915  -228.70  189.71
 -24530.106   423.488  -253.08  197.51
 -24243.916   364.011  -207.82  179.25
 -23957.708   309.655  -189.92  154.10
 -23671.484   267.488  -147.32  128.60
 -23385.244   251.182   -56.97  124.88
 -23098.986   230.902   -70.85  123.54
 -22812.712   211.879   -66.45  119.66
 -22526.421   187.411   -85.47  100.69
 -22240.113   158.599  -100.63   76.25
 -21953.788   139.952   -65.13   55.26
 -21667.447   124.552   -53.78   37.11
 -21381.089   114.653   -34.57   20.62
 -21094.714   109.678   -17.37    7.13
 -20808.323   109.511    -0.58    3.57
 -20521.914   111.629     7.39    6.29
 -20235.489   116.866    18.28   14.24
 -19949.047   125.702    30.85   24.72
 -19662.589   141.242    54.25   37.89
 -19376.113   163.912    79.13   56.03
 -19089.621   197.824   118.37   76.23
 -18803.112   231.590   117.85   88.18
 -18516.586   273.858   147.52   98.94
 -18230.044   325.516   180.28  113.12
 -17943.484   388.323   219.17  123.60
 -17656.908   448.392   209.61  132.71
 -17370.315   514.089   229.23  133.11
 -17083.705   565.655   179.92  113.20
 -16797.079   592.263    92.83   85.29
 -16510.435   595.013     9.60   81.05
 -16223.775   572.405   -78.86   99.85
 -15937.098   536.790  -124.23  110.64
 -15650.404   497.424  -137.31   97.07
 -15363.694   468.803   -99.82   73.29
 -15076.966   462.062   -23.51   73.30
 -14790.222   482.004    69.54   98.69
 -14503.460   508.902    93.80  107.77
 -14216.682   555.964   164.10  109.42
 -13929.887   593.948   132.44  106.02
 -13643.076   636.911   149.80   91.59
 -13356.247   672.789   125.08   79.04
 -13069.401   699.913    94.56   66.06
 -12782.539   722.371    78.29   56.81
 -12495.660   727.327    17.28   77.94
 -12208.764   679.899  -165.31  162.29
 -11921.851   582.758  -338.57  255.02
 -11634.921   475.138  -375.07  296.39
 -11347.974   354.816  -419.32  302.29
 -11061.011   232.894  -424.87  260.55
 -10774.030   130.329  -357.39  166.34
 -10487.033    65.189  -226.97   63.42
 -10200.019    41.919   -81.08   21.30
  -9912.987    34.430   -26.09    7.32
  -9625.939    33.226    -4.19    5.40
  -9338.874    34.710     5.17    6.68
  -9051.792    37.913    11.16    8.23
  -8764.694    40.994    10.73    8.31
  -8477.578    43.615     9.13    8.08
  -8190.445    46.298     9.34    6.98
  -7903.296    49.326    10.54    4.62
  -7616.129    51.004     5.84    3.30
  -7328.946    52.121     3.89    2.11
  -7041.745    52.400     0.97    1.88
  -6754.528    52.198    -0.70    2.14
  -6467.294    51.132    -3.71    3.58
  -6180.043    48.873    -7.87    7.45
  -5892.775    46.024    -9.92   10.08
  -5605.490    43.198    -9.84   11.78
  -5318.188    39.663   -12.30   13.11
  -5030.869    36.588   -10.70   13.45
  -4743.533    33.206   -11.77   13.19
  -4456.180    30.398    -9.77   12.42
  -4168.810    28.263    -7.43   10.59
  -3881.423    26.694    -5.46    8.12
  -3594.019    26.710     0.05    6.85
  -3306.598    26.816     0.37    5.62
  -3019.160    26.686    -0.45    5.72
  -2731.706    26.790     0.36    7.68
  -2444.234    27.296     1.76    9.00
  -2156.745    26.077    -4.24   11.00
  -1869.239    25.113    -3.35   12.66
  -1581.717    23.392    -5.98   14.52
  -1294.177    21.742    -5.74   16.43
  -1006.620    18.815   -10.18   17.65
   -719.046    14.170   -16.15   17.52
   -431.455     9.937   -14.72   16.11
   -143.847     5.158   -16.62   12.36
    143.777     2.615    -8.84    7.30
    431.419     3.331     2.49    6.04
    719.078     5.361     7.06    7.09
   1006.754     7.581     7.72    7.42
   1294.447     9.997     8.40    7.38
   1582.157    12.833     9.86    6.83
   1869.884    15.409     8.95    5.68
   2157.628    17.100     5.88    5.78
   2445.390    18.578     5.14    6.61
   2733.168    20.474     6.59    7.17
   3020.963    22.218     6.06    8.08
   3308.776    23.351     3.94    8.65
   3596.605    24.121     2.68    8.46
   3884.452    25.765     5.71    8.48
   4172.315    27.806     7.09    8.70
   4460.196    30.807    10.42    9.13
   4748.094    34.844    14.02    9.43
   5036.008    39.336    15.60   10.90
   5323.940    46.158    23.69   12.33
   5611.889    53.067    23.99   13.03
   5899.856    59.574    22.60   13.77
   6187.839    65.671    21.17   13.27
   6475.839    71.518    20.30   11.56
   6763.857    75.839    15.00    9.38
   7051.891    78.384     8.84    8.15
   7339.943    78.403     0.07    8.06
   7628.012    77.057    -4.68    8.96
   7916.097    73.978   -10.69    9.75
   8204.201    70.645   -11.57   10.06
   8492.321    66.765   -13.46    9.23
   8780.458    63.162   -12.51    6.85
   9068.612    60.444    -9.43    3.73
   9356.784    58.935    -5.24    2.68
   9644.973    57.614    -4.58    3.93
   9933.179    55.742    -6.49    6.25
  10221.402    54.087    -5.74    6.93
  10509.642    53.254    -2.89    6.72
  10797.899    52.921    -1.16    6.20
  11086.174    53.912     3.44    6.53
  11374.465    55.693     6.18    6.71
  11662.774    58.877    11.04    6.32
  11951.100    62.015    10.88    5.31
  12239.443    64.524     8.70    5.59
  12527.804    67.440    10.11    5.65
  12816.181    69.670     7.73    5.29
  13104.576    71.863     7.60    4.80
  13391.061    74.004     7.47    6.96
  13675.908    74.726     2.54    6.76
  13960.770    75.899     4.12    9.28
  14245.648    75.124    -2.72    9.07
  14530.543    73.198    -6.76    7.48
  14815.453    71.152    -7.18    6.18
  15100.379    69.214    -6.80    5.29
  15385.321    67.226    -6.98    4.23
  15670.279    65.679    -5.43    3.21
  15955.254    64.436    -4.36    2.40
  16240.244    63.395    -3.65    2.09
  16525.250    62.734    -2.32    2.03
  16810.272    62.182    -1.93    2.25
  17095.310    61.608    -2.01    2.77
  17380.363    61.395    -0.75    3.08
  17665.433    61.640     0.86    3.53
  17950.519    62.613     3.41    4.13
  18235.621    63.718     3.88    4.36
  18520.739    65.132     4.96    4.43
  18805.873    66.758     5.70    4.51
  19091.023    69.234     8.68    4.02
  19376.189    71.345     7.40    4.96
  19661.371    73.970     9.20    5.93
  19946.569    77.324    11.76    7.51
  20231.783    81.441    14.44    9.09
  20517.012    86.054    16.17   10.60
  20802.258    91.382    18.68   11.30
  21087.520    97.282    20.68   11.67
  21372.798   103.336    21.22   11.68
  21658.092   109.472    21.51   11.78
  21943.403   116.102    23.24   12.60
  22228.729   123.136    24.65   13.49
  22514.071   130.557    26.00   14.26
  22799.429   138.395    27.47   14.21
  23084.803   146.319    27.77   14.39
  23370.193   154.315    28.02   13.81
  23655.600   162.145    27.44   13.36
  23941.022   170.059    27.73   14.17
  24226.461   177.896    27.46   14.61
  24511.915   185.839    27.82   15.04
  24797.386   193.765    27.77   15.06
  25082.872   202.118    29.26   14.85
  25368.375   210.476    29.28   14.35
  25653.894   217.789    25.61   13.39
  25939.429   225.382    26.59   13.34
  26224.980   233.110    27.06   13.04
  26510.547   240.027    24.22   12.44
  26796.130   247.444    25.97   12.50
  27081.729   253.881    22.54   12.13
  27367.344   260.194    22.10   12.09
  27652.976   266.646    22.59   12.38
  27938.623   273.260    23.15   12.37
  28224.287   279.653    22.38   13.76
  28509.967   286.952    25.55   15.37
  28795.662   295.702    30.63   17.39
  29081.374   304.194    29.72   17.01
  29367.102   311.338    25.00   15.30
  29652.847   318.250    24.19   12.88
  29938.607   324.051    20.30    8.99
  30224.383   327.438    11.85    7.02
  30510.176   328.693     4.39    6.29
  30795.985   328.678    -0.05    6.74
  31081.809   327.238    -5.04    7.17
  31367.650   324.817    -8.47    8.37
  31653.507   321.403   -11.94    9.25
  31939.381   316.886   -15.80    9.61
  32225.270   312.268   -16.15    9.93
  32511.176   307.294   -17.40    9.52
  32797.097   302.504   -16.75    9.25
  33083.035   297.995   -15.77    8.53
  33368.989   293.855   -14.48    7.39
  33654.960   290.312   -12.39    6.43
  33940.946   287.567    -9.60    5.41
  34226.949   284.733    -9.91    4.54
  34512.967   282.400    -8.16    4.43
  34799.002   279.798    -9.10    4.93
  35085.053   277.245    -8.93    5.83
  35371.121   274.258   -10.44    6.94
  35657.204   270.966   -11.51    7.30
  35943.304   268.020   -10.30    6.76
  36229.420   265.234    -9.74    5.48
  36515.552   263.015    -7.76    4.26
  36801.700   261.403    -5.63    3.03
  37087.864   260.153    -4.37    2.10
  37374.045   259.434    -2.51    2.57
  37660.242   258.081    -4.73    3.76
  37946.455   256.051    -7.09    5.38
  38232.685   254.678    -4.80    5.94
  38518.930   253.790    -3.10    5.71
  38805.192   252.993    -2.78    6.30
  39091.470   252.190    -2.81    6.01
  39377.764   252.671     1.68    5.17
  39664.075   253.913     4.34    4.75
  39950.401   255.142     4.29    4.84
  40236.744   256.487     4.70    5.02
  40523.104   257.964     5.16    5.27
  40809.479   260.369     8.40    4.51
  41095.871   262.687     8.09    3.90
  41382.279   264.879     7.65    4.22
  41668.703   267.694     9.83    5.30
  41955.144   270.734    10.61    6.62
  42241.600   274.678    13.77    7.33
  42528.073   278.062    11.81    7.40
  42814.563   281.653    12.54    6.66
  43101.068   285.056    11.88    5.88
  43387.590   288.064    10.50    5.37
  43674.128   291.273    11.20    5.95
  43960.683   294.966    12.89    8.25
  44247.254   299.014    14.13    9.97
  44533.841   304.577    19.41   12.72
  44820.444   310.987    22.37   14.50
  45107.064   316.934    20.75   14.23
  45393.699   322.819    20.53   13.79
  45680.352   327.620    16.75   11.80
  45967.020   332.710    17.75   10.45
  46253.705   336.257    12.37    8.40
  46540.406   339.121     9.99    6.36
  46827.124   341.056     6.75    5.84
  47113.858   342.446     4.85    5.15
  47400.608   344.379     6.74    5.27
  47687.374   345.812     5.00    5.44
  47974.157   347.742     6.73    5.43
  48260.956   349.893     7.50    5.65
  48547.772   352.334     8.51    6.01
  48834.604   354.742     8.40    5.57
  49121.452   355.435     2.42    4.89
  49408.316   355.086    -1.22    6.20
  49695.197   351.371   -12.95   12.12
  49982.095   347.521   -13.42   15.41
  50269.008   344.534   -10.41   16.21
  50555.938   340.226   -15.02   17.54
  50842.884   337.092   -10.92   17.90
  51129.847   330.830   -21.82   21.48
  51416.826   325.616   -18.17   25.53
  51703.822   320.065   -19.34   29.57
  51990.834   310.772   -32.38   35.96
  52277.862   302.516   -28.76   37.33
  52564.907   288.710   -48.10   41.73
  52851.968   278.857   -34.32   46.90
  53139.045   268.282   -36.84   46.35
  53426.139   256.100   -42.44   48.95
  53713.249   246.430   -33.68   47.15
  54000.376   237.774   -30.15   44.20
  54287.519   232.420   -18.65   45.84
  54574.678   228.278   -14.43   43.94
  54861.854   220.190   -28.16   48.57
  55149.046   212.377   -27.21   52.61
  55436.255   204.870   -26.14   48.93
  55723.480   190.398   -50.39   56.27
  56010.722   178.226   -42.37   57.39
  56297.980   157.542   -72.01   67.19
  56585.254   141.483   -55.90   69.34
  56872.545   123.661   -62.04   68.27
  57159.852   107.335   -56.83   66.89
  57447.176    92.814   -50.54   60.31
  57734.516    75.652   -59.73   50.26
  58021.873    70.301   -18.62   44.77
  58309.246    59.022   -39.25   33.97
  58596.636    53.939   -17.69   27.54
  58884.042    50.138   -13.22   22.98
  59171.464    46.790   -11.65   20.12
  59458.903    47.260     1.64   20.97
  59746.359    47.078    -0.63   21.71
  60033.830    50.505    11.92   22.48
  60321.319    55.199    16.33   22.10
  60608.824    58.694    12.16   21.33
  60896.345    63.919    18.17   21.46
  61183.883    67.539    12.59   20.29
  61471.437    71.884    15.11   21.17
  61759.008    74.462     8.96   22.86
  62046.596    77.444    10.37   23.85
  62334.199    79.869     8.43   25.51
  62621.820    83.444    12.43   24.55
  62909.457    89.613    21.45   18.37
  63197.110    91.116     5.23   15.91
  63484.780    94.395    11.40    9.30
  63772.466    95.260     3.01    5.87
  64060.169    95.446     0.64    4.74
  64347.889    94.830    -2.14    5.03
  64635.625    94.865     0.12    5.48
  64923.378    95.242     1.31    6.01
  65211.147    97.038     6.24    7.15
  65498.932    99.538     8.69    7.11
  65786.734   101.798     7.85    6.47
  66074.553   104.002     7.66    6.15
  66362.388   105.773     6.15    5.55
  66650.240   107.992     7.71    5.47
  66938.109   109.895     6.61    6.28
  67225.994   111.278     4.80    6.41
  67513.895   113.502     7.73    7.73
  67801.813   115.133     5.67    8.60
  68089.748   116.853     5.97    8.90
  68377.699   118.851     6.94   11.11
  68665.667   120.132     4.45   12.14
  68953.652   124.384    14.77   15.78
  69241.653   128.733    15.10   18.55
  69529.670   133.919    18.01   19.92
  69817.704   139.726    20.16   22.17
  70105.755   145.853    21.27   22.05
  70393.823   153.956    28.13   21.45
  70681.906   159.096    17.84   22.30
  70970.007   165.170    21.09   20.26
  71258.124   171.435    21.75   21.31
  71546.258   177.797    22.08   22.59
  71834.409   184.254    22.41   22.97
  72122.576   190.118    20.35   26.56
  72410.759   194.887    16.55   26.43
  72698.960   201.749    23.81   29.27
  72987.177   206.943    18.02   31.51
  73275.410   211.813    16.90   32.12
  73563.660   218.313    22.55   35.87
  73851.927   222.773    15.47   35.58
  74140.211   230.355    26.30   37.72
  74428.511   233.918    12.36   40.00
  74716.828   236.222     7.99   39.94
  75005.161   239.462    11.24   42.58
  75291.317   240.160     2.44   44.62
  75576.223   241.598     5.05   44.99
  75861.143   239.850    -6.14   46.61
  76146.080   240.557     2.48   46.07
  76431.031   240.695     0.48   46.78
  76715.998   237.830   -10.05   44.91
  77000.981   239.198     4.80   43.50
  77285.979   238.069    -3.96   42.06
  77570.992   236.686    -4.85   38.90
  77856.021   235.138    -5.43   37.87
  78141.065   233.379    -6.17   34.77
  78426.125   233.315    -0.23   34.35
  78711.200   233.966     2.28   33.43
  78996.291   235.777     6.35   31.87
  79281.397   237.979     7.73   32.37
