# NaN NaN NaN ;Mean Elev.(m), Avg Gradient(m/km), RMS Gradient(m/km) - SRTM1     
#   10.035  -0.182  11.432 ;Mean Elev.(m), Avg Gradient(m/km), RMS Gradient(m/km) - ASTER GDEM
#   29.000  -0.241   8.925 ;Mean Elev.(m), Avg Gradient(m/km), RMS Gradient(m/km) - GMTED2010 
   1    83.918 54668.85335743 13.24 230.915140  65.891011  5.621 -100.00 -100.00 -100.00
   1    79.755 54668.85335802 12.84 230.921493  65.891394  4.889 -100.00 -100.00 -100.00
   1    79.177 54668.85335861 12.51 230.927846  65.891778  5.089 -100.00 -100.00 -100.00
   2    79.724 54678.76900162 16.61 230.914471  65.891871  8.646 -100.00 -100.00 -100.00
   2    77.753 54678.76900221 16.71 230.920824  65.892255  9.223 -100.00 -100.00 -100.00
   2    78.675 54678.76900280 15.02 230.927177  65.892638  6.647 -100.00 -100.00 -100.00
   3    -9.404 54688.68464475  7.56 230.915251  65.893366  2.921 -100.00 -100.00 -100.00
   3    -7.248 54688.68464534  8.08 230.921604  65.893749  2.911 -100.00 -100.00 -100.00
   3    -5.105 54688.68464593  8.10 230.927958  65.894133  3.172 -100.00 -100.00 -100.00
   4    79.680 54698.60028588 12.26 230.916663  65.894141  6.767 -100.00 -100.00 -100.00
   4    78.693 54698.60028647 11.51 230.923016  65.894524  7.664 -100.00 -100.00 -100.00
   4    78.475 54698.60028706  9.12 230.929369  65.894908  5.730 -100.00 -100.00 -100.00
   5    -1.827 54708.51592878  8.92 230.914754  65.893016  3.177 -100.00 -100.00 -100.00
   5    -0.973 54708.51592937  8.97 230.921107  65.893400  3.559 -100.00 -100.00 -100.00
   5    -0.202 54708.51592997 10.59 230.927460  65.893783  5.154 -100.00 -100.00 -100.00
   6    79.660 54718.43158083 15.36 230.920084  65.891479  8.907 -100.00 -100.00 -100.00
   6    79.334 54718.43158142 14.76 230.926436  65.891862  7.765 -100.00 -100.00 -100.00
   6    78.792 54718.43158201 13.46 230.932789  65.892245  6.547 -100.00 -100.00 -100.00
   7     7.304 54728.34722942 11.06 230.915884  65.889348  4.158 -100.00 -100.00 -100.00
   7     7.531 54728.34723001 10.44 230.922236  65.889731  3.008 -100.00 -100.00 -100.00
   7     8.958 54728.34723060 10.48 230.928588  65.890114  3.509 -100.00 -100.00 -100.00
   7    10.310 54728.34723119 10.78 230.934940  65.890497  3.689 -100.00 -100.00 -100.00
   8    80.026 54738.26287723 16.54 230.919532  65.889209 10.076 -100.00 -100.00 -100.00
   8    79.837 54738.26287782 14.84 230.925884  65.889592  8.740 -100.00 -100.00 -100.00
   8    79.360 54738.26287841 12.60 230.932236  65.889975  5.450 -100.00 -100.00 -100.00
   9    79.169 54748.17852468 20.95 230.920422  65.890301 10.757 -100.00 -100.00 -100.00
   9    78.577 54748.17852527 22.13 230.926775  65.890684 13.505 -100.00 -100.00 -100.00
   9    78.544 54748.17852586 19.15 230.933128  65.891066  7.751 -100.00 -100.00 -100.00
  10    76.027 54758.09417133 26.17 230.916110  65.891235 14.286 -100.00 -100.00 -100.00
  10    75.565 54758.09417192 23.69 230.922463  65.891618  8.439 -100.00 -100.00 -100.00
  10    74.753 54758.09417251 24.24 230.928816  65.892001  8.942 -100.00 -100.00 -100.00
  11    77.018 54768.00981650 20.67 230.919364  65.891507  4.475 -100.00 -100.00 -100.00
  11    76.354 54768.00981709 20.29 230.925718  65.891890  4.523 -100.00 -100.00 -100.00
  11    76.032 54768.00981768 20.17 230.932071  65.892273  4.877 -100.00 -100.00 -100.00
  12    77.254 54777.92545786 20.12 230.918251  65.890040  5.986 -100.00 -100.00 -100.00
  12    76.734 54777.92545845 19.24 230.924605  65.890423  5.128 -100.00 -100.00 -100.00
  12    75.765 54777.92545904 18.77 230.930958  65.890806  4.741 -100.00 -100.00 -100.00
  13    78.440 54787.84109704 19.57 230.919781  65.888568  4.929 -100.00 -100.00 -100.00
  13    76.823 54787.84109763 18.90 230.926134  65.888951  4.404 -100.00 -100.00 -100.00
  13    76.384 54787.84109822 19.47 230.932487  65.889334  6.180 -100.00 -100.00 -100.00
  14    77.130 54797.75673533 18.61 230.922693  65.888434  4.112 -100.00 -100.00 -100.00
  14    76.160 54797.75673592 18.60 230.929046  65.888817  4.529 -100.00 -100.00 -100.00
  14    75.179 54797.75673652 19.21 230.935399  65.889200  5.725 -100.00 -100.00 -100.00
  15    77.501 54807.67237265 19.43 230.915843  65.889360  5.170 -100.00 -100.00 -100.00
  15    76.783 54807.67237324 18.45 230.922196  65.889744  4.321 -100.00 -100.00 -100.00
  15    76.180 54807.67237383 18.33 230.928549  65.890127  4.483 -100.00 -100.00 -100.00
  15    77.435 54807.67237442 17.69 230.934903  65.890510  4.613 -100.00 -100.00 -100.00
  16    77.309 54817.58801012 15.93 230.916854  65.890945  4.512 -100.00 -100.00 -100.00
  16    76.687 54817.58801071 14.99 230.923207  65.891328  3.662 -100.00 -100.00 -100.00
  16    76.530 54817.58801130 14.95 230.929560  65.891712  4.321 -100.00 -100.00 -100.00
  17    76.977 54827.50365981 15.54 230.914041  65.891774  3.877 -100.00 -100.00 -100.00
  17    76.558 54827.50366040 15.46 230.920394  65.892158  4.135 -100.00 -100.00 -100.00
  17    75.600 54827.50366099 14.93 230.926747  65.892541  3.525 -100.00 -100.00 -100.00
  18    76.017 54837.41929938 15.27 230.920011  65.892176  5.391 -100.00 -100.00 -100.00
  18    75.529 54837.41929997 14.38 230.926364  65.892559  3.751 -100.00 -100.00 -100.00
  18    74.463 54837.41930056 14.16 230.932717  65.892942  3.584 -100.00 -100.00 -100.00
  19    76.481 54847.33494854 13.33 230.917736  65.892370  4.055 -100.00 -100.00 -100.00
  19    76.053 54847.33494913 13.15 230.924089  65.892753  3.799 -100.00 -100.00 -100.00
  19    74.784 54847.33494972 12.81 230.930443  65.893136  3.191 -100.00 -100.00 -100.00
  20    76.542 54857.25059723 14.05 230.916307  65.892961  3.974 -100.00 -100.00 -100.00
  20    75.719 54857.25059782 13.36 230.922661  65.893344  3.502 -100.00 -100.00 -100.00
  20    74.750 54857.25059841 13.45 230.929014  65.893727  3.516 -100.00 -100.00 -100.00
  21    76.779 54867.16624576 12.59 230.912361  65.893696  3.287 -100.00 -100.00 -100.00
  21    76.357 54867.16624635 12.30 230.918715  65.894079  3.157 -100.00 -100.00 -100.00
  21    74.829 54867.16624694 12.84 230.925068  65.894462  3.556 -100.00 -100.00 -100.00
  22    76.633 54877.08189443 12.92 230.916902  65.893943  3.148 -100.00 -100.00 -100.00
  22    75.534 54877.08189502 12.76 230.923256  65.894326  3.005 -100.00 -100.00 -100.00
  22    74.307 54877.08189561 12.75 230.929610  65.894709  3.330 -100.00 -100.00 -100.00
  23    76.210 54886.99753987 12.89 230.919448  65.892915  3.257 -100.00 -100.00 -100.00
  23    75.294 54886.99754046 12.55 230.925802  65.893298  3.434 -100.00 -100.00 -100.00
  24    76.187 54896.91318166 13.45 230.919638  65.891033  4.490 -100.00 -100.00 -100.00
  24    75.666 54896.91318225 12.67 230.925991  65.891416  2.941 -100.00 -100.00 -100.00
  24    74.996 54896.91318284 12.39 230.932345  65.891798  2.835 -100.00 -100.00 -100.00
  25    77.112 54906.82882061 11.83 230.917579  65.889662  3.114 -100.00 -100.00 -100.00
  25    76.309 54906.82882120 11.59 230.923932  65.890045  3.014 -100.00 -100.00 -100.00
  25    75.704 54906.82882179 11.60 230.930286  65.890427  3.021 -100.00 -100.00 -100.00
  26    76.968 54916.74445887 11.69 230.920715  65.889817  2.918 -100.00 -100.00 -100.00
  26    75.825 54916.74445946 11.65 230.927068  65.890200  3.118 -100.00 -100.00 -100.00
  26    74.885 54916.74446005 11.65 230.933421  65.890583  3.122 -100.00 -100.00 -100.00
  27    76.803 54926.66009647 11.59 230.918350  65.890304  3.398 -100.00 -100.00 -100.00
  27    76.115 54926.66009706 11.36 230.924703  65.890687  3.121 -100.00 -100.00 -100.00
  27    74.951 54926.66009766 11.03 230.931057  65.891070  2.592 -100.00 -100.00 -100.00
  28    76.851 54936.57573384 11.82 230.920356  65.890675  3.896 -100.00 -100.00 -100.00
  28    75.768 54936.57573443 11.43 230.926709  65.891058  3.059 -100.00 -100.00 -100.00
  28    75.221 54936.57573502 11.15 230.933062  65.891441  2.718 -100.00 -100.00 -100.00
  29    83.280 54946.49136881  5.64 230.916968  65.889940  3.026 -100.00 -100.00 -100.00
  29    82.393 54946.49136940  5.29 230.923320  65.890324  2.491 -100.00 -100.00 -100.00
  29    81.243 54946.49136999  5.34 230.929672  65.890707  2.578 -100.00 -100.00 -100.00
  30    86.999 54956.40700205 20.88 230.920657  65.888856  6.136 -100.00 -100.00 -100.00
  30    86.479 54956.40700264 19.60 230.927009  65.889239  5.112 -100.00 -100.00 -100.00
  30    87.029 54956.40700323 18.51 230.933361  65.889622  4.792 -100.00 -100.00 -100.00
  31    86.810 54966.32265079 19.18 230.921905  65.888350  6.599 -100.00 -100.00 -100.00
  31    86.400 54966.32265138 17.42 230.928256  65.888733  4.864 -100.00 -100.00 -100.00
  31    85.887 54966.32265197 17.74 230.934608  65.889116  6.173 -100.00 -100.00 -100.00
  32    86.269 54976.23829840 17.61 230.920543  65.888740  7.556 -100.00 -100.00 -100.00
  32    73.854 54976.23829899 29.78 230.926895  65.889124   -100 -100.00 -100.00 -100.00
  32    74.161 54976.23829958 27.51 230.933247  65.889506 20.534 -100.00 -100.00 -100.00
  33    86.572 54986.15394601 15.03 230.919142  65.889967  5.146 -100.00 -100.00 -100.00
  33    86.026 54986.15394660 14.96 230.925494  65.890350  6.446 -100.00 -100.00 -100.00
  33    85.614 54986.15394719 13.88 230.931846  65.890733  6.047 -100.00 -100.00 -100.00
  34    29.207 54996.06959351 41.02 230.915925  65.890924 21.757 -100.00 -100.00 -100.00
  34    29.326 54996.06959411 44.04 230.922278  65.891307 23.884 -100.00 -100.00 -100.00
  34    28.970 54996.06959470 48.89 230.928631  65.891690   -100 -100.00 -100.00 -100.00
  35    79.800 55005.98523997 12.53 230.918777  65.891748  4.144 -100.00 -100.00 -100.00
  35    79.272 55005.98524056 12.63 230.925130  65.892131  4.905 -100.00 -100.00 -100.00
  35    78.994 55005.98524115 11.75 230.931483  65.892514  3.877 -100.00 -100.00 -100.00
  36    86.310 55015.90088377 13.17 230.916936  65.891968  3.896 -100.00 -100.00 -100.00
  36    86.208 55015.90088436 12.16 230.923289  65.892351  3.392 -100.00 -100.00 -100.00
  36    85.800 55015.90088495 11.87 230.929642  65.892734  3.551 -100.00 -100.00 -100.00
  37    75.028 55025.81652612 25.46 230.914770  65.892248 26.591 -100.00 -100.00 -100.00
  37    71.661 55025.81652671 27.75 230.921123  65.892632   -100 -100.00 -100.00 -100.00
  37    72.146 55025.81652730 29.11 230.927476  65.893015 18.939 -100.00 -100.00 -100.00
  38   100.248 55035.73216812 20.20 230.913860  65.893104 11.636 -100.00 -100.00 -100.00
  38   100.221 55035.73216871 29.11 230.920213  65.893487 23.781 -100.00 -100.00 -100.00
  38    92.734 55035.73216930 26.78 230.926567  65.893870 23.881 -100.00 -100.00 -100.00
  39    86.482 55045.64780977 15.95 230.918262  65.893673  6.073 -100.00 -100.00 -100.00
  39    75.086 55045.64781037 20.04 230.924616  65.894056 12.710 -100.00 -100.00 -100.00
  39    85.801 55045.64781096 15.48 230.930970  65.894439  6.659 -100.00 -100.00 -100.00
  40    87.509 55055.56344890 16.33 230.915066  65.892536  5.960 -100.00 -100.00 -100.00
  40    86.965 55055.56344949 15.46 230.921419  65.892919  6.636 -100.00 -100.00 -100.00
  40    86.538 55055.56345008 14.10 230.927772  65.893303  4.856 -100.00 -100.00 -100.00
  41    99.262 55065.47908623 29.37 230.917732  65.890638   -100 -100.00 -100.00 -100.00
  41    86.664 55065.47908682 16.29 230.924084  65.891022  7.012 -100.00 -100.00 -100.00
  41    86.164 55065.47908741 16.17 230.930437  65.891405  7.931 -100.00 -100.00 -100.00
  42    87.016 55075.39473436 17.26 230.916379  65.889246  5.132 -100.00 -100.00 -100.00
  42    86.340 55075.39473495 17.94 230.922731  65.889630  5.690 -100.00 -100.00 -100.00
  42    86.011 55075.39473554 18.14 230.929083  65.890013  7.347 -100.00 -100.00 -100.00
  42    78.953 55075.39473613 20.18 230.935435  65.890396  9.941 -100.00 -100.00 -100.00
  43    81.161 55085.31038276 16.71 230.922342  65.889462  6.400 -100.00 -100.00 -100.00
  43    83.391 55085.31038335 15.67 230.928694  65.889845  6.174 -100.00 -100.00 -100.00
  43    85.514 55085.31038394 14.55 230.935047  65.890228  4.883 -100.00 -100.00 -100.00
  44   100.568 55095.22602876 17.52 230.919373  65.890137  5.058 -100.00 -100.00 -100.00
  44   100.679 55095.22602935 23.43 230.925725  65.890520 14.813 -100.00 -100.00 -100.00
  44   100.535 55095.22602994 27.73 230.932078  65.890903 31.658 -100.00 -100.00 -100.00
  45    86.856 55105.14167476 19.32 230.918383  65.890680  6.908 -100.00 -100.00 -100.00
  45    86.538 55105.14167535 18.72 230.924735  65.891063  6.685 -100.00 -100.00 -100.00
  45    85.862 55105.14167594 18.24 230.931088  65.891446  7.833 -100.00 -100.00 -100.00
  46    79.183 55115.05732062 23.93 230.918819  65.890547 10.987 -100.00 -100.00 -100.00
  46    78.949 55115.05732121 22.11 230.925172  65.890930  7.807 -100.00 -100.00 -100.00
  46    78.899 55115.05732180 19.73 230.931525  65.891313  6.621 -100.00 -100.00 -100.00
  47    79.086 55124.97296405 23.46 230.919290  65.889640  8.861 -100.00 -100.00 -100.00
  47    75.575 55124.97296464 23.58 230.925643  65.890023  8.963 -100.00 -100.00 -100.00
  47    74.547 55124.97296523 25.26 230.931997  65.890406 14.736 -100.00 -100.00 -100.00
  48    77.146 55134.88860465 25.16 230.918186  65.888789  7.936 -100.00 -100.00 -100.00
  48    75.711 55134.88860524 25.29 230.924539  65.889172  8.610 -100.00 -100.00 -100.00
  48    74.613 55134.88860583 25.16 230.930892  65.889555  9.967 -100.00 -100.00 -100.00
  49    75.742 55144.80424337 26.61 230.919796  65.888730 12.028 -100.00 -100.00 -100.00
  49    75.450 55144.80424396 25.03 230.926149  65.889113  7.723 -100.00 -100.00 -100.00
  49    74.513 55144.80424455 25.22 230.932502  65.889496  8.533 -100.00 -100.00 -100.00
  50    77.616 55154.71988108 21.77 230.917652  65.889495  5.802 -100.00 -100.00 -100.00
  50    77.191 55154.71988167 21.06 230.924005  65.889879  5.296 -100.00 -100.00 -100.00
  50    76.369 55154.71988226 20.91 230.930358  65.890262  5.763 -100.00 -100.00 -100.00
  51    77.185 55164.63551950 18.76 230.920006  65.890598  4.381 -100.00 -100.00 -100.00
  51    76.354 55164.63552009 18.56 230.926360  65.890981  4.754 -100.00 -100.00 -100.00
  51    75.751 55164.63552068 18.05 230.932713  65.891364  4.278 -100.00 -100.00 -100.00
  52    77.268 55174.55115710 18.44 230.915947  65.891123  3.987 -100.00 -100.00 -100.00
  52    76.439 55174.55115769 17.98 230.922300  65.891506  4.591 -100.00 -100.00 -100.00
  52    76.253 55174.55115828 17.69 230.928653  65.891889  3.858 -100.00 -100.00 -100.00
  53    77.030 55184.46679670 17.48 230.917095  65.891204  3.946 -100.00 -100.00 -100.00
  53    76.397 55184.46679729 17.11 230.923448  65.891588  3.994 -100.00 -100.00 -100.00
  53    75.496 55184.46679788 17.04 230.929801  65.891971  3.916 -100.00 -100.00 -100.00
  54    77.043 55194.38244776 16.87 230.916036  65.891574  3.351 -100.00 -100.00 -100.00
  54    76.262 55194.38244835 16.72 230.922388  65.891958  3.490 -100.00 -100.00 -100.00
  54    75.562 55194.38244894 16.69 230.928741  65.892341  3.253 -100.00 -100.00 -100.00
  55    76.848 55204.29809754 16.89 230.914767  65.892462  4.225 -100.00 -100.00 -100.00
  55    75.964 55204.29809813 16.47 230.921120  65.892845  3.440 -100.00 -100.00 -100.00
  55    75.302 55204.29809873 16.02 230.927474  65.893228  3.377 -100.00 -100.00 -100.00
  56    76.432 55214.21374678 16.45 230.914514  65.893664  3.788 -100.00 -100.00 -100.00
  56    75.748 55214.21374737 15.63 230.920868  65.894048  3.054 -100.00 -100.00 -100.00
  56    74.889 55214.21374796 15.96 230.927221  65.894431  3.301 -100.00 -100.00 -100.00
  57    76.611 55224.12939547 14.53 230.913896  65.893866  3.281 -100.00 -100.00 -100.00
  57    75.938 55224.12939607 14.07 230.920250  65.894249  3.118 -100.00 -100.00 -100.00
  57    74.912 55224.12939666 14.28 230.926604  65.894632  3.035 -100.00 -100.00 -100.00
  58    76.816 55234.04504262 14.66 230.915468  65.892552  3.787 -100.00 -100.00 -100.00
  58    75.896 55234.04504321 14.67 230.921822  65.892935  3.907 -100.00 -100.00 -100.00
  58    75.078 55234.04504380 14.53 230.928175  65.893318  3.534 -100.00 -100.00 -100.00
  59    77.108 55243.96068673 14.91 230.919587  65.890398  4.001 -100.00 -100.00 -100.00
  59    75.896 55243.96068732 14.61 230.925940  65.890781  3.244 -100.00 -100.00 -100.00
  59    74.935 55243.96068791 14.12 230.932293  65.891163  3.173 -100.00 -100.00 -100.00
  60    77.580 55253.87632728 14.44 230.918105  65.888672  3.752 -100.00 -100.00 -100.00
  60    76.029 55253.87632787 14.42 230.924458  65.889055  4.162 -100.00 -100.00 -100.00
  60    75.189 55253.87632846 14.06 230.930811  65.889438  2.956 -100.00 -100.00 -100.00
  61    76.962 55263.79196645 14.07 230.922444  65.889222  3.491 -100.00 -100.00 -100.00
  61    75.648 55263.79196704 13.98 230.928797  65.889604  3.770 -100.00 -100.00 -100.00
  61    75.281 55263.79196763 13.71 230.935150  65.889987  3.446 -100.00 -100.00 -100.00
  62    77.210 55273.70760373 13.89 230.916154  65.890443  3.091 -100.00 -100.00 -100.00
  62    76.547 55273.70760432 13.76 230.922508  65.890826  3.582 -100.00 -100.00 -100.00
  62    75.353 55273.70760491 13.69 230.928861  65.891209  3.439 -100.00 -100.00 -100.00
  63    76.855 55283.62324118 13.75 230.916962  65.891218  3.026 -100.00 -100.00 -100.00
  63    76.130 55283.62324177 13.65 230.923315  65.891601  3.736 -100.00 -100.00 -100.00
  63    75.455 55283.62324236 13.42 230.929668  65.891984  4.042 -100.00 -100.00 -100.00
  64    77.376 55293.53887708 13.26 230.916642  65.890116  3.804 -100.00 -100.00 -100.00
  64    76.388 55293.53887767 13.59 230.922994  65.890499  4.419 -100.00 -100.00 -100.00
  64    75.847 55293.53887826 12.76 230.929346  65.890883  3.333 -100.00 -100.00 -100.00
  65    80.102 55303.45451393  0.64 230.918021  65.888276  2.785 -100.00 -100.00 -100.00
  65    80.267 55303.45451452  0.59 230.924373  65.888660  2.986 -100.00 -100.00 -100.00
  65    80.276 55303.45451511  0.48 230.930724  65.889043  2.878 -100.00 -100.00 -100.00
  65    79.984 55303.45451570  0.36 230.937076  65.889426  2.944 -100.00 -100.00 -100.00
  66    87.065 55313.37016170 20.58 230.920869  65.887546  5.114 -100.00 -100.00 -100.00
  66    86.624 55313.37016229 21.11 230.927221  65.887929  7.754 -100.00 -100.00 -100.00
  66    86.175 55313.37016288 20.10 230.933572  65.888312  7.503 -100.00 -100.00 -100.00
  67    86.890 55323.28580680 19.51 230.917200  65.888246  6.828 -100.00 -100.00 -100.00
  67    86.556 55323.28580739 18.80 230.923552  65.888629  7.058 -100.00 -100.00 -100.00
  67    86.101 55323.28580798 18.67 230.929903  65.889012  8.428 -100.00 -100.00 -100.00
  67    78.960 55323.28580857 21.22 230.936255  65.889395 16.668 -100.00 -100.00 -100.00
  68    79.907 55333.20145100 21.83 230.917210  65.890106 14.519 -100.00 -100.00 -100.00
  68    71.907 55333.20145159 30.53 230.923562  65.890489 23.561 -100.00 -100.00 -100.00
  68    71.917 55333.20145218 28.24 230.929914  65.890872 20.664 -100.00 -100.00 -100.00
  69   101.555 55343.11709483 27.39 230.914268  65.891345 26.250 -100.00 -100.00 -100.00
  69   101.828 55343.11709542 28.18 230.920621  65.891729 13.644 -100.00 -100.00 -100.00
  69    93.883 55343.11709601 29.26 230.926973  65.892112   -100 -100.00 -100.00 -100.00
  69    79.603 55343.11709660 14.54 230.933326  65.892494  6.545 -100.00 -100.00 -100.00
  70    86.481 55353.03273860 15.38 230.915286  65.891464  5.377 -100.00 -100.00 -100.00
  70    79.526 55353.03273919 14.21 230.921639  65.891847  4.841 -100.00 -100.00 -100.00
  70    79.022 55353.03273978 13.59 230.927992  65.892230  4.861 -100.00 -100.00 -100.00
  71    79.892 55362.94838023 14.01 230.916473  65.891137  5.359 -100.00 -100.00 -100.00
  71    79.613 55362.94838082 13.62 230.922826  65.891520  5.875 -100.00 -100.00 -100.00
  71    79.036 55362.94838141 13.40 230.929179  65.891904  7.868 -100.00 -100.00 -100.00
  72    70.205 55372.86401980 27.23 230.915871  65.891184 20.390 -100.00 -100.00 -100.00
  72    71.712 55372.86402039 27.23 230.922224  65.891567 13.307 -100.00 -100.00 -100.00
  72    77.913 55372.86402098 18.34 230.928577  65.891950 14.199 -100.00 -100.00 -100.00
  73    72.784 55382.77965837 26.01 230.918707  65.892310 14.039 -100.00 -100.00 -100.00
  73    74.476 55382.77965896 28.10 230.925060  65.892693 15.291 -100.00 -100.00 -100.00
  73    77.578 55382.77965955 17.54 230.931413  65.893076 11.418 -100.00 -100.00 -100.00
  74    80.086 55392.69529538 15.68 230.912981  65.892973  6.524 -100.00 -100.00 -100.00
  74    80.291 55392.69529597 14.28 230.919334  65.893356  6.283 -100.00 -100.00 -100.00
  74    80.243 55392.69529656 12.93 230.925687  65.893740  4.609 -100.00 -100.00 -100.00
  75    80.567 55402.61093140 13.22 230.913565  65.892929  3.862 -100.00 -100.00 -100.00
  75    81.615 55402.61093199 12.92 230.919918  65.893312  3.471 -100.00 -100.00 -100.00
  75    79.135 55402.61093258 12.45 230.926271  65.893696  4.173 -100.00 -100.00 -100.00
  76    69.502 55412.52658319 26.21 230.917264  65.891546 19.373 -100.00 -100.00 -100.00
  76    69.909 55412.52658378 24.09 230.923617  65.891930 13.662 -100.00 -100.00 -100.00
  76    70.400 55412.52658437 21.10 230.929969  65.892313   -100 -100.00 -100.00 -100.00
  77    80.235 55422.44223235 14.89 230.916764  65.889108  6.847 -100.00 -100.00 -100.00
  77    79.875 55422.44223294 13.71 230.923116  65.889491  5.475 -100.00 -100.00 -100.00
  77    79.317 55422.44223353 14.12 230.929467  65.889874  6.664 -100.00 -100.00 -100.00
  77    78.984 55422.44223412 13.54 230.935819  65.890257  6.034 -100.00 -100.00 -100.00
  78    81.692 55432.35787947 16.71 230.923124  65.887974  8.097 -100.00 -100.00 -100.00
  78    79.654 55432.35788006 15.38 230.929475  65.888357  8.761 -100.00 -100.00 -100.00
  78    79.036 55432.35788065 14.52 230.935827  65.888740  6.512 -100.00 -100.00 -100.00
  79    81.887 55442.27352364 15.45 230.917853  65.888520  6.238 -100.00 -100.00 -100.00
  79    80.554 55442.27352423 14.71 230.924205  65.888903  6.301 -100.00 -100.00 -100.00
  79    79.571 55442.27352482 13.93 230.930557  65.889286  6.645 -100.00 -100.00 -100.00
  80    68.320 55452.18916678 26.98 230.917226  65.890298 20.468 -100.00 -100.00 -100.00
  80    68.582 55452.18916737 25.13 230.923578  65.890681 15.478 -100.00 -100.00 -100.00
  80    71.308 55452.18916796 28.64 230.929930  65.891064   -100 -100.00 -100.00 -100.00
  81    79.181 55462.10480902 20.37 230.915336  65.891396 17.021 -100.00 -100.00 -100.00
  81    75.750 55462.10480961 22.77 230.921689  65.891779 21.284 -100.00 -100.00 -100.00
  81    74.985 55462.10481020 20.06 230.928042  65.892162 18.516 -100.00 -100.00 -100.00
  82    75.782 55472.02045005 23.16 230.919139  65.890614 19.924 -100.00 -100.00 -100.00
  82    78.387 55472.02045064 20.69 230.925492  65.890998 16.668 -100.00 -100.00 -100.00
  82    74.297 55472.02045123 23.09 230.931845  65.891381 21.302 -100.00 -100.00 -100.00
  83    76.917 55481.93608802 25.65 230.921074  65.888716 14.654 -100.00 -100.00 -100.00
  83    76.571 55481.93608861 23.21 230.927426  65.889100  9.813 -100.00 -100.00 -100.00
  83    76.925 55481.93608920 22.33 230.933779  65.889483  9.739 -100.00 -100.00 -100.00
  84    78.936 55491.85172326 21.62 230.917864  65.887067  5.672 -100.00 -100.00 -100.00
  84    77.299 55491.85172385 21.46 230.924216  65.887451  6.431 -100.00 -100.00 -100.00
  84    69.904 55491.85172444 28.06 230.930569  65.887834 24.974 -100.00 -100.00 -100.00
  84    78.529 55491.85172503 19.98 230.936922  65.888217  6.412 -100.00 -100.00 -100.00
  85    78.790 55501.76735738 22.05 230.921312  65.888028  5.790 -100.00 -100.00 -100.00
  85    76.816 55501.76735797 21.57 230.927664  65.888411  6.922 -100.00 -100.00 -100.00
  85    78.807 55501.76735856 21.00 230.934017  65.888794  6.411 -100.00 -100.00 -100.00
  86    77.434 55511.68300140 20.92 230.915635  65.889997  6.249 -100.00 -100.00 -100.00
  86    76.609 55511.68300199 20.79 230.921988  65.890380  6.719 -100.00 -100.00 -100.00
  86    77.404 55511.68300258 20.21 230.928341  65.890763  5.941 -100.00 -100.00 -100.00
  86    74.392 55511.68300317 19.61 230.934694  65.891146  5.596 -100.00 -100.00 -100.00
  87    76.908 55521.59865102 17.70 230.915260  65.891938  3.816 -100.00 -100.00 -100.00
  87    76.429 55521.59865161 17.94 230.921614  65.892321  4.548 -100.00 -100.00 -100.00
  87    77.007 55521.59865220 17.67 230.927967  65.892704  4.748 -100.00 -100.00 -100.00
  88    76.863 55531.51429938 15.28 230.914973  65.892386  4.932 -100.00 -100.00 -100.00
  88    76.176 55531.51429997 14.76 230.921327  65.892769  4.122 -100.00 -100.00 -100.00
  88    76.983 55531.51430056 14.20 230.927680  65.893153  3.466 -100.00 -100.00 -100.00
  89    76.318 55541.42994652 14.85 230.919530  65.891939  4.396 -100.00 -100.00 -100.00
  89    75.677 55541.42994711 13.99 230.925883  65.892323  3.620 -100.00 -100.00 -100.00
  89    74.691 55541.42994770 14.69 230.932236  65.892705  4.179 -100.00 -100.00 -100.00
  90    76.513 55551.34559113 15.19 230.919267  65.891489  4.054 -100.00 -100.00 -100.00
  90    75.725 55551.34559172 14.69 230.925620  65.891872  3.329 -100.00 -100.00 -100.00
  90    74.446 55551.34559231 14.96 230.931973  65.892255  3.547 -100.00 -100.00 -100.00
  91    76.246 55561.26123431 15.63 230.919086  65.892264  3.792 -100.00 -100.00 -100.00
  91    75.646 55561.26123490 15.29 230.925439  65.892647  3.520 -100.00 -100.00 -100.00
  91    74.401 55561.26123549 15.79 230.931792  65.893029  3.783 -100.00 -100.00 -100.00
  92    76.323 55571.17687634 15.52 230.914430  65.893252  4.646 -100.00 -100.00 -100.00
  92    75.775 55571.17687693 14.88 230.920784  65.893635  4.044 -100.00 -100.00 -100.00
  92    75.003 55571.17687752 14.99 230.927137  65.894018  3.580 -100.00 -100.00 -100.00
  93    75.932 55581.09251790 15.55 230.916989  65.893521  4.593 -100.00 -100.00 -100.00
  93    75.388 55581.09251849 14.80 230.923343  65.893905  4.112 -100.00 -100.00 -100.00
  93    74.548 55581.09251908 14.71 230.929697  65.894288  4.003 -100.00 -100.00 -100.00
  94    76.721 55591.00815596 14.73 230.915372  65.891460  3.467 -100.00 -100.00 -100.00
  94    76.014 55591.00815655 14.72 230.921725  65.891843  3.808 -100.00 -100.00 -100.00
  94    75.373 55591.00815714 14.66 230.928079  65.892226  3.414 -100.00 -100.00 -100.00
  95    76.764 55600.92379156 13.92 230.922073  65.888941  3.119 -100.00 -100.00 -100.00
  95    76.242 55600.92379215 13.89 230.928426  65.889325  3.514 -100.00 -100.00 -100.00
  95    75.105 55600.92379274 13.45 230.934780  65.889708  3.122 -100.00 -100.00 -100.00
  96    77.924 55610.83942398 12.62 230.917973  65.886924  3.674 -100.00 -100.00 -100.00
  96    77.841 55610.83942457 12.06 230.924326  65.887307  3.490 -100.00 -100.00 -100.00
  96    76.548 55610.83942516 11.85 230.930678  65.887691  3.138 -100.00 -100.00 -100.00
  96    75.971 55610.83942575 12.11 230.937031  65.888074  3.560 -100.00 -100.00 -100.00
  97    80.203 55620.75505628  9.03 230.923540  65.887950  2.839 -100.00 -100.00 -100.00
  97    80.643 55620.75505687  8.99 230.929892  65.888333  2.834 -100.00 -100.00 -100.00
  97    80.066 55620.75505746  8.84 230.936245  65.888716  2.576 -100.00 -100.00 -100.00
  98    79.971 55630.67070813 10.06 230.916209  65.889999  2.819 -100.00 -100.00 -100.00
  98    80.268 55630.67070872  9.74 230.922561  65.890382  2.910 -100.00 -100.00 -100.00
  98    78.524 55630.67070931  9.78 230.928914  65.890765  2.945 -100.00 -100.00 -100.00
  99    79.252 55640.58635937 10.20 230.920193  65.891571  3.536 -100.00 -100.00 -100.00
  99    78.418 55640.58635996  9.86 230.926546  65.891954  2.686 -100.00 -100.00 -100.00
  99    77.111 55640.58636055  9.92 230.932900  65.892337  2.763 -100.00 -100.00 -100.00
 100    79.665 55650.50200743  9.81 230.918639  65.890554  3.158 -100.00 -100.00 -100.00
 100    78.711 55650.50200802  9.80 230.924992  65.890938  2.829 -100.00 -100.00 -100.00
 100    79.635 55650.50200861  9.41 230.931344  65.891321  2.377 -100.00 -100.00 -100.00
 101    79.869 55660.41765221  9.63 230.920458  65.888392  3.238 -100.00 -100.00 -100.00
 101    78.882 55660.41765280  9.27 230.926810  65.888775  2.734 -100.00 -100.00 -100.00
 101    80.027 55660.41765339  9.22 230.933161  65.889158  2.818 -100.00 -100.00 -100.00
 102    79.563 55670.33329358  9.32 230.922199  65.887402  2.865 -100.00 -100.00 -100.00
 102    78.922 55670.33329417  9.05 230.928550  65.887785  2.947 -100.00 -100.00 -100.00
 102    77.592 55670.33329477  9.03 230.934902  65.888168  2.560 -100.00 -100.00 -100.00
 103    80.161 55680.24893274  8.48 230.918998  65.888310  3.272 -100.00 -100.00 -100.00
 103    79.308 55680.24893333  8.24 230.925350  65.888693  3.186 -100.00 -100.00 -100.00
 103    78.838 55680.24893392  8.25 230.931702  65.889076  3.247 -100.00 -100.00 -100.00
 104    77.445 55690.16457010  6.59 230.916077  65.890495  5.238 -100.00 -100.00 -100.00
 104    77.173 55690.16457069  6.35 230.922429  65.890878  5.432 -100.00 -100.00 -100.00
 104    76.964 55690.16457128  5.35 230.928781  65.891261  4.133 -100.00 -100.00 -100.00
 105    86.806 55700.08020639 21.99 230.918623  65.892310  9.060 -100.00 -100.00 -100.00
 105    83.762 55700.08020698 21.48 230.924976  65.892694  9.273 -100.00 -100.00 -100.00
 105    85.919 55700.08020757 19.60 230.931329  65.893077  6.257 -100.00 -100.00 -100.00
 106   100.405 55709.99584523 23.28 230.915113  65.892195 11.152 -100.00 -100.00 -100.00
 106   100.104 55709.99584582 22.13 230.921466  65.892579 11.399 -100.00 -100.00 -100.00
 106    92.701 55709.99584641 29.09 230.927819  65.892963 31.490 -100.00 -100.00 -100.00
 107    86.449 55719.91149563 19.11 230.916879  65.891609 10.321 -100.00 -100.00 -100.00
 107    79.506 55719.91149623 18.73 230.923232  65.891992 12.446 -100.00 -100.00 -100.00
 107    79.376 55719.91149682 17.54 230.929585  65.892375  9.446 -100.00 -100.00 -100.00
 108    69.231 55729.82714364 27.50 230.917095  65.891380   -100 -100.00 -100.00 -100.00
 108    69.873 55729.82714423 26.48 230.923448  65.891764 17.131 -100.00 -100.00 -100.00
 108    70.956 55729.82714482 21.08 230.929801  65.892147 20.116 -100.00 -100.00 -100.00
 109    74.235 55739.74279025 26.35 230.916632  65.891804 15.045 -100.00 -100.00 -100.00
 109    75.621 55739.74279084 28.42 230.922985  65.892187 12.814 -100.00 -100.00 -100.00
 109    74.917 55739.74279143 32.40 230.929338  65.892570   -100 -100.00 -100.00 -100.00
 110    72.665 55749.65843590 24.11 230.919176  65.892663 14.983 -100.00 -100.00 -100.00
 110    73.071 55749.65843650 27.42 230.925529  65.893046 15.367 -100.00 -100.00 -100.00
 110    74.327 55749.65843709 31.69 230.931883  65.893429 24.416 -100.00 -100.00 -100.00
 111    69.933 55759.57407895 26.31 230.919400  65.892536 22.406 -100.00 -100.00 -100.00
 111    71.598 55759.57407954 26.17 230.925753  65.892919 21.459 -100.00 -100.00 -100.00
 111    74.380 55759.57408013 15.75 230.932106  65.893302  9.976 -100.00 -100.00 -100.00
 112    79.694 55769.48971908 14.38 230.919249  65.891187  6.207 -100.00 -100.00 -100.00
 112    79.366 55769.48971967 13.14 230.925601  65.891570  5.462 -100.00 -100.00 -100.00
 112    71.695 55769.48972026 17.88 230.931954  65.891953 12.764 -100.00 -100.00 -100.00
 113    79.877 55779.40535601 15.56 230.920158  65.889047  6.248 -100.00 -100.00 -100.00
 113    79.533 55779.40535660 15.15 230.926510  65.889431  7.365 -100.00 -100.00 -100.00
 113    78.527 55779.40535719 17.26 230.932862  65.889814 11.672 -100.00 -100.00 -100.00
 114    79.819 55789.32099041 18.82 230.921009  65.887626 12.117 -100.00 -100.00 -100.00
 114    79.738 55789.32099100 16.38 230.927361  65.888009  8.331 -100.00 -100.00 -100.00
 114    79.162 55789.32099159 16.95 230.933712  65.888392  9.018 -100.00 -100.00 -100.00
 115    69.507 55799.23662377 26.37 230.922813  65.888058 24.760 -100.00 -100.00 -100.00
 115    70.833 55799.23662436 19.84 230.929165  65.888441 17.781 -100.00 -100.00 -100.00
 115    78.873 55799.23662495 15.54 230.935516  65.888824  8.510 -100.00 -100.00 -100.00
 117    67.881 55819.06791901 25.47 230.920849  65.891069 15.315 -100.00 -100.00 -100.00
 117    71.145 55819.06791960 28.50 230.927202  65.891452 19.780 -100.00 -100.00 -100.00
 117    72.430 55819.06792019 18.76 230.933555  65.891835 26.060 -100.00 -100.00 -100.00
 118    82.046 55828.98356369 14.38 230.921312  65.890665  5.041 -100.00 -100.00 -100.00
 118    79.448 55828.98356428 14.69 230.927665  65.891048  7.939 -100.00 -100.00 -100.00
 118    81.121 55828.98356487 12.61 230.934018  65.891431  4.952 -100.00 -100.00 -100.00
 119    68.271 55838.89920359 26.96 230.918397  65.888769   -100 -100.00 -100.00 -100.00
 119    68.024 55838.89920418 23.17 230.924749  65.889152 29.919 -100.00 -100.00 -100.00
 119    79.900 55838.89920477 12.67 230.931102  65.889535  6.046 -100.00 -100.00 -100.00
 120    79.051 55848.81484106 19.88 230.922166  65.887677 11.522 -100.00 -100.00 -100.00
 120    79.595 55848.81484165 16.36 230.928518  65.888060  5.562 -100.00 -100.00 -100.00
 120    78.901 55848.81484224 16.24 230.934871  65.888443  6.631 -100.00 -100.00 -100.00
 121    75.483 55858.73047611 28.43 230.921633  65.888433 14.658 -100.00 -100.00 -100.00
 121    75.097 55858.73047670 26.14 230.927985  65.888816  9.855 -100.00 -100.00 -100.00
 121    75.779 55858.73047729 22.94 230.934338  65.889199  6.597 -100.00 -100.00 -100.00
 122    76.820 55868.64612400 21.56 230.921207  65.890809  5.856 -100.00 -100.00 -100.00
 122    76.341 55868.64612459 20.74 230.927560  65.891192  4.640 -100.00 -100.00 -100.00
 122    74.561 55868.64612519 20.22 230.933913  65.891575  4.969 -100.00 -100.00 -100.00
 123    76.466 55878.56177534 18.96 230.918319  65.892690  4.015 -100.00 -100.00 -100.00
 123    76.140 55878.56177593 18.78 230.924672  65.893073  4.174 -100.00 -100.00 -100.00
 123    74.682 55878.56177652 18.63 230.931026  65.893457  4.361 -100.00 -100.00 -100.00
 124    76.376 55888.47742026 19.05 230.917919  65.893089  4.274 -100.00 -100.00 -100.00
 124    75.428 55888.47742085 19.04 230.924272  65.893472  4.960 -100.00 -100.00 -100.00
 124    74.925 55888.47742144 18.20 230.930626  65.893856  4.023 -100.00 -100.00 -100.00
 125    76.825 55898.39305914 19.15 230.915010  65.892122  4.245 -100.00 -100.00 -100.00
 125    76.443 55898.39305973 19.07 230.921363  65.892506  5.013 -100.00 -100.00 -100.00
 125    75.545 55898.39306032 18.15 230.927716  65.892889  4.212 -100.00 -100.00 -100.00
 126    76.643 55908.30869353 17.87 230.917096  65.891415  4.789 -100.00 -100.00 -100.00
 126    76.005 55908.30869412 17.53 230.923449  65.891798  4.831 -100.00 -100.00 -100.00
 126    75.007 55908.30869471 17.18 230.929802  65.892182  4.701 -100.00 -100.00 -100.00
 127    77.063 55918.22434235 17.97 230.920337  65.891924  4.945 -100.00 -100.00 -100.00
 127    75.337 55918.22434294 18.15 230.926690  65.892307  4.849 -100.00 -100.00 -100.00
 127    74.879 55918.22434353 17.79 230.933043  65.892690  5.221 -100.00 -100.00 -100.00
 128    76.481 55928.13999499 18.61 230.915389  65.892115  6.470 -100.00 -100.00 -100.00
 128    75.610 55928.13999558 19.01 230.921742  65.892499  7.812 -100.00 -100.00 -100.00
 128    74.997 55928.13999617 18.32 230.928095  65.892882  6.010 -100.00 -100.00 -100.00
 129    76.585 55938.05564466 15.53 230.916350  65.891851  4.531 -100.00 -100.00 -100.00
 129    75.740 55938.05564525 15.44 230.922704  65.892234  4.765 -100.00 -100.00 -100.00
 129    75.225 55938.05564584 14.78 230.929057  65.892617  3.958 -100.00 -100.00 -100.00
 130    76.400 55947.97128954 14.77 230.919211  65.890507  3.552 -100.00 -100.00 -100.00
 130    75.325 55947.97129013 14.98 230.925564  65.890891  4.090 -100.00 -100.00 -100.00
 130    74.765 55947.97129072 14.67 230.931917  65.891274  4.320 -100.00 -100.00 -100.00
 131    76.419 55957.88692979 13.42 230.921099  65.889066  4.618 -100.00 -100.00 -100.00
 131    75.892 55957.88693038 13.09 230.927453  65.889449  3.826 -100.00 -100.00 -100.00
 131    74.932 55957.88693097 12.68 230.933806  65.889832  3.798 -100.00 -100.00 -100.00
 132    77.398 55967.80256704 12.21 230.917038  65.888251  3.617 -100.00 -100.00 -100.00
 132    76.436 55967.80256763 12.02 230.923391  65.888634  3.875 -100.00 -100.00 -100.00
 132    75.991 55967.80256822 12.03 230.929744  65.889017  3.534 -100.00 -100.00 -100.00
 132    74.724 55967.80256881 11.71 230.936097  65.889400  3.307 -100.00 -100.00 -100.00
 133    76.379 55977.71820424 12.18 230.921456  65.889231  4.020 -100.00 -100.00 -100.00
 133    75.683 55977.71820483 12.08 230.927809  65.889614  3.736 -100.00 -100.00 -100.00
 133    74.634 55977.71820542 11.72 230.934162  65.889997  3.771 -100.00 -100.00 -100.00
 134    77.144 55987.63383989 12.76 230.916297  65.889831  3.683 -100.00 -100.00 -100.00
 134    76.246 55987.63384048 12.18 230.922650  65.890214  3.307 -100.00 -100.00 -100.00
 134    75.376 55987.63384107 12.20 230.929003  65.890597  3.472 -100.00 -100.00 -100.00
 135    77.043 55997.54947914 12.32 230.915739  65.890058  3.977 -100.00 -100.00 -100.00
 135    76.357 55997.54947973 12.13 230.922091  65.890442  3.613 -100.00 -100.00 -100.00
 135    75.425 55997.54948032 11.97 230.928444  65.890825  3.422 -100.00 -100.00 -100.00
 135    74.544 55997.54948091 11.79 230.934797  65.891209  3.147 -100.00 -100.00 -100.00
 136    77.172 56007.46513063 12.64 230.918061  65.889722  3.627 -100.00 -100.00 -100.00
 136    76.045 56007.46513122 12.22 230.924413  65.890106  2.943 -100.00 -100.00 -100.00
 136    75.106 56007.46513181 12.21 230.930766  65.890489  3.557 -100.00 -100.00 -100.00
 137    76.453 56017.38077806 12.10 230.921862  65.889056  3.383 -100.00 -100.00 -100.00
 137    75.852 56017.38077865 12.04 230.928213  65.889439  3.431 -100.00 -100.00 -100.00
 137    75.069 56017.38077924 11.72 230.934565  65.889822  3.404 -100.00 -100.00 -100.00
 138    77.613 56027.29642196 11.89 230.918419  65.888901  3.352 -100.00 -100.00 -100.00
 138    76.420 56027.29642255 11.73 230.924770  65.889284  3.045 -100.00 -100.00 -100.00
 138    75.756 56027.29642314 11.38 230.931122  65.889667  2.981 -100.00 -100.00 -100.00
 139    76.687 56037.21206469 10.53 230.919634  65.890076  3.293 -100.00 -100.00 -100.00
 139    75.939 56037.21206528 10.23 230.925987  65.890459  3.763 -100.00 -100.00 -100.00
 139    77.001 56037.21206587  9.88 230.932339  65.890842  2.993 -100.00 -100.00 -100.00
 140    84.200 56047.12770532  2.89 230.919022  65.891501  2.580 -100.00 -100.00 -100.00
 140    85.454 56047.12770591  2.88 230.925374  65.891884  2.475 -100.00 -100.00 -100.00
 140    83.744 56047.12770650  2.81 230.931727  65.892267  2.540 -100.00 -100.00 -100.00
 141    79.982 56057.04334311  5.65 230.918081  65.892432  3.266 -100.00 -100.00 -100.00
 141    79.343 56057.04334370  5.17 230.924434  65.892815  2.852 -100.00 -100.00 -100.00
 141    74.177 56057.04334429 11.10 230.930787  65.893199 11.197 -100.00 -100.00 -100.00
 142    87.994 56066.95897659 28.29 230.917498  65.892390 15.690 -100.00 -100.00 -100.00
 142    87.875 56066.95897718 24.28 230.923851  65.892774 10.219 -100.00 -100.00 -100.00
 142    88.049 56066.95897777 21.11 230.930204  65.893157  6.218 -100.00 -100.00 -100.00
 143   103.701 56076.87462530 21.97 230.919681  65.892343  9.476 -100.00 -100.00 -100.00
 143    79.322 56076.87462589 21.15 230.926034  65.892726 10.452 -100.00 -100.00 -100.00
 143    96.596 56076.87462648 30.80 230.932387  65.893109 14.676 -100.00 -100.00 -100.00
 144    80.129 56086.79027414 16.55 230.918458  65.892330  6.140 -100.00 -100.00 -100.00
 144    79.533 56086.79027473 16.04 230.924811  65.892713  6.214 -100.00 -100.00 -100.00
 144    79.098 56086.79027532 15.14 230.931164  65.893096  6.027 -100.00 -100.00 -100.00
 145    79.793 56096.70592056 15.44 230.917526  65.892319  7.269 -100.00 -100.00 -100.00
 145    79.463 56096.70592115 13.88 230.923879  65.892702  5.364 -100.00 -100.00 -100.00
 145    79.045 56096.70592174 13.73 230.930232  65.893085  5.602 -100.00 -100.00 -100.00
 146    73.322 56106.62156485 25.66 230.917014  65.891876 14.481 -100.00 -100.00 -100.00
 146    73.623 56106.62156544 23.61 230.923367  65.892259 12.272 -100.00 -100.00 -100.00
 146    74.118 56106.62156603 29.16 230.929720  65.892642   -100 -100.00 -100.00 -100.00
 147    79.955 56116.53719467 12.30 230.916205  65.890657  4.078 -100.00 -100.00 -100.00
 147    79.609 56116.53719526 11.69 230.922557  65.891041  4.823 -100.00 -100.00 -100.00
 147    79.307 56116.53719585 11.41 230.928910  65.891424  4.630 -100.00 -100.00 -100.00
 149    79.675 56136.36846649 19.49 230.918156  65.888506 12.237 -100.00 -100.00 -100.00
 149    75.496 56136.36846708 21.02 230.924508  65.888889 15.834 -100.00 -100.00 -100.00
 149    65.594 56136.36846767 22.07 230.930859  65.889272 20.921 -100.00 -100.00 -100.00
 150    69.338 56146.28411013 27.52 230.918673  65.888787 24.650 -100.00 -100.00 -100.00
 150    71.231 56146.28411073 25.69 230.925024  65.889170 19.812 -100.00 -100.00 -100.00
 150    72.628 56146.28411132 30.91 230.931376  65.889553   -100 -100.00 -100.00 -100.00
 152    79.757 56166.11540829 15.35 230.917616  65.890354  6.714 -100.00 -100.00 -100.00
 152    79.446 56166.11540888 14.98 230.923969  65.890738  5.611 -100.00 -100.00 -100.00
 152    78.984 56166.11540947 15.14 230.930321  65.891121  6.672 -100.00 -100.00 -100.00
 153    86.378 56176.03105474 17.14 230.918968  65.890346  6.329 -100.00 -100.00 -100.00
 153    80.314 56176.03105533 16.70 230.925320  65.890730  6.380 -100.00 -100.00 -100.00
 153    80.339 56176.03105592 15.64 230.931673  65.891113  6.345 -100.00 -100.00 -100.00
 154    98.464 56185.94669592 32.81 230.917540  65.889625   -100 -100.00 -100.00 -100.00
 154    94.904 56185.94669651 31.13 230.923893  65.890008   -100 -100.00 -100.00 -100.00
 154    86.331 56185.94669711 17.69 230.930246  65.890391  4.877 -100.00 -100.00 -100.00
 155    86.823 56195.86233347 18.39 230.917652  65.888984  6.556 -100.00 -100.00 -100.00
 155    86.374 56195.86233406 17.78 230.924005  65.889367  6.371 -100.00 -100.00 -100.00
 155    86.208 56195.86233465 16.22 230.930358  65.889751  5.075 -100.00 -100.00 -100.00
 156    99.337 56205.77796826 30.90 230.919967  65.889516 27.216 -100.00 -100.00 -100.00
 156    86.262 56205.77796885 16.08 230.926320  65.889900  6.914 -100.00 -100.00 -100.00
 156    85.799 56205.77796944 16.32 230.932673  65.890283  9.000 -100.00 -100.00 -100.00
 157    78.889 56215.69360091 25.46 230.915004  65.890480 13.878 -100.00 -100.00 -100.00
 157    79.078 56215.69360150 22.59 230.921357  65.890864 10.012 -100.00 -100.00 -100.00
 157    78.987 56215.69360209 21.69 230.927710  65.891247  8.890 -100.00 -100.00 -100.00
 157    78.634 56215.69360268 20.08 230.934063  65.891630  7.447 -100.00 -100.00 -100.00
 158    76.050 56225.60924043 25.66 230.918984  65.892126 12.981 -100.00 -100.00 -100.00
 158    75.224 56225.60924102 23.48 230.925337  65.892510 10.532 -100.00 -100.00 -100.00
 158    74.953 56225.60924161 22.57 230.931690  65.892893  9.753 -100.00 -100.00 -100.00
 159    76.124 56235.52489546 25.13 230.915184  65.892466 11.322 -100.00 -100.00 -100.00
 159    75.690 56235.52489605 22.13 230.921537  65.892850  7.177 -100.00 -100.00 -100.00
 159    77.394 56235.52489664 20.71 230.927891  65.893233  6.474 -100.00 -100.00 -100.00
 160    76.586 56245.44054690 21.13 230.914925  65.892197  6.857 -100.00 -100.00 -100.00
 160    76.269 56245.44054749 19.54 230.921278  65.892580  4.941 -100.00 -100.00 -100.00
 160    75.733 56245.44054808 19.62 230.927631  65.892963  5.048 -100.00 -100.00 -100.00
 161    76.544 56255.35619334 21.54 230.915503  65.891934  5.408 -100.00 -100.00 -100.00
 161    76.090 56255.35619393 21.14 230.921856  65.892318  5.274 -100.00 -100.00 -100.00
 161    75.484 56255.35619453 20.03 230.928209  65.892701  4.536 -100.00 -100.00 -100.00
 162    76.963 56265.27183565 20.53 230.913782  65.892190  5.579 -100.00 -100.00 -100.00
 162    76.548 56265.27183624 20.11 230.920135  65.892574  5.421 -100.00 -100.00 -100.00
 162    75.532 56265.27183683 19.80 230.926488  65.892957  5.379 -100.00 -100.00 -100.00
 163    76.986 56275.18747645 19.20 230.914233  65.892601  5.028 -100.00 -100.00 -100.00
 163    76.706 56275.18747704 18.49 230.920586  65.892984  4.511 -100.00 -100.00 -100.00
 163    75.394 56275.18747763 18.42 230.926940  65.893367  4.259 -100.00 -100.00 -100.00
 164    76.736 56285.10312214 19.48 230.916525  65.892177  4.634 -100.00 -100.00 -100.00
 164    75.825 56285.10312273 19.14 230.922879  65.892560  4.980 -100.00 -100.00 -100.00
 164    75.003 56285.10312333 18.58 230.929232  65.892943  5.153 -100.00 -100.00 -100.00
 165    77.539 56295.01877272 18.01 230.915762  65.890475  4.314 -100.00 -100.00 -100.00
 165    76.577 56295.01877331 17.74 230.922116  65.890858  4.076 -100.00 -100.00 -100.00
 165    76.027 56295.01877390 17.53 230.928469  65.891241  4.054 -100.00 -100.00 -100.00
 166    77.470 56304.93441941 18.04 230.918446  65.888792  4.668 -100.00 -100.00 -100.00
 166    76.540 56304.93442000 17.95 230.924799  65.889175  4.586 -100.00 -100.00 -100.00
 166    75.841 56304.93442059 17.42 230.931152  65.889558  4.091 -100.00 -100.00 -100.00
 167    77.667 56314.85006211 18.29 230.917072  65.888334  4.139 -100.00 -100.00 -100.00
 167    76.493 56314.85006270 18.01 230.923425  65.888717  5.005 -100.00 -100.00 -100.00
 167    76.086 56314.85006329 17.37 230.929778  65.889100  3.902 -100.00 -100.00 -100.00
 167    75.721 56314.85006388 16.79 230.936132  65.889482  3.251 -100.00 -100.00 -100.00
 168    77.061 56324.76570346 17.41 230.921866  65.889893  4.717 -100.00 -100.00 -100.00
 168    76.118 56324.76570405 17.61 230.928219  65.890276  5.605 -100.00 -100.00 -100.00
 168    75.267 56324.76570464 16.84 230.934573  65.890659  4.313 -100.00 -100.00 -100.00
 169    77.387 56334.68134304 16.85 230.916011  65.890964  4.430 -100.00 -100.00 -100.00
 169    77.202 56334.68134363 16.92 230.922364  65.891347  4.859 -100.00 -100.00 -100.00
 169    75.810 56334.68134422 16.83 230.928718  65.891730  5.537 -100.00 -100.00 -100.00
 170    76.987 56344.59698241 16.79 230.917698  65.891066  5.151 -100.00 -100.00 -100.00
 170    76.540 56344.59698300 16.11 230.924051  65.891450  4.633 -100.00 -100.00 -100.00
 170    75.794 56344.59698359 15.62 230.930404  65.891833  4.335 -100.00 -100.00 -100.00
 171    76.701 56354.51261964 16.49 230.921648  65.890059  5.254 -100.00 -100.00 -100.00
 171    76.525 56354.51262023 15.83 230.928001  65.890442  5.062 -100.00 -100.00 -100.00
 171    74.426 56354.51262082 16.62 230.934353  65.890825  6.581 -100.00 -100.00 -100.00
 172    77.374 56364.42826375 12.90 230.918211  65.888731  4.897 -100.00 -100.00 -100.00
 172    76.561 56364.42826434 13.57 230.924563  65.889114  5.010 -100.00 -100.00 -100.00
 172    75.651 56364.42826493 12.92 230.930915  65.889498  5.304 -100.00 -100.00 -100.00
 173    77.569 56374.34391271 13.35 230.918794  65.889052  5.463 -100.00 -100.00 -100.00
 173    76.716 56374.34391330 13.04 230.925146  65.889436  5.291 -100.00 -100.00 -100.00
 173    76.708 56374.34391389 12.69 230.931498  65.889819  4.724 -100.00 -100.00 -100.00
 175    76.906 56394.17520275 12.05 230.918562  65.892640  4.006 -100.00 -100.00 -100.00
 175    76.197 56394.17520334 12.03 230.924915  65.893023  4.919 -100.00 -100.00 -100.00
 175    75.975 56394.17520393 11.42 230.931268  65.893406  3.622 -100.00 -100.00 -100.00
 176    76.360 56404.09084486 12.28 230.918685  65.893371  5.332 -100.00 -100.00 -100.00
 176    75.240 56404.09084545 11.72 230.925038  65.893754  4.687 -100.00 -100.00 -100.00
 177    76.877 56414.00648347  9.79 230.913522  65.892723  3.899 -100.00 -100.00 -100.00
 177    76.090 56414.00648406  9.35 230.919876  65.893107  3.467 -100.00 -100.00 -100.00
 177    74.913 56414.00648465  9.70 230.926229  65.893490  4.058 -100.00 -100.00 -100.00
 178    83.884 56423.92211783  2.40 230.915835  65.891695  3.114 -100.00 -100.00 -100.00
 178    82.322 56423.92211842  2.37 230.922188  65.892078  2.416 -100.00 -100.00 -100.00
 178    80.560 56423.92211901  2.81 230.928541  65.892461  3.041 -100.00 -100.00 -100.00
 179    76.944 56433.83776299 24.60 230.917652  65.891581 11.984 -100.00 -100.00 -100.00
 179    78.351 56433.83776358 28.74 230.924005  65.891964 18.744 -100.00 -100.00 -100.00
 179    77.676 56433.83776417 31.90 230.930358  65.892347   -100 -100.00 -100.00 -100.00
 180    87.182 56443.75341504 23.53 230.915522  65.892074 10.917 -100.00 -100.00 -100.00
 180    86.805 56443.75341564 19.66 230.921875  65.892457  5.730 -100.00 -100.00 -100.00
 180    86.459 56443.75341623 19.05 230.928229  65.892840  5.734 -100.00 -100.00 -100.00
 181    86.888 56453.66906483 19.19 230.916244  65.893010  9.170 -100.00 -100.00 -100.00
 181    86.421 56453.66906542 16.55 230.922597  65.893393  5.501 -100.00 -100.00 -100.00
 181    86.073 56453.66906601 15.52 230.928951  65.893776  6.207 -100.00 -100.00 -100.00
 182    86.855 56463.58471200 17.14 230.918750  65.892611  5.450 -100.00 -100.00 -100.00
 182    86.468 56463.58471259 16.31 230.925103  65.892994  5.189 -100.00 -100.00 -100.00
 182   103.405 56463.58471318 25.70 230.931457  65.893377 28.965 -100.00 -100.00 -100.00
 183    86.879 56473.50035572 18.10 230.921149  65.890897  4.663 -100.00 -100.00 -100.00
 183    86.363 56473.50035631 17.16 230.927501  65.891280  5.406 -100.00 -100.00 -100.00
 183    85.946 56473.50035690 15.75 230.933853  65.891663  3.526 -100.00 -100.00 -100.00
 184    86.550 56483.41599597 19.84 230.922849  65.888851  8.503 -100.00 -100.00 -100.00
 184    86.340 56483.41599656 18.44 230.929201  65.889234  6.218 -100.00 -100.00 -100.00
 184    85.626 56483.41599715 18.46 230.935552  65.889617  7.211 -100.00 -100.00 -100.00
 185   101.204 56493.33163251 21.16 230.920334  65.888176  8.496 -100.00 -100.00 -100.00
 185   101.448 56493.33163310 31.26 230.926686  65.888559 15.190 -100.00 -100.00 -100.00
 185   101.084 56493.33163369 28.76 230.933037  65.888942 15.413 -100.00 -100.00 -100.00
 186    86.848 56503.24726668 21.82 230.916542  65.889217  9.417 -100.00 -100.00 -100.00
 186    86.697 56503.24726727 19.79 230.922894  65.889600  6.569 -100.00 -100.00 -100.00
 186    86.160 56503.24726786 19.71 230.929246  65.889984  8.113 -100.00 -100.00 -100.00
 186    85.821 56503.24726845 18.34 230.935598  65.890366  7.346 -100.00 -100.00 -100.00
 187    86.484 56513.16289974 17.60 230.917749  65.890973  6.250 -100.00 -100.00 -100.00
 187    86.021 56513.16290033 18.06 230.924101  65.891356  7.358 -100.00 -100.00 -100.00
 187    79.996 56513.16290092 16.45 230.930453  65.891739  7.252 -100.00 -100.00 -100.00
 188    86.644 56523.07854901 15.35 230.919663  65.891617  4.663 -100.00 -100.00 -100.00
 188    86.388 56523.07854960 15.18 230.926015  65.892000  4.496 -100.00 -100.00 -100.00
 188    79.749 56523.07855019 14.88 230.932368  65.892383  5.193 -100.00 -100.00 -100.00
 189    86.942 56532.99420079 19.88 230.916131  65.890326  8.896 -100.00 -100.00 -100.00
 189    86.586 56532.99420138 18.59 230.922484  65.890710  6.365 -100.00 -100.00 -100.00
 189    81.215 56532.99420197 17.43 230.928837  65.891093  6.267 -100.00 -100.00 -100.00
 191    86.663 56552.82549453 18.60 230.922402  65.889335  7.078 -100.00 -100.00 -100.00
 191    86.053 56552.82549513 17.19 230.928754  65.889718  5.862 -100.00 -100.00 -100.00
 191    85.824 56552.82549572 16.19 230.935107  65.890101  5.142 -100.00 -100.00 -100.00
 192   102.554 56562.74113668 26.46 230.915517  65.890879 25.405 -100.00 -100.00 -100.00
 192   102.572 56562.74113727 30.14 230.921870  65.891262 21.246 -100.00 -100.00 -100.00
 192    91.069 56562.74113786 29.03 230.928223  65.891645   -100 -100.00 -100.00 -100.00
 193    87.014 56572.65677851 17.19 230.918460  65.893374  6.803 -100.00 -100.00 -100.00
 193    86.528 56572.65677910 15.95 230.924814  65.893758  5.571 -100.00 -100.00 -100.00
 193    86.161 56572.65677969 14.67 230.931168  65.894141  5.139 -100.00 -100.00 -100.00
 194    98.366 56582.57241787 17.65 230.917160  65.894296  7.590 -100.00 -100.00 -100.00
 194    86.566 56582.57241846 16.90 230.923513  65.894679  7.049 -100.00 -100.00 -100.00
 194    85.997 56582.57241905 15.30 230.929867  65.895062  5.631 -100.00 -100.00 -100.00
 195    76.697 56592.48805278 25.58 230.916315  65.893097 11.794 -100.00 -100.00 -100.00
 195    75.726 56592.48805337 25.59 230.922669  65.893480 12.929 -100.00 -100.00 -100.00
 195    75.210 56592.48805396 24.98 230.929022  65.893864 11.099 -100.00 -100.00 -100.00
 196    76.456 56602.40370362 28.13 230.916980  65.891669 12.062 -100.00 -100.00 -100.00
 196    77.578 56602.40370421 26.74 230.923333  65.892052 10.964 -100.00 -100.00 -100.00
 196    76.280 56602.40370480 24.90 230.929686  65.892436  8.280 -100.00 -100.00 -100.00
 197    76.938 56612.31935329 20.73 230.920456  65.891269  5.277 -100.00 -100.00 -100.00
 197    76.398 56612.31935388 19.82 230.926809  65.891653  5.978 -100.00 -100.00 -100.00
 197    76.191 56612.31935447 18.58 230.933162  65.892036  4.473 -100.00 -100.00 -100.00
 198    77.074 56622.23499812 15.64 230.918218  65.892006  3.757 -100.00 -100.00 -100.00
 198    76.392 56622.23499871 15.46 230.924571  65.892389  4.003 -100.00 -100.00 -100.00
 198    76.061 56622.23499930 15.07 230.930925  65.892772  3.872 -100.00 -100.00 -100.00
 199    77.192 56632.15063994 15.75 230.915014  65.892700  4.078 -100.00 -100.00 -100.00
 199    76.753 56632.15064053 15.18 230.921367  65.893083  4.051 -100.00 -100.00 -100.00
 199    75.817 56632.15064112 14.66 230.927721  65.893466  3.150 -100.00 -100.00 -100.00
 200    77.415 56642.06627765 14.43 230.913966  65.892192  3.528 -100.00 -100.00 -100.00
 200    76.963 56642.06627824 14.23 230.920320  65.892576  3.622 -100.00 -100.00 -100.00
 200    76.195 56642.06627883 13.98 230.926673  65.892959  3.240 -100.00 -100.00 -100.00
 201    77.544 56651.98192712 14.60 230.916972  65.890380  3.498 -100.00 -100.00 -100.00
 201    76.715 56651.98192771 14.36 230.923325  65.890764  3.583 -100.00 -100.00 -100.00
 201    76.415 56651.98192830 14.20 230.929678  65.891147  3.278 -100.00 -100.00 -100.00
 202    77.801 56661.89757704 15.42 230.918629  65.888470  3.666 -100.00 -100.00 -100.00
 202    77.114 56661.89757763 15.22 230.924982  65.888853  3.703 -100.00 -100.00 -100.00
 202    76.258 56661.89757822 15.11 230.931335  65.889236  3.931 -100.00 -100.00 -100.00
 203    78.068 56671.81322379 14.70 230.918151  65.888003  3.532 -100.00 -100.00 -100.00
 203    77.013 56671.81322438 14.88 230.924504  65.888386  3.742 -100.00 -100.00 -100.00
 203    76.194 56671.81322497 14.54 230.930857  65.888769  3.065 -100.00 -100.00 -100.00
 203    75.116 56671.81322556 14.51 230.937210  65.889152  3.185 -100.00 -100.00 -100.00
 204    77.521 56681.72886889 13.85 230.918140  65.889907  3.908 -100.00 -100.00 -100.00
 204    76.813 56681.72886948 13.93 230.924493  65.890290  3.524 -100.00 -100.00 -100.00
 204    76.118 56681.72887007 13.70 230.930847  65.890673  3.511 -100.00 -100.00 -100.00
 205    77.137 56691.64451205 14.14 230.918816  65.891816  3.849 -100.00 -100.00 -100.00
 205    76.359 56691.64451264 13.97 230.925169  65.892199  3.403 -100.00 -100.00 -100.00
 205    75.604 56691.64451323 13.51 230.931523  65.892582  3.528 -100.00 -100.00 -100.00
 206    77.207 56701.56015115 13.15 230.917393  65.892160  3.762 -100.00 -100.00 -100.00
 206    76.774 56701.56015174 13.35 230.923746  65.892543  3.852 -100.00 -100.00 -100.00
 206    76.111 56701.56015233 12.75 230.930100  65.892927  3.078 -100.00 -100.00 -100.00
 207    77.483 56711.47578548 13.22 230.917969  65.890559  3.570 -100.00 -100.00 -100.00
 207    77.217 56711.47578607 12.58 230.924322  65.890942  3.104 -100.00 -100.00 -100.00
 207    76.302 56711.47578666 12.67 230.930674  65.891325  3.368 -100.00 -100.00 -100.00
 208    77.448 56721.39143022 12.84 230.919728  65.889382  3.813 -100.00 -100.00 -100.00
 208    77.165 56721.39143081 12.55 230.926080  65.889765  2.833 -100.00 -100.00 -100.00
 208    76.272 56721.39143140 12.12 230.932432  65.890148  3.273 -100.00 -100.00 -100.00
 209    42.445 56731.30708197 14.21 230.920939  65.889687  2.779 -100.00 -100.00 -100.00
 209    42.112 56731.30708256 14.45 230.927291  65.890070  2.871 -100.00 -100.00 -100.00
 209    41.710 56731.30708315 14.59 230.933643  65.890453  2.712 -100.00 -100.00 -100.00
 210    76.906 56741.22272957 13.62 230.916659  65.891616  3.461 -100.00 -100.00 -100.00
 210    76.659 56741.22273016 13.13 230.923012  65.892000  2.901 -100.00 -100.00 -100.00
 210    75.543 56741.22273075 13.39 230.929365  65.892382  3.190 -100.00 -100.00 -100.00
 211    76.422 56751.13837348 13.92 230.918551  65.894008  3.260 -100.00 -100.00 -100.00
 211    75.451 56751.13837407 13.86 230.924904  65.894391  3.733 -100.00 -100.00 -100.00
 212    76.420 56761.05401196 12.92 230.916836  65.894623  3.045 -100.00 -100.00 -100.00
 212    75.651 56761.05401255 13.04 230.923190  65.895007  3.340 -100.00 -100.00 -100.00
 212    74.798 56761.05401314 12.92 230.929544  65.895390  2.837 -100.00 -100.00 -100.00
 213    86.410 56770.96964364  3.44 230.914187  65.893211  3.025 -100.00 -100.00 -100.00
 213    86.849 56770.96964423  3.44 230.920541  65.893594  2.399 -100.00 -100.00 -100.00
 213    82.260 56770.96964482  3.48 230.926894  65.893978  2.414 -100.00 -100.00 -100.00
 214    88.063 56780.88529797 25.63 230.917737  65.891948 15.441 -100.00 -100.00 -100.00
 214    87.704 56780.88529856 21.10 230.924090  65.892331  8.120 -100.00 -100.00 -100.00
 214    87.689 56780.88529916 19.88 230.930444  65.892714  7.245 -100.00 -100.00 -100.00
 215    87.387 56790.80095256 21.93 230.914712  65.891081  8.054 -100.00 -100.00 -100.00
 215    86.856 56790.80095315 20.37 230.921065  65.891464  7.164 -100.00 -100.00 -100.00
 215    86.401 56790.80095374 18.88 230.927418  65.891847  5.191 -100.00 -100.00 -100.00
 216    86.818 56800.71660486 20.56 230.920215  65.891986  8.784 -100.00 -100.00 -100.00
 216    86.246 56800.71660545 18.31 230.926568  65.892369  6.339 -100.00 -100.00 -100.00
 216    85.699 56800.71660604 19.41 230.932922  65.892752  9.584 -100.00 -100.00 -100.00
 217    86.738 56810.63224962 16.91 230.918586  65.892861  6.064 -100.00 -100.00 -100.00
 217    86.162 56810.63225021 15.36 230.924939  65.893244  4.153 -100.00 -100.00 -100.00
 217    79.155 56810.63225080 16.54 230.931293  65.893626  6.138 -100.00 -100.00 -100.00
 218    86.518 56820.54788930 15.07 230.914114  65.892471  6.660 -100.00 -100.00 -100.00
 218    69.279 56820.54788989 24.21 230.920467  65.892855 23.515 -100.00 -100.00 -100.00
 218    71.811 56820.54789048 25.01 230.926820  65.893237 15.029 -100.00 -100.00 -100.00
 219    70.372 56830.46352574 28.16 230.918585  65.891005 20.820 -100.00 -100.00 -100.00
 219    70.576 56830.46352633 26.00 230.924938  65.891388 16.471 -100.00 -100.00 -100.00
 219    73.474 56830.46352692 32.94 230.931290  65.891771   -100 -100.00 -100.00 -100.00
 220    27.716 56840.37915853 41.07 230.918838  65.888754 31.552 -100.00 -100.00 -100.00
 220    27.899 56840.37915912 45.12 230.925189  65.889137   -100 -100.00 -100.00 -100.00
 220    27.734 56840.37915971 56.30 230.931541  65.889520 13.088 -100.00 -100.00 -100.00
 221    79.738 56850.29479396 19.68 230.923355  65.888257 11.930 -100.00 -100.00 -100.00
 221    79.603 56850.29479455 17.04 230.929706  65.888640  6.951 -100.00 -100.00 -100.00
 221    79.083 56850.29479514 16.97 230.936058  65.889023  9.627 -100.00 -100.00 -100.00
 222    80.761 56860.21044787 14.49 230.916621  65.889446  8.051 -100.00 -100.00 -100.00
 222    70.049 56860.21044846 27.13 230.922973  65.889829 18.921 -100.00 -100.00 -100.00
 222    69.663 56860.21044905 25.16 230.929325  65.890212 19.134 -100.00 -100.00 -100.00
 222    70.952 56860.21044964 28.91 230.935677  65.890595   -100 -100.00 -100.00 -100.00
 223    68.740 56870.12610158 26.96 230.915918  65.891582 21.348 -100.00 -100.00 -100.00
 223    68.676 56870.12610217 26.20 230.922271  65.891965 18.531 -100.00 -100.00 -100.00
 223    70.020 56870.12610276 31.47 230.928624  65.892348   -100 -100.00 -100.00 -100.00
 224    67.403 56880.04175301 27.25 230.919325  65.892654 25.945 -100.00 -100.00 -100.00
 224    67.379 56880.04175361 25.74 230.925678  65.893037 28.664 -100.00 -100.00 -100.00
 224    78.358 56880.04175420 16.92 230.932031  65.893420  8.216 -100.00 -100.00 -100.00
 225    86.575 56889.95740040 17.39 230.918435  65.891807  9.716 -100.00 -100.00 -100.00
 225    79.900 56889.95740099 15.61 230.924788  65.892190  6.743 -100.00 -100.00 -100.00
 225    80.169 56889.95740158 14.52 230.931142  65.892572  7.423 -100.00 -100.00 -100.00
 226    80.130 56899.87304513 15.73 230.919227  65.890551  6.791 -100.00 -100.00 -100.00
 226    80.319 56899.87304572 13.92 230.925580  65.890934  4.997 -100.00 -100.00 -100.00
 226    79.735 56899.87304631 13.61 230.931933  65.891317  5.492 -100.00 -100.00 -100.00
 227    80.671 56909.78868732 15.86 230.915741  65.890590  5.807 -100.00 -100.00 -100.00
 227    79.695 56909.78868791 15.89 230.922094  65.890973  8.078 -100.00 -100.00 -100.00
 227    80.058 56909.78868850 14.12 230.928447  65.891356  5.133 -100.00 -100.00 -100.00
 228    80.351 56919.70432853 14.14 230.919669  65.892466  5.258 -100.00 -100.00 -100.00
 228    80.182 56919.70432912 12.84 230.926023  65.892849  4.856 -100.00 -100.00 -100.00
 228    78.918 56919.70432971 13.00 230.932376  65.893232  5.785 -100.00 -100.00 -100.00
 229   100.246 56929.61996679 27.39 230.914616  65.894018   -100 -100.00 -100.00 -100.00
 229   100.174 56929.61996738 25.92 230.920970  65.894401   -100 -100.00 -100.00 -100.00
 229    92.588 56929.61996798 28.20 230.927324  65.894784   -100 -100.00 -100.00 -100.00
 230    76.505 56939.53560081 23.89 230.914412  65.894364 13.319 -100.00 -100.00 -100.00
 230    77.957 56939.53560140 21.79 230.920766  65.894748 10.703 -100.00 -100.00 -100.00
 230    75.385 56939.53560199 20.97 230.927119  65.895131  9.823 -100.00 -100.00 -100.00
 231    76.143 56949.45123719 27.37 230.914171  65.893210 11.095 -100.00 -100.00 -100.00
 231    75.544 56949.45123778 27.37 230.920524  65.893593 14.230 -100.00 -100.00 -100.00
 231    75.157 56949.45123837 25.19 230.926877  65.893977  9.621 -100.00 -100.00 -100.00
 232    76.633 56959.36688992 23.68 230.917911  65.891987  8.825 -100.00 -100.00 -100.00
 232    75.712 56959.36689051 23.20 230.924264  65.892371  7.864 -100.00 -100.00 -100.00
 232    74.792 56959.36689111 23.67 230.930617  65.892754 11.486 -100.00 -100.00 -100.00
 233    76.853 56969.28253737 19.71 230.919501  65.891332  5.346 -100.00 -100.00 -100.00
 233    76.114 56969.28253796 19.38 230.925853  65.891715  4.316 -100.00 -100.00 -100.00
 233    75.122 56969.28253855 18.84 230.932206  65.892098  4.616 -100.00 -100.00 -100.00
 234    77.084 56979.19818067 16.21 230.917967  65.891425  3.893 -100.00 -100.00 -100.00
 234    76.182 56979.19818126 15.76 230.924320  65.891808  3.954 -100.00 -100.00 -100.00
 234    75.318 56979.19818185 15.12 230.930672  65.892191  3.689 -100.00 -100.00 -100.00
 235    76.405 56989.11381978 17.39 230.919039  65.891917  5.199 -100.00 -100.00 -100.00
 235    76.332 56989.11382037 16.27 230.925392  65.892301  3.874 -100.00 -100.00 -100.00
 235    75.173 56989.11382096 16.10 230.931745  65.892684  3.722 -100.00 -100.00 -100.00
 236    76.667 56999.02945245 17.00 230.918333  65.891402  4.002 -100.00 -100.00 -100.00
 236    75.986 56999.02945304 16.62 230.924687  65.891785  3.423 -100.00 -100.00 -100.00
 236    75.293 56999.02945363 16.37 230.931040  65.892169  3.876 -100.00 -100.00 -100.00
 237    77.087 57008.94510402 17.09 230.920242  65.890576  4.660 -100.00 -100.00 -100.00
 237    76.209 57008.94510461 16.36 230.926596  65.890960  3.271 -100.00 -100.00 -100.00
 237    75.791 57008.94510520 16.49 230.932949  65.891343  4.046 -100.00 -100.00 -100.00
 238    77.097 57018.86075654 16.79 230.918382  65.889284  3.539 -100.00 -100.00 -100.00
 238    76.597 57018.86075713 16.34 230.924735  65.889668  3.578 -100.00 -100.00 -100.00
 238    75.550 57018.86075772 16.36 230.931089  65.890051  3.918 -100.00 -100.00 -100.00
 239    77.677 57028.77640619 16.52 230.919130  65.889128  4.974 -100.00 -100.00 -100.00
 239    76.566 57028.77640678 15.64 230.925483  65.889511  3.671 -100.00 -100.00 -100.00
 239    75.728 57028.77640737 15.78 230.931837  65.889894  3.466 -100.00 -100.00 -100.00
 240    76.520 57038.69205435 16.38 230.921569  65.890331  4.746 -100.00 -100.00 -100.00
 240    77.859 57038.69205494 15.59 230.927922  65.890714  4.361 -100.00 -100.00 -100.00
 240    75.322 57038.69205553 16.03 230.934275  65.891096  4.665 -100.00 -100.00 -100.00
 241    76.883 57048.60769977 16.45 230.920384  65.891591  5.935 -100.00 -100.00 -100.00
 241    75.965 57048.60770036 15.42 230.926737  65.891974  4.446 -100.00 -100.00 -100.00
 241    74.880 57048.60770095 15.09 230.933091  65.892357  4.594 -100.00 -100.00 -100.00
 242    77.097 57058.52334085 14.15 230.914545  65.891770  4.363 -100.00 -100.00 -100.00
 242    76.100 57058.52334144 14.36 230.920898  65.892153  3.924 -100.00 -100.00 -100.00
 242    75.584 57058.52334203 14.18 230.927251  65.892536  5.051 -100.00 -100.00 -100.00
 243    77.008 57068.43897687 14.81 230.915517  65.891231  4.137 -100.00 -100.00 -100.00
 243    76.237 57068.43897746 15.18 230.921870  65.891615  4.912 -100.00 -100.00 -100.00
 243    75.506 57068.43897805 14.52 230.928223  65.891998  4.102 -100.00 -100.00 -100.00
 244    76.910 57078.35460892 13.82 230.919950  65.890874  5.772 -100.00 -100.00 -100.00
 244    76.108 57078.35460951 12.84 230.926302  65.891257  3.469 -100.00 -100.00 -100.00
 244    75.523 57078.35461010 12.41 230.932655  65.891640  3.740 -100.00 -100.00 -100.00
 245    77.237 57088.27024308 13.69 230.915943  65.890845  4.422 -100.00 -100.00 -100.00
 245    76.904 57088.27024367 13.58 230.922295  65.891229  4.245 -100.00 -100.00 -100.00
 245    75.730 57088.27024426 13.20 230.928648  65.891612  4.419 -100.00 -100.00 -100.00
 246    76.950 57098.18590166 13.15 230.916388  65.892511  4.199 -100.00 -100.00 -100.00
 246    75.820 57098.18590225 12.81 230.922741  65.892894  3.980 -100.00 -100.00 -100.00
 246    76.140 57098.18590284 12.72 230.929094  65.893277  4.335 -100.00 -100.00 -100.00
 247    76.809 57108.10155709 12.42 230.914591  65.893863  4.033 -100.00 -100.00 -100.00
 247    76.232 57108.10155768 11.68 230.920945  65.894246  3.833 -100.00 -100.00 -100.00
 247    75.443 57108.10155827 11.36 230.927298  65.894629  3.593 -100.00 -100.00 -100.00
 248    76.712 57118.01720738 12.57 230.912793  65.893883  4.740 -100.00 -100.00 -100.00
 248    76.065 57118.01720797 12.35 230.919147  65.894266  4.711 -100.00 -100.00 -100.00
 248    75.790 57118.01720856 11.53 230.925500  65.894649  4.222 -100.00 -100.00 -100.00
 249    76.977 57127.93285190 11.66 230.915435  65.893015  4.033 -100.00 -100.00 -100.00
 249    76.448 57127.93285249 11.62 230.921788  65.893398  4.717 -100.00 -100.00 -100.00
 249    75.987 57127.93285308 10.78 230.928142  65.893781  3.833 -100.00 -100.00 -100.00
 250    76.514 57137.84849098  3.10 230.918646  65.892015  8.006 -100.00 -100.00 -100.00
 250    76.663 57137.84849157  1.01 230.924999  65.892398  6.080 -100.00 -100.00 -100.00
 251    78.923 57147.76412566 11.98 230.916330  65.891306  4.543 -100.00 -100.00 -100.00
 251    78.575 57147.76412625 12.22 230.922683  65.891690  6.294 -100.00 -100.00 -100.00
 251    77.917 57147.76412684 10.66 230.929036  65.892073  4.477 -100.00 -100.00 -100.00
 252    87.499 57157.67975840 21.85 230.920186  65.891413  7.543 -100.00 -100.00 -100.00
 252    86.620 57157.67975899 19.62 230.926539  65.891796  4.858 -100.00 -100.00 -100.00
 252    86.274 57157.67975958 18.85 230.932892  65.892179  5.530 -100.00 -100.00 -100.00
 253    86.489 57167.59540461 18.66 230.918604  65.891267  7.778 -100.00 -100.00 -100.00
 253    85.920 57167.59540520 17.51 230.924957  65.891651  7.063 -100.00 -100.00 -100.00
 253    79.682 57167.59540580 17.03 230.931309  65.892034  7.009 -100.00 -100.00 -100.00
 254    79.934 57177.51106074 16.95 230.916991  65.890835  6.375 -100.00 -100.00 -100.00
 254    80.359 57177.51106133 15.65 230.923343  65.891219  5.993 -100.00 -100.00 -100.00
 254    79.903 57177.51106192 15.77 230.929695  65.891602  6.424 -100.00 -100.00 -100.00
 255    79.766 57187.42671325 16.98 230.920232  65.890216  9.497 -100.00 -100.00 -100.00
 255    79.412 57187.42671384 17.14 230.926584  65.890599 10.200 -100.00 -100.00 -100.00
 255    70.350 57187.42671443 26.44 230.932936  65.890982 29.461 -100.00 -100.00 -100.00
 256    79.760 57197.34236108 17.93 230.917274  65.889607 10.706 -100.00 -100.00 -100.00
 256    79.404 57197.34236167 19.11 230.923625  65.889990 12.528 -100.00 -100.00 -100.00
 256    79.213 57197.34236226 14.55 230.929977  65.890373  5.690 -100.00 -100.00 -100.00
 257    80.416 57207.25799550 14.99 230.916427  65.889897  5.183 -100.00 -100.00 -100.00
 257    79.886 57207.25799609 15.27 230.922779  65.890280  6.820 -100.00 -100.00 -100.00
 257    79.416 57207.25799668 14.99 230.929131  65.890663  6.326 -100.00 -100.00 -100.00
 258    79.691 57217.17364034 18.18 230.916500  65.890800 10.913 -100.00 -100.00 -100.00
 258    79.413 57217.17364093 16.39 230.922852  65.891183  7.927 -100.00 -100.00 -100.00
 258    70.362 57217.17364152 24.98 230.929205  65.891566 30.710 -100.00 -100.00 -100.00
 259    80.023 57227.08928394 16.36 230.914804  65.891279  7.439 -100.00 -100.00 -100.00
 259    79.604 57227.08928453 15.15 230.921157  65.891662  7.217 -100.00 -100.00 -100.00
 259    79.235 57227.08928512 14.65 230.927510  65.892045  7.258 -100.00 -100.00 -100.00
 260    69.104 57237.00492580 27.76 230.917112  65.891468   -100 -100.00 -100.00 -100.00
 260    71.549 57237.00492639 26.43 230.923464  65.891851 19.905 -100.00 -100.00 -100.00
 260    72.986 57237.00492698 28.87 230.929817  65.892234 32.116 -100.00 -100.00 -100.00
 261    79.728 57246.92056425 14.16 230.919983  65.891388  5.335 -100.00 -100.00 -100.00
 261    79.247 57246.92056484 12.92 230.926336  65.891771  3.881 -100.00 -100.00 -100.00
 261    78.831 57246.92056543 13.35 230.932689  65.892154  5.375 -100.00 -100.00 -100.00
 262    86.236 57256.83619955 16.47 230.916638  65.891279  6.659 -100.00 -100.00 -100.00
 262    80.365 57256.83620014 15.57 230.922991  65.891662  5.781 -100.00 -100.00 -100.00
 262    85.690 57256.83620073 13.80 230.929344  65.892045  4.420 -100.00 -100.00 -100.00
 263    86.640 57266.75183422 14.15 230.919316  65.892374  4.611 -100.00 -100.00 -100.00
 263    82.994 57266.75183481 12.99 230.925669  65.892758  3.944 -100.00 -100.00 -100.00
 263    80.954 57266.75183540 12.54 230.932023  65.893141  3.405 -100.00 -100.00 -100.00
 264    86.974 57276.66747923 16.48 230.913680  65.893151  5.727 -100.00 -100.00 -100.00
 264    86.813 57276.66747982 15.02 230.920033  65.893535  5.595 -100.00 -100.00 -100.00
 264    86.269 57276.66748041 14.17 230.926387  65.893918  4.583 -100.00 -100.00 -100.00
 265    87.245 57286.58313590 17.23 230.913295  65.893621  7.771 -100.00 -100.00 -100.00
 265    86.790 57286.58313649 15.50 230.919648  65.894005  5.692 -100.00 -100.00 -100.00
 265    86.516 57286.58313708 14.21 230.926001  65.894388  5.034 -100.00 -100.00 -100.00
 266    87.069 57296.49878986 19.99 230.915296  65.893074  8.445 -100.00 -100.00 -100.00
 266    86.643 57296.49879045 17.84 230.921649  65.893458  5.888 -100.00 -100.00 -100.00
 266    86.145 57296.49879104 17.38 230.928003  65.893841  7.244 -100.00 -100.00 -100.00
 267    78.849 57306.41443986 19.79 230.913916  65.891966  7.932 -100.00 -100.00 -100.00
 267    78.858 57306.41444045 18.73 230.920269  65.892349  7.122 -100.00 -100.00 -100.00
 267    78.755 57306.41444104 17.47 230.926622  65.892732  5.749 -100.00 -100.00 -100.00
 268    76.338 57316.33008676 20.30 230.920038  65.891882  9.662 -100.00 -100.00 -100.00
 268    78.492 57316.33008735 18.09 230.926390  65.892265  7.594 -100.00 -100.00 -100.00
 268    78.192 57316.33008794 17.58 230.932743  65.892647  6.400 -100.00 -100.00 -100.00
 269    76.436 57326.24572974 24.08 230.918475  65.891988 14.155 -100.00 -100.00 -100.00
 269    75.663 57326.24573033 22.01 230.924828  65.892371  9.922 -100.00 -100.00 -100.00
 269    75.100 57326.24573092 22.34 230.931181  65.892753 12.846 -100.00 -100.00 -100.00
 270    77.154 57336.16137054 18.17 230.915373  65.892035  5.014 -100.00 -100.00 -100.00
 270    76.631 57336.16137113 17.76 230.921726  65.892418  4.357 -100.00 -100.00 -100.00
 270    75.715 57336.16137172 17.62 230.928080  65.892801  4.285 -100.00 -100.00 -100.00
 271    76.867 57346.07701786 19.82 230.919198  65.891807  4.851 -100.00 -100.00 -100.00
 271    76.499 57346.07701845 19.11 230.925551  65.892190  4.417 -100.00 -100.00 -100.00
 271    75.245 57346.07701904 18.94 230.931904  65.892573  5.381 -100.00 -100.00 -100.00
 272    77.075 57355.99266516 19.39 230.919193  65.890650  4.851 -100.00 -100.00 -100.00
 272    76.576 57355.99266575 18.78 230.925546  65.891033  4.677 -100.00 -100.00 -100.00
 272    76.123 57355.99266634 18.22 230.931900  65.891416  3.873 -100.00 -100.00 -100.00
 273    78.407 57365.90830867 16.64 230.918478  65.889601  4.808 -100.00 -100.00 -100.00
 273    77.093 57365.90830926 15.86 230.924831  65.889984  4.064 -100.00 -100.00 -100.00
 273    78.186 57365.90830985 15.38 230.931185  65.890367  3.915 -100.00 -100.00 -100.00
 274    77.494 57375.82394893 16.53 230.918494  65.889494  4.949 -100.00 -100.00 -100.00
 274    76.636 57375.82394952 16.01 230.924847  65.889877  4.023 -100.00 -100.00 -100.00
 274    75.628 57375.82395011 15.63 230.931200  65.890260  4.463 -100.00 -100.00 -100.00
 275    76.811 57385.73958757 17.87 230.920962  65.890584  5.793 -100.00 -100.00 -100.00
 275    76.544 57385.73958816 17.22 230.927316  65.890967  4.379 -100.00 -100.00 -100.00
 275    75.431 57385.73958875 16.63 230.933669  65.891350  4.021 -100.00 -100.00 -100.00
 276    76.579 57395.65522538 17.79 230.920324  65.891374  4.636 -100.00 -100.00 -100.00
 276    75.935 57395.65522597 17.52 230.926678  65.891757  4.533 -100.00 -100.00 -100.00
 276    75.792 57395.65522656 17.26 230.933031  65.892140  4.421 -100.00 -100.00 -100.00
 277    76.427 57405.57086211 18.67 230.919108  65.891481  5.449 -100.00 -100.00 -100.00
 277    75.843 57405.57086270 18.70 230.925461  65.891865  5.679 -100.00 -100.00 -100.00
 277    75.659 57405.57086329 17.66 230.931814  65.892248  4.583 -100.00 -100.00 -100.00
 278    77.218 57415.48651091 18.49 230.917117  65.890950  4.701 -100.00 -100.00 -100.00
 278    76.344 57415.48651150 18.07 230.923469  65.891334  4.937 -100.00 -100.00 -100.00
 278    75.925 57415.48651209 17.72 230.929822  65.891717  5.199 -100.00 -100.00 -100.00
 279    76.975 57425.40216219 18.81 230.917108  65.890866  5.896 -100.00 -100.00 -100.00
 279    76.306 57425.40216278 18.29 230.923460  65.891249  4.701 -100.00 -100.00 -100.00
 279    75.873 57425.40216337 17.70 230.929813  65.891632  4.395 -100.00 -100.00 -100.00
 280    76.654 57435.31781080 16.64 230.920022  65.891908  4.424 -100.00 -100.00 -100.00
 280    76.556 57435.31781139 16.43 230.926375  65.892291  4.628 -100.00 -100.00 -100.00
 280    75.380 57435.31781198 15.70 230.932728  65.892674  4.010 -100.00 -100.00 -100.00
 281    76.786 57445.23345709 17.15 230.915970  65.893360  4.408 -100.00 -100.00 -100.00
 281    76.143 57445.23345768 16.53 230.922323  65.893744  4.521 -100.00 -100.00 -100.00
 281    75.251 57445.23345827 16.30 230.928677  65.894127  4.347 -100.00 -100.00 -100.00
 282    76.277 57455.14910279 17.90 230.913877  65.894415  5.441 -100.00 -100.00 -100.00
 282    75.770 57455.14910338 17.35 230.920231  65.894799  4.822 -100.00 -100.00 -100.00
 282    75.355 57455.14910397 16.55 230.926585  65.895182  4.039 -100.00 -100.00 -100.00
 283    76.474 57465.06474652 17.58 230.912225  65.894046  5.262 -100.00 -100.00 -100.00
 283    75.929 57465.06474711 17.15 230.918579  65.894429  5.802 -100.00 -100.00 -100.00
 283    75.576 57465.06474770 16.20 230.924933  65.894812  5.054 -100.00 -100.00 -100.00
 284    76.715 57474.98038716 15.87 230.918537  65.892534  4.888 -100.00 -100.00 -100.00
 284    75.878 57474.98038775 15.14 230.924890  65.892917  4.597 -100.00 -100.00 -100.00
 284    75.282 57474.98038834 14.67 230.931244  65.893300  4.526 -100.00 -100.00 -100.00
 285    77.436 57484.89602361 15.28 230.917351  65.890652  5.081 -100.00 -100.00 -100.00
 285    76.114 57484.89602420 15.60 230.923704  65.891035  5.838 -100.00 -100.00 -100.00
 285    76.469 57484.89602479 14.42 230.930058  65.891418  4.733 -100.00 -100.00 -100.00
 286    76.946 57494.81165768 15.70 230.919694  65.890328  5.934 -100.00 -100.00 -100.00
 286    76.073 57494.81165827 15.30 230.926047  65.890712  5.251 -100.00 -100.00 -100.00
 286    75.835 57494.81165886 14.73 230.932400  65.891095  4.325 -100.00 -100.00 -100.00
 287    85.888 57504.72728942  2.54 230.916199  65.891089  2.364 -100.00 -100.00 -100.00
 287    86.676 57504.72729001  2.58 230.922552  65.891472  2.390 -100.00 -100.00 -100.00
 287    85.647 57504.72729060  2.81 230.928905  65.891856  2.471 -100.00 -100.00 -100.00
 288    88.352 57514.64294564 20.36 230.917480  65.892182  7.541 -100.00 -100.00 -100.00
 288    86.774 57514.64294624 18.73 230.923833  65.892565  5.815 -100.00 -100.00 -100.00
 288   102.511 57514.64294683 17.34 230.930187  65.892949  5.069 -100.00 -100.00 -100.00
 289    76.197 57524.55860010 25.65 230.919985  65.891729 16.042 -100.00 -100.00 -100.00
 289    79.150 57524.55860069 20.58 230.926338  65.892112  9.335 -100.00 -100.00 -100.00
 289    78.942 57524.55860128 19.09 230.932691  65.892495  6.709 -100.00 -100.00 -100.00
 290    87.892 57534.47425183 20.27 230.918558  65.889832  5.588 -100.00 -100.00 -100.00
 290    86.544 57534.47425242 19.00 230.924911  65.890216  5.115 -100.00 -100.00 -100.00
 290    86.299 57534.47425301 17.90 230.931263  65.890599  4.978 -100.00 -100.00 -100.00
 291    68.353 57544.38990096 30.70 230.921163  65.888709 27.845 -100.00 -100.00 -100.00
 291    68.289 57544.38990155 29.38 230.927515  65.889092 26.221 -100.00 -100.00 -100.00
 291    71.678 57544.38990214 26.56 230.933867  65.889475   -100 -100.00 -100.00 -100.00
 292    86.709 57554.30554724 17.70 230.917858  65.889055  6.553 -100.00 -100.00 -100.00
 292    86.318 57554.30554783 17.61 230.924210  65.889438  7.376 -100.00 -100.00 -100.00
 292    86.113 57554.30554842 15.97 230.930562  65.889821  6.011 -100.00 -100.00 -100.00
 293    87.644 57564.22119239 17.02 230.918075  65.890901  5.987 -100.00 -100.00 -100.00
 293    86.604 57564.22119298 16.17 230.924427  65.891284  5.514 -100.00 -100.00 -100.00
 293    86.384 57564.22119357 14.97 230.930780  65.891667  5.051 -100.00 -100.00 -100.00
 295    70.989 57584.05248099 28.36 230.917690  65.892218 25.429 -100.00 -100.00 -100.00
 295    72.763 57584.05248158 27.47 230.924043  65.892601 26.954 -100.00 -100.00 -100.00
 295    74.303 57584.05248217 32.64 230.930396  65.892984   -100 -100.00 -100.00 -100.00
 296    80.092 57593.96812291 15.84 230.915795  65.891201  6.970 -100.00 -100.00 -100.00
 296    79.703 57593.96812350 14.73 230.922147  65.891584  5.236 -100.00 -100.00 -100.00
 296    79.381 57593.96812409 13.04 230.928501  65.891967  4.505 -100.00 -100.00 -100.00
 297    79.415 57603.88376308 19.46 230.918162  65.890916 13.210 -100.00 -100.00 -100.00
 297    79.512 57603.88376367 16.26 230.924515  65.891299  7.915 -100.00 -100.00 -100.00
 297    79.065 57603.88376426 16.40 230.930868  65.891682  8.951 -100.00 -100.00 -100.00
