-131188.195   412.621     0.00    1.67
-130901.811   411.973    -2.26    2.30
-130615.423   409.809    -7.56    6.45
-130329.029   405.964   -13.43   15.25
-130042.631   399.594   -22.24   26.61
-129756.229   381.850   -61.95   48.87
-129469.822   353.952   -97.41   76.00
-129183.410   323.069  -107.83   90.40
-128896.994   298.871   -84.49   88.74
-128610.574   287.907   -38.28   84.95
-128324.148   287.986     0.27   81.94
-128037.718   294.090    21.31   79.41
-127751.284   306.510    43.36   76.81
-127464.845   321.028    50.68   69.07
-127178.401   333.568    43.78   56.33
-126891.953   330.928    -9.22   58.64
-126605.500   315.119   -55.19   64.00
-126319.043   299.240   -55.43   62.04
-126032.581   293.021   -21.71   55.83
-125746.115   290.518    -8.74   48.28
-125459.644   292.979     8.59   42.15
-125173.168   294.626     5.75   34.73
-124886.688   301.368    23.53   27.29
-124600.203   310.210    30.86   17.17
-124313.714   315.070    16.96    7.90
-124027.220   315.570     1.75    7.86
-123740.721   314.232    -4.67    9.09
-123454.218   311.650    -9.01   10.26
-123167.710   309.021    -9.18   10.13
-122881.198   306.112   -10.15    9.58
-122594.681   302.979   -10.94    9.59
-122308.160   298.950   -14.06   11.01
-122021.634   294.757   -14.63   13.52
-121735.103   288.535   -21.72   17.08
-121448.568   282.021   -22.73   19.20
-121162.028   275.182   -23.87   19.57
-120875.484   268.700   -22.62   18.67
-120588.935   263.312   -18.80   16.90
-120302.381   257.924   -18.80   14.63
-120015.823   254.014   -13.64   12.97
-119729.260   250.458   -12.41   12.36
-119442.693   247.688    -9.67   11.77
-119156.121   244.979    -9.45   11.00
-118869.545   243.348    -5.69   10.38
-118582.964   241.860    -5.19    9.69
-118296.378   239.979    -6.56    9.22
-118009.788   238.741    -4.32    8.76
-117723.193   237.894    -2.96    8.25
-117436.594   237.830    -0.22    8.09
-117149.990   237.851     0.07    7.52
-116863.382   237.840    -0.04    6.70
-116576.768   237.368    -1.65    6.17
-116290.151   236.227    -3.98    6.15
-116003.528   234.286    -6.77    7.22
-115716.902   233.291    -3.47    8.12
-115430.270   232.236    -3.68    8.77
-115143.634   231.814    -1.47    8.78
-114856.993   231.812    -0.00    8.83
-114570.348   232.179     1.28    8.56
-114283.698   233.489     4.57    7.71
-113997.044   234.789     4.53    6.76
-113710.385   235.822     3.60    5.76
-113423.721   237.347     5.32    3.57
-113137.053   234.664    -9.36   13.99
-112850.380   222.471   -42.53   35.53
-112563.703   214.547   -27.64   41.60
-112277.021   198.903   -54.57   51.81
-111990.334   183.034   -55.35   58.28
-111703.643   165.703   -60.45   60.42
-111416.948   149.712   -55.78   59.17
-111130.247   147.779    -6.74   61.23
-110843.542   147.426    -1.23   62.07
-110556.833   143.633   -13.23   59.45
-110270.119   142.272    -4.75   58.31
-109983.400   139.646    -9.16   56.81
-109696.677   140.399     2.63   56.89
-109409.949   142.345     6.79   56.20
-109123.216   147.925    19.46   57.35
-108836.479   149.664     6.07   57.50
-108549.738   150.117     1.58   56.42
-108262.992   151.486     4.77   55.31
-107976.241   153.207     6.00   55.16
-107689.485   154.794     5.53   55.43
-107402.725   160.442    19.70   56.01
-107115.961   162.231     6.24   55.80
-106829.191   167.028    16.73   55.94
-106542.417   170.122    10.79   55.66
-106255.639   174.309    14.60   55.25
-105968.856   179.669    18.69   54.56
-105682.068   185.836    21.50   52.30
-105395.276   192.801    24.29   48.89
-105108.479   202.676    34.43   40.98
-104821.678   208.736    21.13   35.01
-104534.872   214.621    20.52   26.29
-104248.061   220.397    20.14    9.02
-103961.246   221.571     4.09    1.59
-103674.426   221.317    -0.89    1.69
-103387.602   220.800    -1.80    1.73
-103100.773   220.353    -1.56    1.95
-102813.939   219.762    -2.06    2.25
-102527.101   219.027    -2.56    2.37
-102240.258   218.431    -2.08    2.41
-101953.411   217.571    -3.00    2.39
-101666.559   216.764    -2.81    2.47
-101379.702   215.957    -2.81    2.51
-101092.841   215.124    -2.90    2.34
-100805.975   214.476    -2.26    2.23
-100519.105   213.818    -2.29    2.22
-100232.230   213.213    -2.11    1.94
 -99945.350   212.951    -0.91    1.89
 -99658.466   212.762    -0.66    1.78
 -99371.577   212.669    -0.33    1.82
 -99084.684   212.812     0.50    2.00
 -98797.786   213.157     1.20    2.20
 -98510.883   213.757     2.09    2.45
 -98223.976   214.397     2.23    2.60
 -97937.257   214.931     1.86    2.61
 -97651.252   215.352     1.47    2.70
 -97365.244   215.407     0.19    2.74
 -97079.231   215.128    -0.98    2.71
 -96793.215   214.793    -1.17    2.62
 -96507.195   214.352    -1.54    2.51
 -96221.171   213.741    -2.14    2.19
 -95935.143   213.201    -1.89    1.69
 -95649.112   212.958    -0.85    1.34
 -95363.076   212.944    -0.05    1.43
 -95077.037   212.929    -0.05    1.46
 -94790.994   212.894    -0.12    1.47
 -94504.947   212.801    -0.32    1.47
 -94218.897   212.667    -0.47    1.31
 -93932.842   212.392    -0.96    0.92
 -93646.784   212.236    -0.54    0.77
 -93360.721   212.142    -0.33    0.72
 -93074.655   211.993    -0.52    0.74
 -92788.585   211.851    -0.50    0.76
 -92502.512   211.545    -1.07    0.86
 -92216.434   211.217    -1.15    0.86
 -91930.353   210.838    -1.32    0.76
 -91644.267   210.538    -1.05    0.66
 -91358.178   210.277    -0.92    0.48
 -91072.085   210.141    -0.47    0.35
 -90785.989   210.100    -0.14    0.35
 -90499.888   210.168     0.24    0.47
 -90213.784   210.193     0.09    0.53
 -89927.675   210.145    -0.17    0.53
 -89641.563   210.042    -0.36    0.44
 -89355.447   209.986    -0.20    0.40
 -89069.327   209.928    -0.20    0.29
 -88783.204   209.915    -0.04    0.28
 -88497.076   209.924     0.03    0.27
 -88210.945   209.924     0.00    0.27
 -87924.810   209.931     0.02    0.26
 -87638.671   209.958     0.10    0.20
 -87352.528   209.964     0.02    0.19
 -87066.381   209.986     0.08    0.12
 -86780.231   210.000     0.05    0.00
 -86494.076   210.000     0.00    0.00
 -86207.918   209.197    -2.81    4.95
 -85921.756   205.514   -12.87   10.42
 -85635.590   201.194   -15.09   12.92
 -85349.421   196.814   -15.31   13.63
 -85063.247   192.348   -15.61   12.75
 -84777.070   188.345   -13.99   10.27
 -84490.888   184.910   -12.00    6.01
 -84204.703   184.308    -2.10    4.59
 -83918.514   184.536     0.79    4.88
 -83632.321   185.333     2.79    5.56
 -83346.125   186.829     5.22    6.18
 -83059.924   188.301     5.14    6.60
 -82773.720   190.177     6.56    6.54
 -82487.512   192.077     6.64    5.76
 -82201.300   193.755     5.86    4.38
 -81915.084   194.589     2.91    3.06
 -81628.864   194.652     0.22    2.49
 -81342.641   193.906    -2.61    2.99
 -81056.413   192.500    -4.91    3.58
 -80770.182   190.727    -6.19    3.81
 -80483.947   188.799    -6.74    3.78
 -80197.708   186.942    -6.48    3.64
 -79911.465   185.262    -5.87    3.49
 -79625.219   183.589    -5.85    3.28
 -79338.968   182.021    -5.48    3.09
 -79052.714   180.563    -5.09    2.88
 -78766.456   179.245    -4.61    2.66
 -78480.194   177.979    -4.42    2.39
 -78193.928   176.865    -3.89    2.32
 -77907.658   175.773    -3.82    2.28
 -77621.384   174.709    -3.72    2.27
 -77335.107   173.811    -3.14    2.22
 -77048.826   172.875    -3.27    2.09
 -76762.541   172.062    -2.84    1.81
 -76476.252   171.246    -2.85    1.48
 -76189.959   170.660    -2.05    1.22
 -75903.662   170.204    -1.59    0.96
 -75617.362   169.915    -1.01    0.66
 -75331.057   169.797    -0.41    0.51
 -75044.749   169.743    -0.19    0.44
 -74758.437   169.739    -0.01    0.44
 -74472.121   169.745     0.02    0.47
 -74185.801   169.714    -0.11    0.55
 -73899.478   169.660    -0.19    0.58
 -73613.150   169.592    -0.24    0.60
 -73326.819   169.552    -0.14    0.60
 -73040.484   169.636     0.30    0.66
 -72754.145   169.810     0.61    0.66
 -72467.802   170.035     0.79    0.81
 -72181.455   170.312     0.97    1.05
 -71895.105   170.711     1.39    1.48
 -71608.750   171.154     1.55    1.81
 -71322.392   171.375     0.77    2.17
 -71036.030   171.804     1.50    2.74
 -70749.664   172.553     2.62    3.01
 -70463.294   173.078     1.83    3.26
 -70176.921   173.461     1.34    3.42
 -69890.543   173.825     1.27    3.73
 -69604.162   174.562     2.57    4.18
 -69317.776   175.476     3.19    4.59
 -69031.387   176.252     2.71    5.89
 -68744.994   177.465     4.24    7.26
 -68458.598   179.057     5.56    7.96
 -68172.197   180.521     5.11    8.59
 -67885.792   181.688     4.07    9.61
 -67599.384   182.139     1.58    9.76
 -67312.972   180.333    -6.30   11.14
 -67026.556   175.752   -16.00   15.80
 -66740.136   168.433   -25.55   20.01
 -66453.712   160.674   -27.09   21.62
 -66167.284   152.133   -29.82   20.09
 -65880.853   144.303   -27.34   16.02
 -65594.418   137.873   -22.45   11.07
 -65307.978   133.063   -16.79    7.96
 -65021.535   129.915   -10.99    7.29
 -64735.088   127.064    -9.95    6.76
 -64448.638   124.259    -9.79    5.98
 -64162.183   122.118    -7.47    4.99
 -63875.724   120.215    -6.64    4.77
 -63589.262   118.236    -6.91    5.26
 -63302.796   115.734    -8.74    5.74
 -63016.326   113.312    -8.45    6.68
 -62729.852   110.014   -11.51    8.04
 -62443.374   106.091   -13.69    8.59
 -62156.892   102.839   -11.35    7.68
 -61870.407   101.056    -6.22    6.36
 -61583.918   101.590     1.86    7.12
 -61297.424   103.830     7.82    8.70
 -61010.927   107.183    11.70    9.82
 -60724.426   111.421    14.79    9.06
 -60437.921   115.685    14.88    6.71
 -60151.413   118.390     9.44    4.70
 -59864.900   119.710     4.61    4.48
 -59578.384   120.373     2.31    4.50
 -59291.864   120.779     1.41    4.47
 -59005.340   121.336     1.94    4.43
 -58718.812   121.917     2.03    4.29
 -58432.280   122.866     3.31    4.20
 -58145.744   123.826     3.35    3.89
 -57859.204   124.528     2.45    3.36
 -57572.661   124.958     1.50    2.80
 -57286.114   125.092     0.47    2.48
 -56999.563   125.000    -0.32    2.35
 -56713.008   124.576    -1.48    2.24
 -56426.449   123.807    -2.69    2.25
 -56139.886   123.028    -2.72    2.07
 -55853.319   122.218    -2.82    1.92
 -55566.749   121.262    -3.34    2.04
 -55280.175   120.321    -3.28    2.47
 -54993.596   119.262    -3.70    2.65
 -54707.014   118.306    -3.34    2.65
 -54420.428   117.338    -3.38    2.66
 -54133.839   116.119    -4.25    2.83
 -53847.245   114.768    -4.71    2.94
 -53560.648   113.465    -4.55    3.41
 -53274.046   111.901    -5.45    4.19
 -52987.441   110.028    -6.54    4.57
 -52700.832   108.028    -6.98    4.29
 -52414.219   106.615    -4.93    3.55
 -52127.602   105.811    -2.81    2.75
 -51840.981   105.296    -1.80    2.10
 -51554.357   104.631    -2.32    2.64
 -51267.728   103.472    -4.04    4.16
 -50981.096   101.923    -5.40    5.24
 -50694.460    99.834    -7.29    5.68
 -50407.820    97.632    -7.68    5.06
 -50121.176    96.007    -5.67    3.71
 -49834.528    95.157    -2.97    2.26
 -49547.876    95.752     2.07    2.78
 -49261.221    96.811     3.70    3.03
 -48974.562    98.076     4.41    2.89
 -48687.898    99.166     3.80    2.66
 -48401.231   100.042     3.06    2.45
 -48114.560   100.528     1.70    2.36
 -47827.885   100.796     0.93    2.30
 -47541.207   100.739    -0.20    2.25
 -47254.524   100.243    -1.73    2.40
 -46967.838    99.345    -3.13    2.79
 -46681.147    97.847    -5.22    3.55
 -46394.453    95.794    -7.16    4.46
 -46107.755    93.243    -8.90    5.12
 -45821.053    90.397    -9.93    5.53
 -45534.347    87.650    -9.58    5.49
 -45247.638    84.699   -10.30    5.18
 -44960.924    82.299    -8.37    4.71
 -44674.207    80.287    -7.02    4.08
 -44387.485    78.291    -6.96    3.75
 -44100.760    76.277    -7.02    3.69
 -43814.031    74.450    -6.37    3.81
 -43527.298    72.958    -5.20    3.66
 -43240.561    71.354    -5.60    3.51
 -42953.821    70.200    -4.02    3.17
 -42667.076    69.507    -2.42    2.79
 -42380.328    69.177    -1.15    2.96
 -42093.575    69.129    -0.17    3.09
 -41806.819    69.545     1.45    3.45
 -41520.059    70.184     2.23    4.03
 -41233.295    70.544     1.26    4.35
 -40946.528    70.979     1.52    4.23
 -40659.756    71.388     1.43    3.91
 -40372.980    71.557     0.59    3.64
 -40086.201    71.150    -1.42    3.86
 -39799.418    69.192    -6.83    4.57
 -39512.631    67.336    -6.47    4.24
 -39225.840    65.779    -5.43    3.71
 -38939.045    64.465    -4.58    3.10
 -38652.246    63.500    -3.36    2.33
 -38365.443    62.878    -2.17    1.53
 -38078.637    62.743    -0.47    1.55
 -37791.826    62.497    -0.86    1.61
 -37505.012    62.184    -1.09    1.94
 -37218.194    61.711    -1.65    2.39
 -36931.372    61.136    -2.01    2.67
 -36644.546    60.593    -1.89    2.94
 -36357.716    60.143    -1.57    2.99
 -36071.095    59.486    -2.29    3.21
 -35785.012    59.238    -0.87    3.25
 -35498.926    59.048    -0.67    3.27
 -35212.837    58.918    -0.45    3.25
 -34926.745    58.554    -1.27    3.28
 -34640.649    58.443    -0.39    3.24
 -34354.551    58.214    -0.80    3.19
 -34068.449    57.993    -0.77    3.10
 -33782.344    57.524    -1.64    2.98
 -33496.236    57.116    -1.43    2.80
 -33210.125    56.721    -1.38    2.57
 -32924.011    56.269    -1.58    2.34
 -32637.894    55.714    -1.94    2.00
 -32351.773    55.418    -1.03    1.77
 -32065.650    55.113    -1.07    1.45
 -31779.523    54.821    -1.02    1.37
 -31493.393    54.590    -0.81    1.28
 -31207.260    54.401    -0.66    1.27
 -30921.124    54.247    -0.54    1.28
 -30634.985    54.146    -0.35    1.16
 -30348.843    54.029    -0.41    1.05
 -30062.697    53.908    -0.42    1.09
 -29776.549    53.773    -0.47    1.21
 -29490.397    53.546    -0.79    1.35
 -29204.242    53.371    -0.61    1.48
 -28918.084    53.281    -0.31    1.55
 -28631.923    53.166    -0.40    1.67
 -28345.759    52.958    -0.72    1.91
 -28059.592    52.810    -0.52    2.01
 -27773.421    52.035    -2.71    2.85
 -27487.248    50.972    -3.72    3.53
 -27201.071    49.667    -4.56    3.94
 -26914.891    48.280    -4.85    3.74
 -26628.708    46.894    -4.84    3.75
 -26342.522    45.290    -5.61    3.80
 -26056.333    43.493    -6.28    4.99
 -25770.141    42.430    -3.72    5.90
 -25483.945    41.461    -3.38    6.68
 -25197.747    41.383    -0.27    6.63
 -24911.545    41.613     0.80    6.88
 -24625.340    41.889     0.97    6.73
 -24339.132    42.331     1.54    6.50
 -24052.921    43.366     3.61    4.78
 -23766.707    44.301     3.27    2.77
 -23480.489    44.176    -0.44    3.14
 -23194.269    41.957    -7.75    8.38
 -22908.045    38.319   -12.71   12.13
 -22621.818    34.394   -13.71   14.28
 -22335.589    30.720   -12.84   14.80
 -22049.356    26.196   -15.81   14.77
 -21763.119    23.641    -8.92   14.54
 -21476.880    24.250     2.13   15.28
 -21190.638    29.246    17.46   15.45
 -20904.392    33.972    16.51   14.89
 -20618.144    37.486    12.28   13.38
 -20331.892    40.879    11.86   10.41
 -20045.637    43.776    10.12    5.77
 -19759.379    44.090     1.09    2.96
 -19473.118    42.493    -5.58    5.98
 -19186.853    39.868    -9.17   10.40
 -18900.586    36.831   -10.61   13.27
 -18614.315    32.979   -13.46   15.15
 -18328.042    28.571   -15.40   16.00
 -18041.765    24.400   -14.57   15.35
 -17755.485    21.294   -10.85   13.67
 -17469.202    19.905    -4.85   12.40
 -17182.915    20.425     1.82   11.85
 -16896.626    23.279     9.97   12.78
 -16610.334    28.208    17.22   13.20
 -16324.038    33.245    17.59   12.19
 -16037.739    37.184    13.76    9.91
 -15751.437    38.978     6.27    9.89
 -15465.132    39.338     1.26   11.65
 -15178.824    40.619     4.47   12.16
 -14892.513    41.541     3.22   11.96
 -14606.198    42.800     4.40   11.31
 -14319.881    44.368     5.48    9.78
 -14033.560    45.593     4.28    6.67
 -13747.236    46.029     1.52    3.37
 -13460.909    44.714    -4.59    4.74
 -13174.579    43.883    -2.90    5.62
 -12888.246    43.027    -2.99    6.55
 -12601.910    41.795    -4.31    7.26
 -12315.570    41.692    -0.36    6.79
 -12029.228    43.179     5.19    4.15
 -11742.882    43.799     2.16    4.40
 -11456.533    41.458    -8.17   10.12
 -11170.181    37.993   -12.10   14.02
 -10883.826    33.776   -14.72   16.39
 -10597.468    29.789   -13.92   16.95
 -10311.106    25.068   -16.49   16.98
 -10024.742    20.252   -16.82   15.51
  -9738.374    15.972   -14.95   12.76
  -9452.003    12.369   -12.58    9.59
  -9165.629     9.621    -9.59    6.19
  -8879.252     8.780    -2.94    4.52
  -8592.872     9.070     1.01    3.63
  -8306.488     9.812     2.59    3.40
  -8020.102    10.055     0.85    3.25
  -7733.712    10.694     2.23    3.83
  -7447.320    13.285     9.04    9.30
  -7160.924    16.711    11.96   13.35
  -6874.525    20.050    11.66   16.50
  -6588.122    23.620    12.46   18.71
  -6301.717    29.000    18.79   19.44
  -6015.309    33.517    15.77   18.21
  -5728.897    35.397     6.56   16.40
  -5442.482    33.745    -5.77   15.35
  -5156.064    31.361    -8.32   13.43
  -4869.643    28.803    -8.93   11.93
  -4583.219    24.153   -16.23   12.04
  -4296.792    19.105   -17.62   10.05
  -4010.361    15.923   -11.11    8.16
  -3723.928    13.448    -8.64    7.77
  -3437.491    11.897    -5.42    7.33
  -3151.051    10.552    -4.69    7.62
  -2864.608    10.201    -1.23    9.08
  -2578.162    10.936     2.57   10.38
  -2291.713    11.829     3.12   10.94
  -2005.261    13.261     5.00   11.52
  -1718.805    14.678     4.95   12.40
  -1432.346    14.229    -1.57   13.21
  -1145.885    12.571    -5.79   13.23
   -859.420    10.172    -8.37   12.63
   -572.952     7.196   -10.39   11.57
   -286.480     3.894   -11.53    9.03
     -0.006     1.000   -10.10    4.47
    286.471     0.000    -3.49    0.00
    572.952     0.000     0.00    0.00
    859.436     0.000     0.00    0.00
   1145.923     0.000     0.00    0.00
   1432.413     0.000     0.00    0.00
   1718.906     0.000     0.00    0.00
   2005.402     0.000     0.00    0.00
   2291.902     0.631     2.20    3.31
   2578.405     4.417    13.21   10.59
   2864.910    10.771    22.18   17.10
   3151.419    19.800    31.51   21.47
   3437.931    29.408    33.53   22.62
   3724.447    39.054    33.67   20.00
   4010.965    46.767    26.92   13.68
   4297.486    51.921    17.99    5.54
   4584.011    53.745     6.37    2.72
   4870.539    54.590     2.95    2.26
   5157.070    54.839     0.87    2.88
   5443.604    54.575    -0.92    3.66
   5730.141    54.397    -0.62    4.49
   6016.681    54.361    -0.13    5.23
   6303.225    53.769    -2.06    6.05
   6589.771    52.479    -4.50    6.24
   6876.321    51.355    -3.92    5.90
   7162.874    50.711    -2.25    4.90
   7449.430    50.718     0.02    3.88
   7735.989    50.524    -0.68    2.92
   8022.551    50.014    -1.78    1.63
   8309.117    49.890    -0.43    1.45
   8595.686    49.217    -2.35    2.75
   8882.257    48.723    -1.72    3.42
   9168.832    49.021     1.04    3.84
   9455.410    49.866     2.95    4.56
   9741.992    51.479     5.63    5.71
  10028.576    53.870     8.34    6.13
  10315.163    56.303     8.49    5.46
  10601.754    58.524     7.75    3.77
  10888.348    60.049     5.32    2.53
  11174.945    61.141     3.81    1.61
  11461.545    61.873     2.56    0.91
  11748.148    62.268     1.38    0.97
  12034.754    62.732     1.62    1.12
  12321.364    63.393     2.31    1.14
  12607.976    64.007     2.14    1.13
  12894.592    64.503     1.73    1.10
  13181.211    64.923     1.46    0.99
  13467.833    65.390     1.63    0.89
  13754.458    65.700     1.08    0.89
  14041.087    65.951     0.87    1.06
  14327.718    66.127     0.61    1.32
  14614.353    66.194     0.24    1.61
  14900.991    66.027    -0.58    1.92
  15187.632    65.673    -1.23    2.09
  15474.276    65.590    -0.29    2.02
  15760.923    65.714     0.43    1.84
  16047.574    66.057     1.19    1.98
  16334.227    66.770     2.49    2.30
  16620.884    67.796     3.58    2.52
  16907.544    69.144     4.70    2.43
  17194.207    70.456     4.58    2.29
  17480.873    71.701     4.34    2.18
  17767.542    72.905     4.20    2.11
  18054.215    74.064     4.04    2.09
  18340.890    75.214     4.01    2.05
  18627.569    76.180     3.37    1.84
  18914.251    76.930     2.62    1.59
  19200.936    77.445     1.80    1.27
  19487.624    77.694     0.87    1.02
  19774.315    77.544    -0.52    1.12
  20061.010    76.917    -2.19    1.65
  20347.707    75.936    -3.42    2.28
  20634.408    74.667    -4.43    2.83
  20921.112    73.148    -5.30    3.12
  21207.819    71.641    -5.26    2.92
  21494.529    70.368    -4.44    2.40
  21781.243    69.469    -3.14    1.68
  22067.959    69.116    -1.23    1.11
  22354.679    69.278     0.56    1.24
  22641.402    69.901     2.17    1.83
  22928.128    70.979     3.76    2.43
  23214.857    72.397     4.95    2.95
  23501.589    74.190     6.25    3.33
  23788.325    76.082     6.60    3.48
  24075.063    78.083     6.98    3.64
  24361.805    80.266     7.61    3.86
  24648.550    82.417     7.50    3.99
  24935.298    84.709     8.00    4.04
  25222.049    86.730     7.05    3.69
  25508.803    88.514     6.22    3.25
  25795.346    90.007     5.21    2.62
  26081.504    91.259     4.37    2.08
  26367.665    92.159     3.14    1.79
  26653.828    92.952     2.77    1.85
  26939.994    93.574     2.17    1.95
  27226.162    94.174     2.09    2.01
  27512.332    94.874     2.45    2.17
  27798.505    95.757     3.09    2.31
  28084.680    96.482     2.53    2.43
  28370.858    97.227     2.60    2.64
  28657.038    98.144     3.20    2.98
  28943.221    99.552     4.92    3.51
  29229.406   101.226     5.85    3.98
  29515.593   102.844     5.65    4.15
  29801.783   104.619     6.20    4.21
  30087.975   106.414     6.27    4.07
  30374.169   108.143     6.04    3.77
  30660.366   109.586     5.04    3.44
  30946.566   110.827     4.34    3.18
  31232.767   112.099     4.44    3.11
  31518.972   113.180     3.78    3.08
  31805.178   114.071     3.11    3.10
  32091.387   114.993     3.22    3.15
  32377.598   115.585     2.07    3.16
  32663.812   115.980     1.38    3.27
  32950.028   116.129     0.52    3.47
  33236.247   116.153     0.08    3.51
  33522.468   116.175     0.08    3.41
  33808.691   116.366     0.67    3.34
  34094.917   116.454     0.31    3.32
  34381.146   116.718     0.92    3.31
  34667.376   117.064     1.21    3.28
  34953.609   117.434     1.29    3.35
  35239.845   117.712     0.97    3.48
  35526.083   118.090     1.32    3.58
  35812.323   118.285     0.68    3.64
  36098.566   118.582     1.04    3.65
  36384.811   118.701     0.42    3.52
  36671.058   118.887     0.65    3.23
  36957.308   119.254     1.28    3.05
  37243.560   119.574     1.12    3.02
  37529.815   119.880     1.07    3.12
  37816.072   120.280     1.40    3.37
  38102.332   120.750     1.64    3.89
  38388.594   120.728    -0.08    5.07
  38674.858   120.408    -1.12    5.84
  38961.125   120.259    -0.52    5.94
  39247.394   120.188    -0.25    5.74
  39533.666   120.582     1.38    5.39
  39819.940   121.007     1.49    5.06
  40106.216   121.592     2.04    4.54
  40392.495   122.338     2.61    4.17
  40678.776   122.964     2.19    3.69
  40965.060   123.863     3.14    3.37
  41251.346   124.683     2.86    2.95
  41537.634   125.197     1.80    2.72
  41823.925   125.707     1.78    2.44
  42110.219   126.151     1.55    2.13
  42396.514   126.910     2.65    2.00
  42682.812   127.686     2.71    1.98
  42969.113   128.496     2.83    2.09
  43255.416   129.433     3.27    2.17
  43541.721   130.376     3.29    2.23
  43828.029   131.378     3.50    2.28
  44114.339   132.236     3.00    2.15
  44400.652   132.966     2.55    2.07
  44686.967   133.774     2.82    2.15
  44973.284   134.764     3.46    2.49
  45259.604   135.889     3.93    3.43
  45545.926   137.028     3.98    4.12
  45832.251   138.535     5.26    4.93
  46118.578   140.465     6.74    5.62
  46404.907   142.291     6.38    5.81
  46691.239   144.157     6.52    5.96
  46977.573   146.264     7.36    6.18
  47263.910   148.200     6.76    6.65
  47550.249   149.945     6.09    6.78
  47836.591   151.799     6.47    6.58
  48122.935   153.479     5.87    6.06
  48409.281   154.720     4.33    5.35
  48695.630   155.596     3.06    4.39
  48981.981   156.071     1.66    3.56
  49268.335   155.993    -0.27    3.10
  49554.691   155.511    -1.68    2.84
  49841.049   154.692    -2.86    2.57
  50127.410   153.932    -2.66    2.11
  50413.773   153.429    -1.76    1.65
  50700.139   153.051    -1.32    1.33
  50986.507   152.824    -0.79    1.12
  51272.877   152.698    -0.44    0.85
