# NaN NaN NaN ;Mean Elev.(m), Avg Gradient(m/km), RMS Gradient(m/km) - SRTM1     
#   95.539  -3.798  13.688 ;Mean Elev.(m), Avg Gradient(m/km), RMS Gradient(m/km) - ASTER GDEM
#  103.003  -5.299  13.859 ;Mean Elev.(m), Avg Gradient(m/km), RMS Gradient(m/km) - GMTED2010 
   1 236.701236  63.100634   278.665   278.665  2 54665.96812913  1.564
   2 236.705927  63.100385   223.658   223.847  4 54675.88377417  5.397
   4 236.706698  63.103679   221.960   222.271  4 54695.71505883  6.677
   6 236.704676  63.100758   223.405   223.378  4 54715.54635058  9.717
  10 236.705658  63.098213   223.020   222.973  5 54755.20894276 11.873
  11 236.706056  63.098160   285.438   285.149  4 54765.12458815  3.465
  13 236.708397  63.093875   223.204   223.130  5 54784.95587129 10.918
  14 236.707829  63.094405   222.631   222.696  5 54794.87150961 12.703
  16 236.705851  63.100651   222.197   222.397  4 54814.70278384 14.427
  17 236.706445  63.100997   222.212   222.501  4 54824.61842947 13.570
  18 236.706331  63.099264   221.512   221.820  5 54834.53406950 13.567
  19 236.705271  63.098423   221.316   221.334  5 54844.44971940 13.288
  20 236.706521  63.098563   222.042   221.260  5 54854.36536849 12.879
  21 236.705580  63.100370   221.556   221.614  4 54864.28101697 13.202
  22 236.705953  63.100901   221.852   221.806  4 54874.19666541 12.869
  23 236.706513  63.099777   221.714   222.030  5 54884.11231149 12.399
  24 236.705710  63.097248   221.697   221.805  5 54894.02795419 11.687
  25 236.708195  63.094153   221.584   221.432  5 54903.94359460 10.382
  26 236.706317  63.094335   221.235   220.873  5 54913.85923317 10.244
  27 236.707065  63.095864   221.874   221.581  5 54923.77487126  9.997
  28 236.708269  63.097745   223.483   224.071  5 54933.69050858  8.818
  29 236.707028  63.098928   227.586   226.540  5 54943.60614384  5.514
  30 236.705811  63.098404   223.423   223.293  4 54953.52177718 12.532
  31 236.706651  63.095980   223.624   223.405  5 54963.43742207 17.467
  32 236.707263  63.095266   225.322   225.162  5 54973.35307064 10.720
  33 236.706345  63.097139   224.603   224.735  6 54983.26871797 10.307
  35 236.705632  63.100312   224.655   224.680  4 55003.10001129 10.159
  36 236.707108  63.099347    99.916    98.607  5 55013.01565595 21.363
  37 236.704826  63.099024   224.218   224.175  5 55022.93129883 10.468
  38 236.705183  63.099470   223.708   223.774  4 55032.84694116  7.373
  39 236.704627  63.101111   223.356   223.406  5 55042.76258263  6.874
  40 236.705502  63.102242   223.633   223.581  4 55052.67822274  5.635
  41 236.706180  63.101504   223.915   223.970  5 55062.59386081  5.865
  42 236.703937  63.099391   219.023   219.606  5 55072.50950495  6.371
  43 236.704978  63.096292   223.245   223.089  5 55082.42515378  7.492
  44 236.706836  63.094993   228.269   223.672  6 55092.34080083  6.676
  45 236.706991  63.095859   224.612   224.276  6 55102.25644714  7.016
  46 236.707298  63.097167   223.228   223.123  5 55112.17209307  9.792
  47 236.706512  63.097519   221.979   222.139  5 55122.08773672 11.497
  48 236.707852  63.096018   219.312   219.559  5 55132.00337789 10.378
  49 236.708966  63.094271   182.338   180.566  5 55141.91901708 13.424
  50 236.707019  63.094965   222.411   222.447  6 55151.83465520 10.474
  51 236.704597  63.097691   221.595   221.609  5 55161.75029333 12.193
  52 236.706576  63.099881   221.260   221.643  5 55171.66593156 15.047
  53 236.704804  63.101992   221.056   221.235  4 55181.58156790 15.491
  54 236.705188  63.100971   221.438   221.393  5 55191.49721772 14.290
  55 236.703848  63.100311   220.933   220.788  5 55201.41286789 14.600
  56 236.705771  63.099656   221.329   221.623  4 55211.32851764 13.531
  57 236.705040  63.100219   221.285   221.089  4 55221.24416653 13.003
  58 236.705056  63.099613   221.128   221.097  5 55231.15981446 13.103
  59 236.706609  63.097964   221.579   221.387  5 55241.07545943 13.182
  60 236.707246  63.095886   221.364   221.242  5 55250.99110083 11.478
  61 236.708754  63.094226   221.516   221.485  5 55260.90674006 11.609
  62 236.707032  63.095021   221.146   221.017  5 55270.82237797 11.015
  63 236.706424  63.096475   221.107   221.081  6 55280.73801587 11.472
  64 236.706148  63.097772   222.202   222.238  5 55290.65365262 10.201
  66 236.707773  63.096651   224.132   224.115  5 55310.48493367 16.987
  67 236.706439  63.095849   224.054   224.073  5 55320.40057928 13.178
  68 236.706979  63.095797   225.660   224.697  6 55330.31622383  7.544
  69 236.705137  63.097592   223.906   223.896  5 55340.23186780  9.438
  70 236.704866  63.099182    93.959    93.962  5 55350.14751168 49.735
  71 236.705728  63.099946   223.269   223.291  5 55360.06315366  7.069
  72 236.703365  63.100724   222.892   222.855  5 55369.97879321  6.864
  73 236.704465  63.100820   227.011   226.803  4 55379.89443170  7.512
  74 236.705185  63.101474   223.576   223.757  4 55389.81006945  7.982
  75 236.706338  63.101958    93.459    93.458  4 55399.72570622 49.423
  76 236.704805  63.101336   223.585   223.669  5 55409.64135332  8.133
  77 236.705290  63.098715    93.364    93.355  5 55419.55700417 48.510
  78 236.707130  63.096038   225.311   224.793  5 55429.47265182  9.314
  79 236.707872  63.095214   224.502   224.507  5 55439.38829657 11.122
  80 236.706770  63.096260    93.955    93.972  6 55449.30393946 49.288
  81 236.707108  63.097038    93.212    93.226  5 55459.21958212 48.914
  82 236.708018  63.096891    92.508    92.543  5 55469.13522409 51.242
  83 236.706450  63.096680   224.548   224.598  6 55479.05086263  7.815
  84 236.708033  63.096059   223.433   223.507  5 55488.96649866  8.659
  85 236.705433  63.097363   222.584   222.651  5 55498.88213191 13.132
  86 236.708169  63.098073   222.573   222.585  5 55508.79777162 14.656
  87 236.704720  63.099516   221.640   221.507  5 55518.71342136 16.095
  88 236.703721  63.100251   221.288   221.731  5 55528.62907049 15.977
  89 236.705057  63.099859   221.514   221.958  5 55538.54471808 16.448
  90 236.705507  63.099638   221.473   221.518  5 55548.46036329 17.194
  91 236.703358  63.100382   218.552   221.050  5 55558.37600636 17.043
  92 236.704414  63.100888   216.299   216.623  5 55568.29164883 16.900
  93 236.705988  63.100652   220.411   221.663  4 55578.20729056 15.206
  94 236.706680  63.099247   221.502   221.273  5 55588.12293004 13.884
  95 236.704865  63.097849   221.796   221.971  5 55598.03856626 12.079
  96 236.706895  63.096483   222.620   222.203  5 55607.95420020 10.411
  97 236.704641  63.097954   222.362   222.417  5 55617.86983160  8.531
  98 236.706096  63.099100   221.768   221.917  5 55627.78547760 10.422
  99 236.705422  63.099596   221.576   221.623  5 55637.70112899 10.376
 100 236.707962  63.097892   222.323   222.282  5 55647.61677885  9.888
 101 236.706668  63.096029   222.546   222.359  5 55657.53242547  7.494
 102 236.707358  63.094785   223.793   223.544  5 55667.44806797  6.086
 103 236.707409  63.095761   223.598   222.904  5 55677.36370738  6.033
 104 236.706133  63.098518   223.247   223.481  5 55687.27934454 10.209
 105 236.704044  63.101193   224.046   224.045  5 55697.19498037 18.476
 106 236.705780  63.101769   224.183   224.111  5 55707.11061542 13.274
 107 236.706836  63.100315    95.127    95.086  5 55717.02626652 52.020
 108 236.707045  63.099482   224.132   224.079  5 55726.94191516  7.199
 109 236.703678  63.100667    95.318    95.328  5 55736.85756163 51.362
 110 236.705626  63.101009   224.211   224.333  4 55746.77320745  6.454
 111 236.704433  63.101113   224.336   224.395  4 55756.68885102  5.603
 112 236.705679  63.099169   225.664   225.754  5 55766.60449247  6.411
 113 236.707743  63.096386   224.791   224.565  5 55776.52013111  8.275
 114 236.706323  63.095602   224.632   224.637  5 55786.43576641  8.149
 115 236.704390  63.097629   224.429   224.296  5 55796.35139953  7.333
 116 236.705232  63.099636    93.626    93.645  4 55806.26704028 46.482
 117 236.705682  63.100483   225.541   225.127  5 55816.18268922  8.640
 118 236.705856  63.099273   223.918   223.780  4 55826.09833535  8.266
 119 236.708706  63.096681    92.950    92.978  5 55836.01397744 49.059
 120 236.706765  63.096020   231.042   232.757  6 55845.92961557  8.698
 121 236.703855  63.098383   222.865   222.825  5 55855.84525073  9.071
 122 236.703500  63.100966   221.963   221.969  5 55865.76089215 16.669
 123 236.704525  63.102012   222.284   222.391  5 55875.67654498 15.837
 124 236.704596  63.101857   221.539   221.289  5 55885.59219197 17.053
 125 236.704487  63.101134   218.469   219.813  4 55895.50783312 17.714
 126 236.703729  63.101043   221.189   221.331  5 55905.42346886 15.588
 127 236.704478  63.101296   221.465   221.610  5 55915.33911115 15.603
 128 236.705226  63.101215   221.557   221.689  4 55925.25476491 15.743
 129 236.705907  63.100780   221.939   221.787  4 55935.17041544 15.213
 130 236.707117  63.098422   222.734   222.804  5 55945.08606145 10.970
 131 236.708490  63.095352   222.888   222.893  5 55955.00170319 10.035
 132 236.708523  63.093969   222.536   222.510  6 55964.91734196  9.916
 133 236.705435  63.096038   222.650   222.699  5 55974.83297879  9.466
 134 236.703733  63.099498   221.657   221.581  5 55984.74861466 10.501
 135 236.706285  63.101276   222.629   223.246  4 55994.66424865 10.917
 136 236.705781  63.099744   222.469   222.296  4 56004.57990084  9.554
 137 236.708705  63.095996   222.354   222.013  5 56014.49555005  8.889
 138 236.706799  63.094749   222.124   222.170  5 56024.41119539  8.017
 139 236.704885  63.096461   234.245   234.257  5 56034.32683822  1.799
 140 236.705350  63.099464   223.078   223.199  4 56044.24247900  8.084
 141 236.705751  63.101883   224.131   224.088  5 56054.15811709 18.068
 142 236.703673  63.103152   223.627   223.452  4 56064.07375152 14.492
 143 236.706141  63.101202   224.092   224.165  4 56073.98939500  8.796
 144 236.706828  63.099498   224.122   224.034  5 56083.90504500  7.495
 145 236.704343  63.099899   227.116   228.344  5 56093.82069218 12.620
 146 236.703951  63.100758   223.736   223.805  5 56103.73633737  8.304
 147 236.705298  63.100270   223.776   223.831  4 56113.65196838  8.055
 148 236.707736  63.098710   224.160   224.055  5 56123.56760741  5.757
 149 236.704575  63.097891   223.618   223.655  5 56133.48324188  5.002
 150 236.704833  63.096930   100.461   102.648  5 56143.39888062 20.422
 151 236.708223  63.096137   225.963   226.451  5 56153.31453147  8.303
 152 236.704803  63.098404   224.171   223.762  5 56163.23017995  6.351
 153 236.703903  63.099807   223.507   223.582  5 56173.14582670 11.818
 154 236.703793  63.099624   223.956   223.823  5 56183.06146871 10.444
 155 236.707533  63.097289   224.348   224.293  5 56192.97710755 11.481
 156 236.705218  63.096991    92.587    92.631  5 56202.89274297 38.311
 157 236.704738  63.098695   223.212   223.197  5 56212.80837668 11.116
 158 236.705855  63.101866   222.549   222.518  5 56222.72400849 14.586
 159 236.703493  63.103649   222.100   222.126  4 56232.63966435 13.976
 160 236.706144  63.102579   222.045   222.162  4 56242.55531712 14.834
 161 236.705189  63.101145   222.086   222.068  5 56252.47096513 14.460
 162 236.705131  63.099918   221.896   221.927  5 56262.38660858 12.484
 163 236.704916  63.099890   221.961   222.034  5 56272.30224983 13.101
 164 236.705887  63.100097   221.634   222.057  5 56282.21789175 13.119
 165 236.704011  63.099852   220.657   220.466  5 56292.13354350 13.848
 166 236.707611  63.097280   221.035   220.992  5 56302.04919152 13.227
 167 236.707623  63.095469   220.016   221.229  5 56311.96483496 11.707
 168 236.707833  63.094916   220.680   221.599  5 56321.88047619 11.297
 169 236.707565  63.096171   222.361   222.747  5 56331.79611668 10.052
 170 236.705178  63.098484   221.872   221.396  5 56341.71175644  9.550
 171 236.703898  63.100091   221.457   221.319  5 56351.62739409  9.037
 172 236.706819  63.099033   222.246   222.424  5 56361.54303430  9.124
 173 236.708328  63.096915   222.492   222.552  5 56371.45868418  8.686
 174 236.706598  63.096605   222.498   222.773  5 56381.37433087  7.034
 175 236.704738  63.098189   228.704   229.149  5 56391.28997515  4.960
 176 236.704059  63.100309   224.656   223.610  5 56401.20561781  4.668
 178 236.704833  63.102277   217.544   217.615  4 56421.03689321  9.388
 179 236.705669  63.101778   223.998   223.882  4 56430.95253171 17.093
 180 236.706417  63.100138    95.248    95.262  5 56440.86818489 50.657
 181 236.705663  63.099484    97.320    97.334  4 56450.78383541 50.128
 182 236.703900  63.099301   223.791   223.822  5 56460.69948352  7.895
 183 236.707556  63.097328   225.416   223.947  5 56470.61512901  5.494
 184 236.704748  63.097111   228.404   226.579  5 56480.53077003  4.515
 185 236.704650  63.096905   219.590   219.547  5 56490.44640732  3.600
 186 236.706341  63.097456   221.438   221.503  6 56500.36204213  4.502
 187 236.704858  63.099522   223.386   223.297  5 56510.27767504  4.942
 188 236.705799  63.100127    93.431    93.449  5 56520.19331804 48.390
 189 236.706243  63.099366   218.310   218.173  5 56530.10897152  4.944
 190 236.705251  63.098728    93.359    93.364  5 56540.02462092 46.275
 191 236.703609  63.098414    93.021    93.090  5 56549.94026595 48.133
 192 236.707142  63.097941    99.866    99.561  5 56559.85590920 20.472
 193 236.705235  63.099740   224.595   224.872  5 56569.77155080  6.635
 194 236.705789  63.101446   222.690   222.858  5 56579.68719132 12.647
 195 236.704793  63.102858   222.916   222.946  4 56589.60282781 12.205
 196 236.706847  63.101710   222.761   222.723  4 56599.51847351 12.456
 197 236.704798  63.100565   222.389   222.410  4 56609.43412415 13.491
 198 236.705337  63.100131   222.565   222.558  5 56619.34977004 13.935
 199 236.705696  63.100323   222.529   222.577  4 56629.26541261 13.922
 200 236.706790  63.100035   222.650   222.581  5 56639.18105211 13.845
 201 236.705367  63.098866   222.157   222.075  5 56649.09669682 13.348
 202 236.704883  63.096588   221.975   221.949  5 56659.01234823 12.903
 203 236.707564  63.095095   222.525   222.417  5 56668.92799593 12.208
 204 236.704998  63.097016   221.999   221.950  5 56678.84364049 12.193
 205 236.706221  63.098558   222.081   222.222  5 56688.75928400 12.207
 206 236.703960  63.099823   221.965   221.905  5 56698.67492470 11.512
 207 236.706057  63.098919   222.391   222.185  5 56708.59056138 11.476
 208 236.705970  63.098096   221.849   222.061  5 56718.50620008 11.359
 210 236.708046  63.098099   222.432   222.369  5 56738.33750145 11.241
 211 236.705707  63.100583   221.894   221.859  4 56748.25314579 11.596
 212 236.705806  63.101769   222.017   221.927  5 56758.16878590 11.084
 213 236.706383  63.101893   223.440   223.383  4 56768.08442012  9.893
 214 236.704841  63.100761   227.844   227.762  4 56778.00006617 14.352
 215 236.704581  63.099295   224.334   224.389  5 56787.91572228 10.061
 216 236.707227  63.098183   229.970   229.993  5 56797.83137516 11.080
 217 236.707058  63.098549   224.944   224.764  5 56807.74702214 13.867
 218 236.703672  63.099138   224.476   223.809  5 56817.66266287  8.114
 219 236.705318  63.097626   224.269   224.292  5 56827.57830070  5.985
 221 236.705513  63.097237    95.558    95.633  5 56847.40956633 46.646
 222 236.706882  63.097793   225.929   225.104  5 56857.32521808  7.105
 223 236.707369  63.099136   223.935   223.915  5 56867.24087132  7.199
 224 236.705921  63.099473   225.652   225.152  5 56877.15652289  6.837
 225 236.703837  63.098605   225.303   225.904  5 56887.07217139  6.806
 226 236.706912  63.096102    92.498    92.414  5 56896.98781782 49.562
 227 236.706849  63.096090   228.736   229.627  5 56906.90346096  8.555
 228 236.707861  63.097892   226.448   224.637  5 56916.81910192  7.715
 229 236.705178  63.101391   223.468   223.582  4 56926.73474048  7.586
 230 236.707795  63.102542    91.864    91.848  4 56936.65037622 48.244
 231 236.706978  63.102827   223.347   223.471  4 56946.56600639  9.334
 232 236.704793  63.100466   222.481   222.492  4 56956.48166020 14.443
 233 236.708202  63.097923   222.864   223.069  5 56966.39730962 14.631
 234 236.706238  63.098938   222.582   222.570  5 56976.31295389 14.961
 235 236.704921  63.100824   222.350   222.380  5 56986.22859359 15.110
 236 236.706726  63.101108   222.450   222.506  4 56996.14422806 15.646
 237 236.705917  63.099450   222.142   222.120  5 57006.05987173 14.422
 238 236.706530  63.096145   222.033   221.996  5 57015.97552664 14.165
 239 236.706766  63.095077   222.179   222.151  6 57025.89117735 13.013
 240 236.707749  63.096635   222.365   222.444  5 57035.80682587 14.239
 241 236.706874  63.099153   221.886   221.771  5 57045.72247158 15.058
 242 236.706605  63.100187   221.667   221.853  5 57055.63811424 14.949
 243 236.705932  63.099345   221.552   221.715  5 57065.55375195 13.707
 244 236.705965  63.098654   221.920   221.885  5 57075.46938509 12.978
 245 236.704324  63.100182   221.164   221.381  5 57085.38501466 11.534
 246 236.705519  63.101197   221.181   221.554  5 57095.30067020 11.526
 247 236.706612  63.102209   221.628   221.503  4 57105.21632655 11.083
 248 236.706072  63.102594   221.600   221.701  4 57115.13197835 10.078
 249 236.705462  63.101203   228.575   225.669  3 57125.04762411  0.701
 250 236.705416  63.099293   224.386   224.399  5 57134.96326471 11.631
 251 236.705671  63.098653   223.998   224.166  5 57144.87890091 15.058
 252 236.704153  63.100333   223.752   223.620  5 57154.79453425 15.381
 253 236.704664  63.101674   222.389   222.949  5 57164.71017272  9.392
 254 236.704893  63.100917   227.339   227.396  4 57174.62582965  9.177
 255 236.703688  63.099092   223.633   223.537  5 57184.54148301  6.331
 256 236.704990  63.096392   140.258   140.444  5 57194.45713269 26.116
 257 236.706573  63.095135   230.628   230.921  5 57204.37276840  4.772
 258 236.704638  63.097073    92.884    92.874  5 57214.28841341 49.608
 259 236.705726  63.099319   224.099   224.159  4 57224.20405704  9.585
 260 236.705673  63.100772   224.285   224.311  5 57234.11969881  9.589
 261 236.705011  63.100565   223.684   223.519  5 57244.03533756  7.772
 262 236.703441  63.099984   223.948   223.660  5 57253.95097376  8.885
 263 236.704826  63.100232   223.891   223.890  4 57263.86660878  8.043
 264 236.704350  63.102531   223.954   224.272  4 57273.78224729 10.850
 265 236.706228  63.103275    92.130    92.127  4 57283.69790479 50.341
 266 236.704409  63.103407   223.387   223.389  4 57293.61355928 12.821
 267 236.705603  63.101129   235.198   232.976  5 57303.52921075  8.609
 268 236.705039  63.098792   223.416   223.245  5 57313.44485819  7.247
 269 236.705504  63.097369   221.876   221.886  5 57323.36050233  8.931
 270 236.704765  63.097994   222.449   222.425  5 57333.27614413 12.375
 271 236.705528  63.099238   222.547   222.561  5 57343.19178402 11.543
 272 236.706832  63.098245   222.346   222.130  5 57353.10743694 12.345
 273 236.706046  63.097451   222.192   222.149  5 57363.02308097 11.743
 274 236.707742  63.095803   222.377   222.419  5 57372.93872203 11.921
 275 236.706036  63.096439   222.048   222.070  5 57382.85436080 13.576
 276 236.707133  63.097907   222.501   222.624  5 57392.76999936 13.996
 277 236.706191  63.100548   221.938   221.781  4 57402.68563670 14.082
 278 236.703836  63.102062   221.714   221.643  4 57412.60128022 14.609
 279 236.705658  63.100595   221.758   221.925  5 57422.51693235 12.553
 280 236.705042  63.099580   221.351   221.449  5 57432.43258142 12.268
 281 236.705424  63.099437   221.445   221.291  4 57442.34822859 11.587
 282 236.705655  63.100521   221.667   221.812  4 57452.26387485 10.867
 283 236.704880  63.101817   221.594   221.765  4 57462.17951935 10.206
 284 236.704143  63.102277   221.718   221.801  4 57472.09516043 10.098
 285 236.706358  63.101073   223.378   223.577  4 57482.01079806  6.851
 286 236.704838  63.100431   223.132   223.196  4 57491.92643229  7.593
 287 236.704851  63.100701   233.753   234.069  4 57501.84206459  3.344
 288 236.704254  63.100589   224.426   224.338  5 57511.75771391 19.038
 289 236.703568  63.100160   223.617   223.752  5 57521.67336932 11.643
 290 236.704998  63.098934   223.757   223.733  5 57531.58902255  9.333
 291 236.705890  63.097506    94.768    94.722  5 57541.50467243 50.934
 292 236.704982  63.096853    94.294    94.215  5 57551.42031916 41.759
 293 236.708529  63.096172   210.328   210.239  5 57561.33596478  3.997
 294 236.708336  63.097296   225.297   225.258  5 57571.25160940  6.646
 295 236.705551  63.099079    94.646    93.733  5 57581.16725358 30.921
 296 236.704123  63.100122   233.101   234.006  5 57591.08289620  6.691
 297 236.706046  63.099808   233.237   233.628  5 57600.99853656  5.920
