# NaN NaN NaN ;Mean Elev.(m), Avg Gradient(m/km), RMS Gradient(m/km) - SRTM1     
#   45.603   0.393   4.977 ;Mean Elev.(m), Avg Gradient(m/km), RMS Gradient(m/km) - ASTER GDEM
#   60.991 -10.615  15.907 ;Mean Elev.(m), Avg Gradient(m/km), RMS Gradient(m/km) - GMTED2010 
   3    -1.275 54681.81675175  2.49 235.076059  64.541462  2.400 -100.00 -100.00 -100.00
   3    -0.510 54681.81675234  1.67 235.081776  64.540542  2.588 -100.00 -100.00 -100.00
   3    -0.123 54681.81675293  2.59 235.087492  64.539622  2.475 -100.00 -100.00 -100.00
   5     1.659 54701.64803469  2.84 235.078809  64.542309  3.016 -100.00 -100.00 -100.00
   5     1.965 54701.64803528  5.90 235.084526  64.541389  5.498 -100.00 -100.00 -100.00
   5     2.639 54701.64803587  3.08 235.090242  64.540469  2.126 -100.00 -100.00 -100.00
   7     4.551 54721.47933291 14.04 235.072428  64.539797 10.368 -100.00 -100.00 -100.00
   7     4.911 54721.47933350 15.01 235.078144  64.538877 11.647 -100.00 -100.00 -100.00
   7     5.258 54721.47933409 18.94 235.083860  64.537957 20.005 -100.00 -100.00 -100.00
   7     5.336 54721.47933468 15.84 235.089575  64.537037 13.565 -100.00 -100.00 -100.00
   8   192.964 54731.39498158  4.16 235.072523  64.538039  4.880 -100.00 -100.00 -100.00
   8   190.421 54731.39498217  3.02 235.078238  64.537119  3.924 -100.00 -100.00 -100.00
   8   188.259 54731.39498276  1.94 235.083953  64.536199  3.608 -100.00 -100.00 -100.00
   8   183.632 54731.39498335  3.27 235.089668  64.535279  3.836 -100.00 -100.00 -100.00
   9   180.712 54741.31062831  3.69 235.071070  64.537990  7.877 -100.00 -100.00 -100.00
   9   191.934 54741.31062890  0.77 235.076786  64.537070  4.401 -100.00 -100.00 -100.00
   9   195.848 54741.31062949  0.96 235.082501  64.536150  5.214 -100.00 -100.00 -100.00
   9   186.959 54741.31063008  1.48 235.088216  64.535230  5.254 -100.00 -100.00 -100.00
  10   193.140 54751.22627516  1.96 235.072172  64.538148  3.597 -100.00 -100.00 -100.00
  10   190.551 54751.22627575  1.47 235.077887  64.537227  3.588 -100.00 -100.00 -100.00
  10   187.680 54751.22627634  1.80 235.083603  64.536307  3.752 -100.00 -100.00 -100.00
  10   181.606 54751.22627693  2.39 235.089318  64.535387  3.569 -100.00 -100.00 -100.00
  14   183.396 54790.88884521  5.81 235.069655  64.537305  6.602 -100.00 -100.00 -100.00
  14   181.206 54790.88884580  5.99 235.075372  64.536385  6.233 -100.00 -100.00 -100.00
  14   178.235 54790.88884639  6.95 235.081088  64.535465  7.954 -100.00 -100.00 -100.00
  14   177.843 54790.88884698  4.71 235.086803  64.534545  4.626 -100.00 -100.00 -100.00
  15   191.087 54800.80448294  5.04 235.073374  64.537685  5.003 -100.00 -100.00 -100.00
  15   188.403 54800.80448353  5.25 235.079091  64.536765  5.106 -100.00 -100.00 -100.00
  15   177.469 54800.80448412  5.15 235.084807  64.535845  4.495 -100.00 -100.00 -100.00
  15   181.000 54800.80448471  5.21 235.090522  64.534925  5.099 -100.00 -100.00 -100.00
  16   180.655 54810.72012054  5.58 235.075495  64.538746  5.552 -100.00 -100.00 -100.00
  16   178.457 54810.72012113  5.07 235.081211  64.537826  4.810 -100.00 -100.00 -100.00
  16   177.227 54810.72012172  4.97 235.086927  64.536906  5.774 -100.00 -100.00 -100.00
  17   190.517 54820.63576018  3.82 235.073066  64.540433  4.685 -100.00 -100.00 -100.00
  17   188.990 54820.63576077  4.11 235.078783  64.539513  5.093 -100.00 -100.00 -100.00
  17   177.055 54820.63576136  3.92 235.084499  64.538593  4.841 -100.00 -100.00 -100.00
  17   179.557 54820.63576195  3.52 235.090215  64.537673  4.319 -100.00 -100.00 -100.00
  18   180.976 54830.55141278  2.99 235.075881  64.539813  4.128 -100.00 -100.00 -100.00
  18   177.929 54830.55141337  3.55 235.081597  64.538894  4.413 -100.00 -100.00 -100.00
  18   181.053 54830.55141396  3.55 235.087313  64.537973  5.218 -100.00 -100.00 -100.00
  19   181.311 54840.46705143  2.76 235.074286  64.539834  4.788 -100.00 -100.00 -100.00
  19   179.304 54840.46705202  2.93 235.080002  64.538914  4.631 -100.00 -100.00 -100.00
  19   177.635 54840.46705261  2.74 235.085717  64.537994  3.988 -100.00 -100.00 -100.00
  19   182.982 54840.46705320  1.88 235.091433  64.537074  3.218 -100.00 -100.00 -100.00
  21   193.148 54860.29834913  0.61 235.076731  64.540593  2.765 -100.00 -100.00 -100.00
  21   190.404 54860.29834972  0.79 235.082447  64.539673  3.092 -100.00 -100.00 -100.00
  21   188.432 54860.29835031  0.63 235.088163  64.538752  3.096 -100.00 -100.00 -100.00
  22   208.010 54870.21399758  0.03 235.075463  64.541353  3.260 -100.00 -100.00 -100.00
  22   205.332 54870.21399817  0.20 235.081179  64.540433  3.689 -100.00 -100.00 -100.00
  22   203.228 54870.21399876  0.42 235.086895  64.539512  3.345 -100.00 -100.00 -100.00
  24   119.733 54890.04528922  7.99 235.074182  64.538536  7.425 -100.00 -100.00 -100.00
  24   127.311 54890.04528981  8.14 235.079898  64.537616  7.802 -100.00 -100.00 -100.00
  24   116.750 54890.04529040  7.80 235.085614  64.536696  8.617 -100.00 -100.00 -100.00
  24   114.899 54890.04529099  8.46 235.091329  64.535775  8.423 -100.00 -100.00 -100.00
  25   121.120 54899.96092993  7.72 235.068777  64.537284  4.634 -100.00 -100.00 -100.00
  25   118.683 54899.96093052  8.33 235.074493  64.536364  4.625 -100.00 -100.00 -100.00
  25   115.862 54899.96093111  9.33 235.080209  64.535444  5.785 -100.00 -100.00 -100.00
  25   115.761 54899.96093170  8.84 235.085924  64.534524  5.583 -100.00 -100.00 -100.00
  27   162.147 54919.79220714  2.13 235.073478  64.537604  3.639 -100.00 -100.00 -100.00
  27   164.786 54919.79220773  0.90 235.079194  64.536684  3.888 -100.00 -100.00 -100.00
  30    54.383 54949.53911547 22.76 235.069650  64.538389 25.936 -100.00 -100.00 -100.00
  30    54.452 54949.53911606 26.27 235.075366  64.537470   -100 -100.00 -100.00 -100.00
  30    55.150 54949.53911665 26.32 235.081081  64.536550 30.401 -100.00 -100.00 -100.00
  30    54.766 54949.53911724 27.94 235.086796  64.535630   -100 -100.00 -100.00 -100.00
  31   198.631 54959.45475401  3.12 235.071451  64.537276  2.641 -100.00 -100.00 -100.00
  31   201.922 54959.45475460  3.10 235.077167  64.536357  2.373 -100.00 -100.00 -100.00
  31   203.614 54959.45475519  2.78 235.082882  64.535437  2.252 -100.00 -100.00 -100.00
  31   202.833 54959.45475578  3.11 235.088596  64.534517  2.416 -100.00 -100.00 -100.00
  34   108.724 54989.20169717 26.81 235.073331  64.539615 19.114 -100.00 -100.00 -100.00
  34   109.667 54989.20169776 29.14 235.079047  64.538695 17.748 -100.00 -100.00 -100.00
  34   109.119 54989.20169835 31.34 235.084762  64.537775   -100 -100.00 -100.00 -100.00
  34   114.030 54989.20169894 14.68 235.090477  64.536855  9.731 -100.00 -100.00 -100.00
  35   193.952 54999.11734431  2.82 235.071995  64.539822  3.046 -100.00 -100.00 -100.00
  35   191.713 54999.11734490  2.88 235.077711  64.538902  3.091 -100.00 -100.00 -100.00
  35   190.177 54999.11734549  2.68 235.083427  64.537982  2.821 -100.00 -100.00 -100.00
  35   200.243 54999.11734608  2.62 235.089142  64.537062  2.559 -100.00 -100.00 -100.00
  37   193.528 55018.94863356  3.43 235.072270  64.539679  3.513 -100.00 -100.00 -100.00
  37   190.895 55018.94863415  3.49 235.077987  64.538759  3.940 -100.00 -100.00 -100.00
  37   188.713 55018.94863474  3.10 235.083703  64.537839  3.386 -100.00 -100.00 -100.00
  37   198.789 55018.94863533  2.80 235.089418  64.536918  2.969 -100.00 -100.00 -100.00
  38   192.216 55028.86427623  2.08 235.075454  64.540216  3.163 -100.00 -100.00 -100.00
  38   190.042 55028.86427682  1.63 235.081171  64.539296  2.393 -100.00 -100.00 -100.00
  38   198.563 55028.86427741  1.49 235.086886  64.538376  2.721 -100.00 -100.00 -100.00
  39   179.786 55038.77991830  3.08 235.078078  64.541116  6.303 -100.00 -100.00 -100.00
  39   177.565 55038.77991889  3.65 235.083794  64.540196  5.981 -100.00 -100.00 -100.00
  39   176.138 55038.77991948  2.94 235.089510  64.539275  5.786 -100.00 -100.00 -100.00
  40   130.187 55048.69555883 19.72 235.077150  64.542116  7.062 -100.00 -100.00 -100.00
  40   130.646 55048.69555942 23.99 235.082866  64.541196 16.816 -100.00 -100.00 -100.00
  40   131.573 55048.69556001  8.46 235.088582  64.540276  5.205 -100.00 -100.00 -100.00
  42   176.078 55068.52683633  7.58 235.074621  64.539351 11.876 -100.00 -100.00 -100.00
  42   178.114 55068.52683692  3.79 235.080336  64.538431  6.641 -100.00 -100.00 -100.00
  42   176.058 55068.52683751  5.16 235.086052  64.537511  8.670 -100.00 -100.00 -100.00
  43   203.316 55078.44248756  0.84 235.085094  64.535127  5.475 -100.00 -100.00 -100.00
  43   200.860 55078.44248815  0.75 235.090808  64.534207  4.110 -100.00 -100.00 -100.00
  44   193.966 55088.35813348  0.01 235.067709  64.537353  3.788 -100.00 -100.00 -100.00
  44   183.856 55088.35813407  1.55 235.073424  64.536434  4.832 -100.00 -100.00 -100.00
  44   181.958 55088.35813466  0.35 235.079139  64.535514  4.017 -100.00 -100.00 -100.00
  44   179.361 55088.35813525  1.51 235.084854  64.534594  3.888 -100.00 -100.00 -100.00
  44   182.336 55088.35813584  1.08 235.090568  64.533673  3.973 -100.00 -100.00 -100.00
  45   131.512 55098.27377994  4.09 235.071695  64.537911  5.254 -100.00 -100.00 -100.00
  45   144.237 55098.27378053  2.57 235.077410  64.536991  4.091 -100.00 -100.00 -100.00
  45   132.624 55098.27378112  5.46 235.083125  64.536071  5.083 -100.00 -100.00 -100.00
  45   132.959 55098.27378171  7.17 235.088840  64.535150  5.633 -100.00 -100.00 -100.00
  46   183.275 55108.18942545  2.00 235.071551  64.539326  5.696 -100.00 -100.00 -100.00
  46   181.146 55108.18942604  1.84 235.077267  64.538406  5.338 -100.00 -100.00 -100.00
  46   187.480 55108.18942663  1.20 235.082982  64.537485  4.736 -100.00 -100.00 -100.00
  46   199.972 55108.18942722  1.02 235.088698  64.536565  4.127 -100.00 -100.00 -100.00
  47   119.254 55118.10507000 17.95 235.069807  64.539306  8.386 -100.00 -100.00 -100.00
  47   117.826 55118.10507059 18.32 235.075523  64.538386  8.660 -100.00 -100.00 -100.00
  47   116.768 55118.10507118 18.16 235.081239  64.537466  7.710 -100.00 -100.00 -100.00
  47   113.837 55118.10507177 19.57 235.086955  64.536545  9.284 -100.00 -100.00 -100.00
  48   183.873 55128.02071248  7.84 235.069481  64.537484  8.246 -100.00 -100.00 -100.00
  48   181.579 55128.02071307  7.08 235.075197  64.536564  7.671 -100.00 -100.00 -100.00
  48   179.264 55128.02071366  6.36 235.080913  64.535644  7.059 -100.00 -100.00 -100.00
  48   176.541 55128.02071425  6.45 235.086629  64.534724  7.924 -100.00 -100.00 -100.00
  49   184.257 55137.93635265  9.77 235.067681  64.536174  9.730 -100.00 -100.00 -100.00
  49   182.549 55137.93635324  8.66 235.073397  64.535254  8.940 -100.00 -100.00 -100.00
  49   180.327 55137.93635383  7.51 235.079113  64.534334  8.249 -100.00 -100.00 -100.00
  49   177.833 55137.93635442  7.72 235.084828  64.533414  9.514 -100.00 -100.00 -100.00
  49   175.525 55137.93635501  7.74 235.090543  64.532494  7.757 -100.00 -100.00 -100.00
  51    55.262 55157.76763074 31.50 235.083501  64.536673   -100 -100.00 -100.00 -100.00
  51    55.152 55157.76763133 29.39 235.089217  64.535753   -100 -100.00 -100.00 -100.00
  52   181.512 55167.68326729  4.24 235.071803  64.540876  6.021 -100.00 -100.00 -100.00
  52   179.737 55167.68326788  4.05 235.077520  64.539956  4.900 -100.00 -100.00 -100.00
  52   177.311 55167.68326847  4.32 235.083236  64.539036  5.919 -100.00 -100.00 -100.00
  52   178.232 55167.68326906  3.38 235.088952  64.538116  4.967 -100.00 -100.00 -100.00
  54   118.219 55187.51454913 10.44 235.075343  64.540258  7.128 -100.00 -100.00 -100.00
  54   116.412 55187.51454972 11.06 235.081059  64.539339  7.832 -100.00 -100.00 -100.00
  54   114.860 55187.51455031 11.28 235.086775  64.538419  7.586 -100.00 -100.00 -100.00
  55   118.593 55197.43020001  9.45 235.074535  64.539491  5.807 -100.00 -100.00 -100.00
  55   116.891 55197.43020060  9.44 235.080251  64.538571  5.794 -100.00 -100.00 -100.00
  55   114.982 55197.43020119 10.40 235.085966  64.537651  6.298 -100.00 -100.00 -100.00
  55   114.348 55197.43020178 10.31 235.091681  64.536730  6.416 -100.00 -100.00 -100.00
  56   117.602 55207.34584990  9.92 235.076027  64.539743  7.855 -100.00 -100.00 -100.00
  56   116.177 55207.34585049  9.68 235.081743  64.538823  6.268 -100.00 -100.00 -100.00
  56   115.212 55207.34585108  8.93 235.087458  64.537903  5.013 -100.00 -100.00 -100.00
  57   117.784 55217.26149913  8.41 235.077559  64.540881  5.777 -100.00 -100.00 -100.00
  57   115.708 55217.26149972  9.45 235.083275  64.539961  6.115 -100.00 -100.00 -100.00
  57   114.249 55217.26150031  9.66 235.088991  64.539041  7.182 -100.00 -100.00 -100.00
  58   118.550 55227.17714762  8.11 235.077648  64.541145  6.114 -100.00 -100.00 -100.00
  58   115.799 55227.17714821  8.84 235.083364  64.540224  6.921 -100.00 -100.00 -100.00
  58   114.500 55227.17714880  8.69 235.089080  64.539304  6.088 -100.00 -100.00 -100.00
  59   118.115 55237.09279305  8.55 235.073117  64.540207  8.475 -100.00 -100.00 -100.00
  59   117.765 55237.09279365  7.89 235.078833  64.539287  5.363 -100.00 -100.00 -100.00
  59   116.328 55237.09279424  7.44 235.084549  64.538366  4.991 -100.00 -100.00 -100.00
  59   114.508 55237.09279483  8.89 235.090265  64.537446  6.652 -100.00 -100.00 -100.00
  60   191.881 55247.00843549  1.08 235.072086  64.537523  4.094 -100.00 -100.00 -100.00
  60   188.369 55247.00843608  1.29 235.077802  64.536603  4.402 -100.00 -100.00 -100.00
  60   185.936 55247.00843667  1.91 235.083517  64.535683  5.321 -100.00 -100.00 -100.00
  60   180.727 55247.00843726  2.30 235.089232  64.534762  5.759 -100.00 -100.00 -100.00
  61   210.368 55256.92407533  0.99 235.070774  64.535589  3.868 -100.00 -100.00 -100.00
  61   207.030 55256.92407592  1.45 235.076490  64.534669  5.002 -100.00 -100.00 -100.00
  61   204.696 55256.92407651  1.32 235.082205  64.533749  4.565 -100.00 -100.00 -100.00
  61   201.111 55256.92407710  1.44 235.087920  64.532828  4.331 -100.00 -100.00 -100.00
  63   193.978 55276.75535254  0.68 235.073307  64.537750  4.185 -100.00 -100.00 -100.00
  63   192.301 55276.75535313  0.20 235.079022  64.536830  3.949 -100.00 -100.00 -100.00
  63   188.763 55276.75535372  0.57 235.084738  64.535910  3.442 -100.00 -100.00 -100.00
  63   197.406 55276.75535431  0.52 235.090452  64.534989  3.507 -100.00 -100.00 -100.00
  64   172.609 55286.67099079  0.93 235.084594  64.537750  3.993 -100.00 -100.00 -100.00
  64   175.019 55286.67099138  0.11 235.090309  64.536829  3.487 -100.00 -100.00 -100.00
  66   184.082 55306.50226501  2.05 235.069275  64.538168  5.176 -100.00 -100.00 -100.00
  66   187.205 55306.50226560  1.22 235.074990  64.537249  4.905 -100.00 -100.00 -100.00
  66   188.345 55306.50226619  0.24 235.080706  64.536329  4.075 -100.00 -100.00 -100.00
  66   185.996 55306.50226678  0.48 235.086420  64.535409  4.872 -100.00 -100.00 -100.00
  67   197.110 55316.41791186  2.83 235.068111  64.536430  2.786 -100.00 -100.00 -100.00
  67   196.698 55316.41791245  2.62 235.073826  64.535511  3.291 -100.00 -100.00 -100.00
  67   197.317 55316.41791304  2.26 235.079540  64.534591  2.377 -100.00 -100.00 -100.00
  67   201.330 55316.41791363  2.03 235.085254  64.533671  2.531 -100.00 -100.00 -100.00
  69   193.625 55336.24920192  2.16 235.072523  64.538339  4.537 -100.00 -100.00 -100.00
  69   191.138 55336.24920251  1.86 235.078238  64.537419  3.667 -100.00 -100.00 -100.00
  69   189.126 55336.24920310  2.07 235.083953  64.536499  4.583 -100.00 -100.00 -100.00
  69   196.338 55336.24920369  1.15 235.089667  64.535579  2.992 -100.00 -100.00 -100.00
  70    56.122 55346.16484594 45.64 235.075391  64.539975 25.267 -100.00 -100.00 -100.00
  70    56.125 55346.16484653 52.22 235.081107  64.539055 28.741 -100.00 -100.00 -100.00
  70    54.918 55346.16484712 49.73 235.086822  64.538135   -100 -100.00 -100.00 -100.00
  71   182.556 55356.08048825  0.60 235.072742  64.540915  4.157 -100.00 -100.00 -100.00
  71   180.390 55356.08048884  1.47 235.078459  64.539995  6.568 -100.00 -100.00 -100.00
  71   178.201 55356.08048944  2.26 235.084174  64.539075  7.316 -100.00 -100.00 -100.00
  72   181.397 55365.99612915  0.74 235.074957  64.540074  3.790 -100.00 -100.00 -100.00
  72   179.279 55365.99613033  0.59 235.086388  64.538234  4.720 -100.00 -100.00 -100.00
  74   165.296 55385.82740625  7.74 235.072641  64.540801 13.511 -100.00 -100.00 -100.00
  74   179.617 55385.82740684  3.64 235.078358  64.539881  6.746 -100.00 -100.00 -100.00
  74   160.539 55385.82740743  9.99 235.084074  64.538961 19.265 -100.00 -100.00 -100.00
  74   157.476 55385.82740802 10.42 235.089789  64.538041 19.975 -100.00 -100.00 -100.00
  75   207.287 55395.74304382  0.08 235.075708  64.541569  3.874 -100.00 -100.00 -100.00
  75   205.431 55395.74304441  0.22 235.081424  64.540649  3.488 -100.00 -100.00 -100.00
  76   175.205 55405.65868433  7.10 235.075498  64.542322 11.459 -100.00 -100.00 -100.00
  76   172.649 55405.65868492  7.39 235.081215  64.541403 10.765 -100.00 -100.00 -100.00
  76   175.462 55405.65868551  4.90 235.086931  64.540483  6.779 -100.00 -100.00 -100.00
  78   191.759 55425.48998397  2.90 235.072420  64.538286  4.690 -100.00 -100.00 -100.00
  78   181.079 55425.48998456  3.58 235.078135  64.537366  6.025 -100.00 -100.00 -100.00
  78   186.933 55425.48998515  2.76 235.083850  64.536446  5.055 -100.00 -100.00 -100.00
  78   178.894 55425.48998574  3.33 235.089565  64.535526  6.021 -100.00 -100.00 -100.00
  79   196.173 55435.40562917  1.40 235.067946  64.536742  4.975 -100.00 -100.00 -100.00
  79   194.321 55435.40562976  0.58 235.073661  64.535823  4.262 -100.00 -100.00 -100.00
  79   200.208 55435.40563035  0.94 235.079376  64.534903  4.504 -100.00 -100.00 -100.00
  79   196.909 55435.40563094  0.63 235.085090  64.533983  3.337 -100.00 -100.00 -100.00
  80   181.113 55445.32127345  3.08 235.069739  64.536310  7.625 -100.00 -100.00 -100.00
  80   199.020 55445.32127463  0.52 235.081168  64.534470  4.977 -100.00 -100.00 -100.00
  80   179.852 55445.32127522  1.44 235.086883  64.533550  5.664 -100.00 -100.00 -100.00
  81   194.023 55455.23691638  0.81 235.068643  64.538091  4.380 -100.00 -100.00 -100.00
  81   187.131 55455.23691697  1.25 235.074359  64.537171  4.577 -100.00 -100.00 -100.00
  81   185.072 55455.23691756  0.45 235.080074  64.536251  3.916 -100.00 -100.00 -100.00
  81   186.808 55455.23691815  0.61 235.085789  64.535331  3.709 -100.00 -100.00 -100.00
  83   190.602 55475.06819887  1.67 235.074726  64.539125  4.651 -100.00 -100.00 -100.00
  83   199.681 55475.06819946  0.18 235.080442  64.538205  3.095 -100.00 -100.00 -100.00
  83   186.208 55475.06820005  1.82 235.086158  64.537285  4.930 -100.00 -100.00 -100.00
  84   183.372 55484.98383516  5.82 235.071122  64.538188  8.433 -100.00 -100.00 -100.00
  84   186.627 55484.98383575  3.49 235.076838  64.537268  5.567 -100.00 -100.00 -100.00
  84   187.259 55484.98383634  3.69 235.082555  64.536348  6.161 -100.00 -100.00 -100.00
  84   177.067 55484.98383693  4.21 235.088270  64.535428  5.730 -100.00 -100.00 -100.00
  85   109.537 55494.89946988 21.45 235.072371  64.536439 12.111 -100.00 -100.00 -100.00
  85   109.907 55494.89947047 25.33 235.078087  64.535519 22.215 -100.00 -100.00 -100.00
  85   113.016 55494.89947106 21.30 235.083803  64.534599  8.507 -100.00 -100.00 -100.00
  85   112.890 55494.89947165 23.89 235.089518  64.533679 12.516 -100.00 -100.00 -100.00
  86   183.915 55504.81510302  6.54 235.068470  64.537868  9.052 -100.00 -100.00 -100.00
  86   181.916 55504.81510361  6.73 235.074186  64.536948  8.510 -100.00 -100.00 -100.00
  86   179.549 55504.81510420  6.87 235.079903  64.536029  9.123 -100.00 -100.00 -100.00
  86   177.364 55504.81510479  5.82 235.085619  64.535109  7.366 -100.00 -100.00 -100.00
  87   182.200 55514.73075333  7.31 235.071520  64.539257  8.154 -100.00 -100.00 -100.00
  87   180.298 55514.73075392  7.06 235.077237  64.538337  7.451 -100.00 -100.00 -100.00
  87   177.836 55514.73075451  5.26 235.082953  64.537417  5.383 -100.00 -100.00 -100.00
  87   178.702 55514.73075510  5.83 235.088669  64.536497  5.417 -100.00 -100.00 -100.00
  88   117.650 55524.64640319 14.92 235.074742  64.540799  5.842 -100.00 -100.00 -100.00
  88   111.723 55524.64640378 15.99 235.080458  64.539879  7.315 -100.00 -100.00 -100.00
  88   113.548 55524.64640437 15.98 235.086175  64.538959  7.188 -100.00 -100.00 -100.00
  88   113.674 55524.64640496 17.07 235.091891  64.538039  7.607 -100.00 -100.00 -100.00
  89   117.632 55534.56205107 14.57 235.075773  64.541147  8.657 -100.00 -100.00 -100.00
  89   115.866 55534.56205166 13.97 235.081490  64.540227  6.663 -100.00 -100.00 -100.00
  89   114.647 55534.56205225 14.51 235.087206  64.539307  6.976 -100.00 -100.00 -100.00
  90   181.427 55544.47769672  5.11 235.073094  64.540671  5.664 -100.00 -100.00 -100.00
  90   188.412 55544.47769731  4.39 235.078810  64.539751  5.230 -100.00 -100.00 -100.00
  90   177.067 55544.47769790  3.79 235.084526  64.538831  4.215 -100.00 -100.00 -100.00
  90   179.053 55544.47769849  3.91 235.090242  64.537910  4.508 -100.00 -100.00 -100.00
  91   181.017 55554.39334087  5.48 235.074689  64.539622  6.331 -100.00 -100.00 -100.00
  91   178.616 55554.39334146  5.33 235.080405  64.538702  5.669 -100.00 -100.00 -100.00
  91   176.757 55554.39334205  4.46 235.086121  64.537782  4.723 -100.00 -100.00 -100.00
  92   180.433 55564.30898383  5.40 235.075739  64.539720  6.773 -100.00 -100.00 -100.00
  92   177.919 55564.30898442  4.97 235.081455  64.538800  5.091 -100.00 -100.00 -100.00
  92   176.707 55564.30898501  4.89 235.087171  64.537880  4.912 -100.00 -100.00 -100.00
  93   180.450 55574.22462604  3.91 235.075922  64.540503  4.480 -100.00 -100.00 -100.00
  93   178.051 55574.22462663  5.04 235.081638  64.539583  5.716 -100.00 -100.00 -100.00
  93   176.665 55574.22462722  4.30 235.087354  64.538663  5.167 -100.00 -100.00 -100.00
  94   181.466 55584.14026642  4.38 235.072245  64.541010  6.602 -100.00 -100.00 -100.00
  94   179.603 55584.14026701  3.09 235.077962  64.540091  4.845 -100.00 -100.00 -100.00
  94   186.581 55584.14026760  2.55 235.083678  64.539170  3.942 -100.00 -100.00 -100.00
  94   184.634 55584.14026819  2.39 235.089394  64.538250  4.047 -100.00 -100.00 -100.00
  95   193.160 55594.05590381  1.93 235.071670  64.539923  4.063 -100.00 -100.00 -100.00
  95   191.460 55594.05590440  1.57 235.077387  64.539004  3.945 -100.00 -100.00 -100.00
  95   188.404 55594.05590499  1.29 235.083103  64.538084  3.388 -100.00 -100.00 -100.00
  95   197.816 55594.05590558  1.01 235.088819  64.537163  3.776 -100.00 -100.00 -100.00
  97   192.480 55613.88717021  1.75 235.073535  64.537491  4.036 -100.00 -100.00 -100.00
  97   191.915 55613.88717080  1.16 235.079251  64.536572  3.956 -100.00 -100.00 -100.00
  97   188.037 55613.88717139  1.06 235.084967  64.535652  3.119 -100.00 -100.00 -100.00
  97   197.344 55613.88717198  0.51 235.090682  64.534732  3.119 -100.00 -100.00 -100.00
  98   203.870 55623.80280896  0.33 235.083679  64.536449  4.324 -100.00 -100.00 -100.00
  98   202.977 55623.80280955  0.12 235.089395  64.535529  3.474 -100.00 -100.00 -100.00
 105   192.817 55693.21231815  0.71 235.073144  64.539245  3.454 -100.00 -100.00 -100.00
 105   190.094 55693.21231874  0.93 235.078860  64.538326  3.680 -100.00 -100.00 -100.00
 105   196.843 55693.21231933  0.70 235.084575  64.537406  3.548 -100.00 -100.00 -100.00
 105   193.662 55693.21231992  0.13 235.090290  64.536486  3.150 -100.00 -100.00 -100.00
 106   193.743 55703.12795366  5.16 235.072443  64.541501  2.598 -100.00 -100.00 -100.00
 106   191.737 55703.12795425  5.06 235.078159  64.540582  2.536 -100.00 -100.00 -100.00
 106   195.634 55703.12795484  4.92 235.083875  64.539662  2.366 -100.00 -100.00 -100.00
 106   197.958 55703.12795543  4.72 235.089591  64.538742  2.509 -100.00 -100.00 -100.00
 107   190.741 55713.04359828  1.20 235.077309  64.541431  3.779 -100.00 -100.00 -100.00
 107   198.488 55713.04359887  0.05 235.083026  64.540512  2.888 -100.00 -100.00 -100.00
 107   185.645 55713.04359946  0.33 235.088742  64.539592  2.583 -100.00 -100.00 -100.00
 108   185.930 55722.95924748  1.53 235.076044  64.540991  3.792 -100.00 -100.00 -100.00
 108   188.508 55722.95924807  0.49 235.081761  64.540072  3.501 -100.00 -100.00 -100.00
 108   186.369 55722.95924866  0.85 235.087477  64.539152  4.254 -100.00 -100.00 -100.00
 109   126.574 55732.87489478 19.80 235.075333  64.540502  8.984 -100.00 -100.00 -100.00
 109   131.045 55732.87489538 25.11 235.081050  64.539582  8.777 -100.00 -100.00 -100.00
 109   131.411 55732.87489597 25.77 235.086766  64.538662 17.976 -100.00 -100.00 -100.00
 110   128.919 55742.79054109  5.46 235.077167  64.540035  3.989 -100.00 -100.00 -100.00
 110   130.986 55742.79054168  6.89 235.082883  64.539115  4.558 -100.00 -100.00 -100.00
 110   131.692 55742.79054227  7.01 235.088599  64.538194  4.588 -100.00 -100.00 -100.00
 111   103.987 55752.70618558 23.38 235.074251  64.540390 10.262 -100.00 -100.00 -100.00
 111   108.401 55752.70618617 28.25 235.079967  64.539470 14.351 -100.00 -100.00 -100.00
 111   105.763 55752.70618676 30.54 235.085683  64.538550   -100 -100.00 -100.00 -100.00
 111   114.088 55752.70618735 10.78 235.091398  64.537629  7.593 -100.00 -100.00 -100.00
 112   180.545 55762.62182829  5.38 235.075771  64.539514  6.609 -100.00 -100.00 -100.00
 112   178.516 55762.62182888  4.94 235.081487  64.538594  6.889 -100.00 -100.00 -100.00
 112   181.361 55762.62182947  4.75 235.087202  64.537674  6.636 -100.00 -100.00 -100.00
 114   194.183 55782.45310391  1.17 235.071698  64.537759  4.025 -100.00 -100.00 -100.00
 114   196.582 55782.45310450  1.07 235.077414  64.536840  4.532 -100.00 -100.00 -100.00
 114   199.125 55782.45310509  0.89 235.083129  64.535920  3.505 -100.00 -100.00 -100.00
 114   186.570 55782.45310568  2.30 235.088843  64.535000  3.893 -100.00 -100.00 -100.00
 115   182.943 55792.36873749  1.55 235.072071  64.537788  5.430 -100.00 -100.00 -100.00
 115   190.767 55792.36873808  2.00 235.077787  64.536869  6.380 -100.00 -100.00 -100.00
 115   188.093 55792.36873867  1.22 235.083502  64.535949  4.258 -100.00 -100.00 -100.00
 115   185.500 55792.36873926  0.88 235.089216  64.535029  3.956 -100.00 -100.00 -100.00
 116   130.473 55802.28437137 23.11 235.073898  64.538677  9.048 -100.00 -100.00 -100.00
 116   130.953 55802.28437196 25.54 235.079613  64.537758  8.352 -100.00 -100.00 -100.00
 116   126.570 55802.28437255 21.01 235.085329  64.536838 20.060 -100.00 -100.00 -100.00
 116   132.748 55802.28437314 11.54 235.091044  64.535918  5.139 -100.00 -100.00 -100.00
 117   181.550 55812.20002132  2.31 235.074403  64.539207  4.355 -100.00 -100.00 -100.00
 117   179.347 55812.20002191  2.06 235.080119  64.538287  4.375 -100.00 -100.00 -100.00
 117   179.835 55812.20002250  2.03 235.085835  64.537367  3.405 -100.00 -100.00 -100.00
 117   183.996 55812.20002309  1.53 235.091550  64.536447  3.277 -100.00 -100.00 -100.00
 119   192.991 55832.03131313  1.55 235.073786  64.538619  4.529 -100.00 -100.00 -100.00
 119   190.583 55832.03131372  1.47 235.079503  64.537699  3.685 -100.00 -100.00 -100.00
 119   195.420 55832.03131431  0.99 235.085219  64.536779  3.061 -100.00 -100.00 -100.00
 119   185.875 55832.03131490  1.21 235.090935  64.535859  3.309 -100.00 -100.00 -100.00
 120   193.904 55841.94695179  2.50 235.069610  64.538541  5.128 -100.00 -100.00 -100.00
 120   192.164 55841.94695238  1.34 235.075327  64.537622  3.516 -100.00 -100.00 -100.00
 120   189.400 55841.94695298  1.43 235.081043  64.536702  4.036 -100.00 -100.00 -100.00
 120   187.459 55841.94695357  1.38 235.086759  64.535782  3.476 -100.00 -100.00 -100.00
 121   181.669 55851.86258804  2.91 235.071969  64.538285  7.260 -100.00 -100.00 -100.00
 121   180.377 55851.86258863  1.79 235.077686  64.537366  6.248 -100.00 -100.00 -100.00
 121   197.926 55851.86258922  0.11 235.083402  64.536446  3.698 -100.00 -100.00 -100.00
 122   181.947 55861.77822202  7.29 235.073386  64.539652  9.761 -100.00 -100.00 -100.00
 122   178.460 55861.77822261  6.99 235.079103  64.538732  8.615 -100.00 -100.00 -100.00
 122   177.126 55861.77822320  6.10 235.084819  64.537812  7.622 -100.00 -100.00 -100.00
 122   175.252 55861.77822379  5.47 235.090535  64.536892  7.421 -100.00 -100.00 -100.00
 123   181.187 55871.69387624  6.51 235.074605  64.540351  6.188 -100.00 -100.00 -100.00
 123   178.840 55871.69387683  5.96 235.080322  64.539431  5.622 -100.00 -100.00 -100.00
 123   176.845 55871.69387742  5.48 235.086038  64.538511  4.303 -100.00 -100.00 -100.00
 123   180.331 55871.69387801  5.31 235.091754  64.537591  4.239 -100.00 -100.00 -100.00
 124   116.745 55881.60952649 16.30 235.077504  64.540616  6.592 -100.00 -100.00 -100.00
 124   115.371 55881.60952708 17.16 235.083221  64.539696  7.115 -100.00 -100.00 -100.00
 124   114.165 55881.60952767 17.12 235.088937  64.538776  7.081 -100.00 -100.00 -100.00
 125   179.990 55891.52516973  5.72 235.076016  64.540977  5.641 -100.00 -100.00 -100.00
 125   176.979 55891.52517032  5.78 235.081732  64.540058  6.415 -100.00 -100.00 -100.00
 125   175.918 55891.52517091  6.61 235.087448  64.539138  6.126 -100.00 -100.00 -100.00
 126   118.118 55901.44080707 12.87 235.073624  64.541473  6.806 -100.00 -100.00 -100.00
 126   116.335 55901.44080766 14.71 235.079340  64.540553  7.916 -100.00 -100.00 -100.00
 126   115.432 55901.44080825 13.55 235.085056  64.539633  6.872 -100.00 -100.00 -100.00
 126   114.121 55901.44080884 14.17 235.090772  64.538713  6.869 -100.00 -100.00 -100.00
 127   117.491 55911.35644074 12.93 235.075475  64.541770  6.423 -100.00 -100.00 -100.00
 127   115.514 55911.35644133 13.53 235.081191  64.540851  6.820 -100.00 -100.00 -100.00
 127   114.249 55911.35644192 13.83 235.086908  64.539931  6.181 -100.00 -100.00 -100.00
 128   118.266 55921.27209504 12.68 235.073051  64.541811  6.973 -100.00 -100.00 -100.00
 128   116.156 55921.27209563 13.76 235.078768  64.540892  6.949 -100.00 -100.00 -100.00
 128   114.460 55921.27209622 13.77 235.084484  64.539972  5.781 -100.00 -100.00 -100.00
 128   113.747 55921.27209681 13.87 235.090200  64.539051  5.593 -100.00 -100.00 -100.00
 129   116.663 55931.18774731 12.41 235.075965  64.540529  7.289 -100.00 -100.00 -100.00
 129   115.640 55931.18774790 12.86 235.081682  64.539609  6.990 -100.00 -100.00 -100.00
 129   114.212 55931.18774849 12.78 235.087398  64.538689  6.470 -100.00 -100.00 -100.00
 130   117.221 55941.10339523 11.95 235.074827  64.538982  7.830 -100.00 -100.00 -100.00
 130   116.200 55941.10339582 11.13 235.080543  64.538062  6.374 -100.00 -100.00 -100.00
 130   114.646 55941.10339641 11.96 235.086259  64.537142  6.346 -100.00 -100.00 -100.00
 131   108.694 55951.01903814 13.11 235.068612  64.537929  7.978 -100.00 -100.00 -100.00
 131   117.544 55951.01903873 12.56 235.074328  64.537009  6.272 -100.00 -100.00 -100.00
 131   111.054 55951.01903932 13.98 235.080044  64.536089  9.133 -100.00 -100.00 -100.00
 131   114.839 55951.01903991 12.36 235.085760  64.535169  6.375 -100.00 -100.00 -100.00
 132   210.435 55960.93467816  0.46 235.072333  64.536536  4.723 -100.00 -100.00 -100.00
 132   207.338 55960.93467875  0.37 235.078049  64.535616  4.526 -100.00 -100.00 -100.00
 132   204.470 55960.93467934  0.94 235.083765  64.534696  4.659 -100.00 -100.00 -100.00
 132   201.955 55960.93467993  0.58 235.089480  64.533775  4.862 -100.00 -100.00 -100.00
 133   193.811 55970.85031537  0.69 235.071573  64.537529  3.873 -100.00 -100.00 -100.00
 133   191.914 55970.85031596  0.75 235.077289  64.536610  4.389 -100.00 -100.00 -100.00
 133   189.478 55970.85031655  0.60 235.083005  64.535690  3.641 -100.00 -100.00 -100.00
 133   199.113 55970.85031714  0.50 235.088720  64.534769  3.393 -100.00 -100.00 -100.00
 134   206.400 55980.76595181  0.95 235.074770  64.538841  4.185 -100.00 -100.00 -100.00
 134   204.250 55980.76595240  1.03 235.080487  64.537921  4.102 -100.00 -100.00 -100.00
 134   201.517 55980.76595299  0.59 235.086202  64.537001  3.656 -100.00 -100.00 -100.00
 135   207.064 55990.68158660  0.08 235.071930  64.540271  3.636 -100.00 -100.00 -100.00
 135   205.199 55990.68158719  0.56 235.077647  64.539351  4.178 -100.00 -100.00 -100.00
 135   201.669 55990.68158778  1.13 235.083363  64.538432  3.952 -100.00 -100.00 -100.00
 135   199.665 55990.68158838  0.46 235.089079  64.537512  3.154 -100.00 -100.00 -100.00
 137   202.616 56010.51288346  0.57 235.082594  64.536122  3.867 -100.00 -100.00 -100.00
 137   200.986 56010.51288405  0.17 235.088308  64.535202  3.115 -100.00 -100.00 -100.00
 139   210.155 56030.34417272  0.19 235.074097  64.537508  3.721 -100.00 -100.00 -100.00
 139   208.184 56030.34417331  0.37 235.079812  64.536588  3.371 -100.00 -100.00 -100.00
 142   191.062 56060.09109013  4.98 235.073868  64.541587  3.268 -100.00 -100.00 -100.00
 142   188.601 56060.09109072  4.14 235.079584  64.540667  3.120 -100.00 -100.00 -100.00
 142   186.491 56060.09109131  3.66 235.085300  64.539747  2.565 -100.00 -100.00 -100.00
 142   183.699 56060.09109190  3.52 235.091016  64.538827  2.463 -100.00 -100.00 -100.00
 143   206.802 56070.00672639  3.56 235.076071  64.541179  2.454 -100.00 -100.00 -100.00
 143   205.580 56070.00672698  3.11 235.081787  64.540259  2.291 -100.00 -100.00 -100.00
 143   204.368 56070.00672757  3.47 235.087503  64.539339  2.494 -100.00 -100.00 -100.00
 144   193.080 56079.92237749  1.17 235.077308  64.540237  3.297 -100.00 -100.00 -100.00
 144   199.541 56079.92237808  0.24 235.083024  64.539317  2.454 -100.00 -100.00 -100.00
 144   198.034 56079.92237867  0.72 235.088740  64.538397  2.939 -100.00 -100.00 -100.00
 145   204.412 56089.83802568  0.55 235.076803  64.540284  3.120 -100.00 -100.00 -100.00
 145   203.347 56089.83802627  0.31 235.082519  64.539364  3.193 -100.00 -100.00 -100.00
 145   201.600 56089.83802686  0.04 235.088235  64.538444  2.860 -100.00 -100.00 -100.00
 146   191.923 56099.75367098  1.22 235.072438  64.541571  4.149 -100.00 -100.00 -100.00
 146   208.938 56099.75367157  0.47 235.078154  64.540651  4.286 -100.00 -100.00 -100.00
 147   182.028 56109.66930307  0.78 235.075116  64.540740  5.357 -100.00 -100.00 -100.00
 147   202.144 56109.66930425  0.04 235.086548  64.538900  3.900 -100.00 -100.00 -100.00
 148   133.681 56119.58494349 15.18 235.074762  64.539154 12.627 -100.00 -100.00 -100.00
 148   133.487 56119.58494408 14.07 235.080478  64.538234 10.731 -100.00 -100.00 -100.00
 148   131.601 56119.58494467 11.65 235.086193  64.537314 10.436 -100.00 -100.00 -100.00
 150    55.158 56139.41621337 44.91 235.071134  64.537324 26.560 -100.00 -100.00 -100.00
 150    55.228 56139.41621396 48.06 235.076849  64.536404 25.678 -100.00 -100.00 -100.00
 150    55.260 56139.41621455 49.88 235.082564  64.535485   -100 -100.00 -100.00 -100.00
 150    55.020 56139.41621514 53.12 235.088278  64.534565  2.089 -100.00 -100.00 -100.00
 152   105.018 56159.24751190 24.76 235.074199  64.539374  9.700 -100.00 -100.00 -100.00
 152   107.607 56159.24751249 27.77 235.079915  64.538454 12.409 -100.00 -100.00 -100.00
 152   105.241 56159.24751308 27.23 235.085630  64.537534   -100 -100.00 -100.00 -100.00
 152   113.836 56159.24751367 16.41 235.091345  64.536614 10.863 -100.00 -100.00 -100.00
 153   105.254 56169.16315957 23.77 235.074460  64.540012  9.413 -100.00 -100.00 -100.00
 153   106.784 56169.16316016 28.24 235.080176  64.539092 20.537 -100.00 -100.00 -100.00
 153   109.403 56169.16316075 18.96 235.085892  64.538172  8.776 -100.00 -100.00 -100.00
 153   113.727 56169.16316134 16.52 235.091607  64.537252  4.356 -100.00 -100.00 -100.00
 154    54.604 56179.07880395 26.33 235.073407  64.538958 17.829 -100.00 -100.00 -100.00
 154    54.456 56179.07880454 26.72 235.079123  64.538038 20.005 -100.00 -100.00 -100.00
 154    54.856 56179.07880513 25.42 235.084839  64.537118 14.829 -100.00 -100.00 -100.00
 154    54.996 56179.07880572 27.93 235.090555  64.536198 19.070 -100.00 -100.00 -100.00
 155   193.960 56188.99444407  1.83 235.072110  64.537505  3.416 -100.00 -100.00 -100.00
 155   193.239 56188.99444466  1.13 235.077826  64.536586  2.789 -100.00 -100.00 -100.00
 155   189.303 56188.99444525  1.68 235.083542  64.535666  3.106 -100.00 -100.00 -100.00
 155   198.920 56188.99444584  1.84 235.089257  64.534745  3.195 -100.00 -100.00 -100.00
 156   194.260 56198.91008097  0.29 235.071549  64.537216  3.331 -100.00 -100.00 -100.00
 156   191.799 56198.91008156  0.81 235.077265  64.536297  3.539 -100.00 -100.00 -100.00
 156   187.751 56198.91008215  2.60 235.082981  64.535377  6.044 -100.00 -100.00 -100.00
 156   185.928 56198.91008274  0.98 235.088696  64.534456  4.576 -100.00 -100.00 -100.00
 157   183.027 56208.82571505  2.60 235.071416  64.539217  5.107 -100.00 -100.00 -100.00
 157   181.224 56208.82571564  2.24 235.077133  64.538297  4.966 -100.00 -100.00 -100.00
 157   179.648 56208.82571623  1.74 235.082850  64.537377  5.053 -100.00 -100.00 -100.00
 157   195.376 56208.82571682  0.76 235.088566  64.536457  3.201 -100.00 -100.00 -100.00
 158   180.887 56218.74134773  2.33 235.074860  64.541611  5.787 -100.00 -100.00 -100.00
 158   179.011 56218.74134833  1.67 235.080577  64.540691  4.620 -100.00 -100.00 -100.00
 158   184.660 56218.74134892  0.30 235.086294  64.539771  3.258 -100.00 -100.00 -100.00
 159   180.539 56228.65699414  4.49 235.075478  64.542891  6.198 -100.00 -100.00 -100.00
 159   177.777 56228.65699473  3.25 235.081195  64.541971  3.863 -100.00 -100.00 -100.00
 159   200.041 56228.65699532  2.72 235.086912  64.541051  4.745 -100.00 -100.00 -100.00
 159   195.558 56228.65699591  2.21 235.092628  64.540131  4.076 -100.00 -100.00 -100.00
 160   180.913 56238.57264803  5.08 235.073797  64.542291  5.026 -100.00 -100.00 -100.00
 160   178.526 56238.57264862  4.64 235.079515  64.541371  5.087 -100.00 -100.00 -100.00
 160   177.314 56238.57264921  4.11 235.085231  64.540451  4.330 -100.00 -100.00 -100.00
 160   182.087 56238.57264980  3.50 235.090947  64.539531  3.924 -100.00 -100.00 -100.00
 161   179.828 56248.48829862  6.37 235.077383  64.540243  6.111 -100.00 -100.00 -100.00
 161   177.374 56248.48829921  5.82 235.083099  64.539323  5.098 -100.00 -100.00 -100.00
 161   184.604 56248.48829980  5.99 235.088815  64.538403  5.475 -100.00 -100.00 -100.00
 162   182.050 56258.40394322  5.82 235.071312  64.540377  6.374 -100.00 -100.00 -100.00
 162   179.930 56258.40394381  5.93 235.077028  64.539457  6.041 -100.00 -100.00 -100.00
 162   177.303 56258.40394440  5.68 235.082744  64.538537  5.113 -100.00 -100.00 -100.00
 162   178.800 56258.40394499  6.22 235.088459  64.537617  5.704 -100.00 -100.00 -100.00
 163   180.803 56268.31958548  5.42 235.073903  64.540641  6.709 -100.00 -100.00 -100.00
 163   178.567 56268.31958607  5.54 235.079620  64.539721  5.448 -100.00 -100.00 -100.00
 163   177.115 56268.31958666  5.14 235.085336  64.538801  5.054 -100.00 -100.00 -100.00
 163   180.734 56268.31958725  4.70 235.091051  64.537881  4.526 -100.00 -100.00 -100.00
 164   189.499 56278.23522602  4.32 235.076609  64.541006  4.527 -100.00 -100.00 -100.00
 164   187.377 56278.23522661  4.95 235.082325  64.540086  4.666 -100.00 -100.00 -100.00
 164   178.713 56278.23522720  4.88 235.088041  64.539166  5.083 -100.00 -100.00 -100.00
 165   180.901 56288.15087493  2.65 235.075034  64.540862  4.106 -100.00 -100.00 -100.00
 165   178.230 56288.15087552  3.20 235.080751  64.539942  5.068 -100.00 -100.00 -100.00
 165   178.280 56288.15087611  2.82 235.086467  64.539021  4.031 -100.00 -100.00 -100.00
 165   182.551 56288.15087670  2.61 235.092183  64.538101  4.225 -100.00 -100.00 -100.00
 166   182.327 56298.06652357  2.87 235.071025  64.539265  4.381 -100.00 -100.00 -100.00
 166   180.472 56298.06652416  2.83 235.076741  64.538345  4.908 -100.00 -100.00 -100.00
 166   178.682 56298.06652475  3.06 235.082458  64.537425  4.569 -100.00 -100.00 -100.00
 166   179.109 56298.06652534  2.91 235.088173  64.536505  4.081 -100.00 -100.00 -100.00
 167   182.810 56307.98216871  3.71 235.070772  64.536792  5.531 -100.00 -100.00 -100.00
 167   180.662 56307.98216930  2.73 235.076488  64.535872  4.518 -100.00 -100.00 -100.00
 167   178.558 56307.98216989  3.36 235.082204  64.534952  5.136 -100.00 -100.00 -100.00
 167   178.584 56307.98217048  2.72 235.087919  64.534031  4.444 -100.00 -100.00 -100.00
 168   189.245 56317.89781091  2.70 235.068305  64.536173  5.823 -100.00 -100.00 -100.00
 168   189.866 56317.89781150  2.66 235.074021  64.535254  4.815 -100.00 -100.00 -100.00
 168   188.363 56317.89781209  2.04 235.079737  64.534333  4.835 -100.00 -100.00 -100.00
 168   178.187 56317.89781268  2.52 235.085452  64.533413  4.339 -100.00 -100.00 -100.00
 169   118.227 56327.81345212 10.37 235.070438  64.537424  6.841 -100.00 -100.00 -100.00
 169   117.315 56327.81345271 10.88 235.076154  64.536504  6.560 -100.00 -100.00 -100.00
 169   115.792 56327.81345330 11.32 235.081870  64.535584  7.234 -100.00 -100.00 -100.00
 169   114.043 56327.81345389 11.71 235.087585  64.534664  6.442 -100.00 -100.00 -100.00
 170   207.798 56337.72909250  1.71 235.074531  64.539232  4.377 -100.00 -100.00 -100.00
 170   188.302 56337.72909309  2.49 235.080247  64.538312  5.403 -100.00 -100.00 -100.00
 170   177.682 56337.72909368  2.59 235.085962  64.537391  5.353 -100.00 -100.00 -100.00
 170   197.034 56337.72909427  1.59 235.091678  64.536471  3.913 -100.00 -100.00 -100.00
 171   205.173 56347.64473086  1.10 235.075594  64.540463  4.864 -100.00 -100.00 -100.00
 171   188.261 56347.64473145  1.76 235.081310  64.539543  5.001 -100.00 -100.00 -100.00
 171   185.472 56347.64473204  1.45 235.087026  64.538623  4.153 -100.00 -100.00 -100.00
 172   204.242 56357.56036712  0.27 235.080673  64.538859  4.685 -100.00 -100.00 -100.00
 172   201.220 56357.56036771  0.76 235.086388  64.537939  4.071 -100.00 -100.00 -100.00
 173   119.268 56367.47601522  7.30 235.068959  64.538274  8.715 -100.00 -100.00 -100.00
 173   116.382 56367.47601581  9.33 235.074674  64.537354  8.828 -100.00 -100.00 -100.00
 173   115.646 56367.47601640  9.74 235.080390  64.536435  7.821 -100.00 -100.00 -100.00
 173   111.710 56367.47601699 10.03 235.086104  64.535515  6.777 -100.00 -100.00 -100.00
 176   118.149 56397.22295288  7.10 235.074666  64.540623  4.742 -100.00 -100.00 -100.00
 176   116.325 56397.22295347  7.55 235.080382  64.539703  4.901 -100.00 -100.00 -100.00
 176   113.815 56397.22295406  7.99 235.086097  64.538783  4.584 -100.00 -100.00 -100.00
 176   113.293 56397.22295465  8.46 235.091812  64.537863  5.050 -100.00 -100.00 -100.00
 179   191.690 56426.96986394  5.05 235.074452  64.541381  4.211 -100.00 -100.00 -100.00
 179   189.126 56426.96986453  4.79 235.080168  64.540462  3.286 -100.00 -100.00 -100.00
 179   187.081 56426.96986512  5.01 235.085885  64.539542  2.670 -100.00 -100.00 -100.00
 179   184.539 56426.96986571  4.90 235.091601  64.538622  2.548 -100.00 -100.00 -100.00
 180   203.538 56436.88551583  2.12 235.075820  64.539627  2.639 -100.00 -100.00 -100.00
 180   204.231 56436.88551642  1.78 235.081536  64.538707  2.663 -100.00 -100.00 -100.00
 180   201.865 56436.88551701  2.13 235.087252  64.537787  2.424 -100.00 -100.00 -100.00
 181   192.988 56446.80116716  0.51 235.072750  64.539884  3.055 -100.00 -100.00 -100.00
 181   194.343 56446.80116834  0.01 235.084182  64.538044  2.611 -100.00 -100.00 -100.00
 182   181.358 56456.71681669  1.66 235.074762  64.540349  3.690 -100.00 -100.00 -100.00
 182   178.833 56456.71681728  2.84 235.080478  64.539428  4.487 -100.00 -100.00 -100.00
 182   179.572 56456.71681787  2.30 235.086193  64.538508  4.403 -100.00 -100.00 -100.00
 182   183.996 56456.71681846  1.32 235.091909  64.537588  3.328 -100.00 -100.00 -100.00
 183   127.428 56466.63246301 22.84 235.075680  64.539985 14.667 -100.00 -100.00 -100.00
 183   128.024 56466.63246360 26.54 235.081395  64.539065 10.348 -100.00 -100.00 -100.00
 183   128.242 56466.63246419 27.18 235.087111  64.538145 24.756 -100.00 -100.00 -100.00
 184   188.416 56476.54810485  0.65 235.070723  64.539233  5.607 -100.00 -100.00 -100.00
 184   205.127 56476.54810603  0.34 235.082154  64.537393  3.704 -100.00 -100.00 -100.00
 185   194.509 56486.46374350  2.08 235.069709  64.537394  5.224 -100.00 -100.00 -100.00
 185   192.249 56486.46374409  2.83 235.075424  64.536474  5.035 -100.00 -100.00 -100.00
 185   190.150 56486.46374468  1.61 235.081139  64.535554  4.113 -100.00 -100.00 -100.00
 185   187.206 56486.46374527  1.84 235.086853  64.534634  4.632 -100.00 -100.00 -100.00
 187   120.059 56506.29501406 19.72 235.074551  64.537849 13.766 -100.00 -100.00 -100.00
 187   123.950 56506.29501465 21.80 235.080267  64.536929 10.170 -100.00 -100.00 -100.00
 187   123.958 56506.29501524 20.26 235.085982  64.536009 14.477 -100.00 -100.00 -100.00
 188    55.941 56516.21064818 46.79 235.077243  64.540267 25.699 -100.00 -100.00 -100.00
 188    55.622 56516.21064877 50.01 235.082959  64.539347 29.379 -100.00 -100.00 -100.00
 188    55.692 56516.21064936 44.29 235.088675  64.538427 28.830 -100.00 -100.00 -100.00
 189   181.967 56526.12630228  2.24 235.073811  64.541333  6.886 -100.00 -100.00 -100.00
 189   179.910 56526.12630287  1.57 235.079527  64.540414  6.053 -100.00 -100.00 -100.00
 189   179.076 56526.12630346  1.12 235.085244  64.539494  5.802 -100.00 -100.00 -100.00
 189   182.098 56526.12630405  1.14 235.090960  64.538574  5.100 -100.00 -100.00 -100.00
 190   191.729 56536.04195271  2.20 235.073175  64.540235  5.530 -100.00 -100.00 -100.00
 190   189.578 56536.04195330  1.40 235.078891  64.539315  4.258 -100.00 -100.00 -100.00
 190   188.328 56536.04195390  0.65 235.084608  64.538395  3.112 -100.00 -100.00 -100.00
 190   184.809 56536.04195449  0.92 235.090324  64.537475  3.796 -100.00 -100.00 -100.00
 192   195.467 56555.87324307  1.06 235.068775  64.538165  3.288 -100.00 -100.00 -100.00
 192   193.478 56555.87324366  0.71 235.074492  64.537245  2.974 -100.00 -100.00 -100.00
 192   190.980 56555.87324425  0.75 235.080208  64.536325  2.699 -100.00 -100.00 -100.00
 192   188.037 56555.87324485  0.87 235.085924  64.535405  3.419 -100.00 -100.00 -100.00
 193   193.372 56565.78888606  0.38 235.072041  64.539129  2.825 -100.00 -100.00 -100.00
 193   190.234 56565.78888665  1.87 235.077758  64.538209  5.765 -100.00 -100.00 -100.00
 193   188.966 56565.78888724  0.74 235.083474  64.537289  3.568 -100.00 -100.00 -100.00
 193   186.564 56565.78888783  0.01 235.089190  64.536369  2.742 -100.00 -100.00 -100.00
 194   193.207 56575.70452744  0.11 235.073461  64.541556  2.697 -100.00 -100.00 -100.00
 194   190.600 56575.70452803  0.36 235.079178  64.540637  2.759 -100.00 -100.00 -100.00
 195    53.687 56585.62016618 46.26 235.079146  64.542537   -100 -100.00 -100.00 -100.00
 195    53.598 56585.62016678 48.35 235.084863  64.541617   -100 -100.00 -100.00 -100.00
 195    53.706 56585.62016737 50.34 235.090580  64.540697   -100 -100.00 -100.00 -100.00
 196   188.413 56595.53580363  3.01 235.079243  64.542525  4.928 -100.00 -100.00 -100.00
 196   185.061 56595.53580422  1.63 235.084960  64.541605  4.195 -100.00 -100.00 -100.00
 196   200.640 56595.53580481  0.68 235.090677  64.540685  3.298 -100.00 -100.00 -100.00
 197   110.711 56605.45145620 23.52 235.077604  64.540693 13.355 -100.00 -100.00 -100.00
 197   114.362 56605.45145679 23.62 235.083320  64.539774 14.251 -100.00 -100.00 -100.00
 197   112.955 56605.45145738 23.95 235.089036  64.538853 11.058 -100.00 -100.00 -100.00
 198   181.442 56615.36710359  9.53 235.073282  64.539851  7.463 -100.00 -100.00 -100.00
 198   179.530 56615.36710418  8.05 235.078998  64.538931  7.164 -100.00 -100.00 -100.00
 198   177.261 56615.36710477  7.67 235.084714  64.538011  5.538 -100.00 -100.00 -100.00
 198   178.529 56615.36710536  7.58 235.090430  64.537090  6.015 -100.00 -100.00 -100.00
 199   180.532 56625.28274774  9.67 235.074680  64.539593  7.496 -100.00 -100.00 -100.00
 199   178.826 56625.28274833  7.88 235.080396  64.538673  5.888 -100.00 -100.00 -100.00
 199   176.167 56625.28274892  8.88 235.086112  64.537753  7.376 -100.00 -100.00 -100.00
 200   179.999 56635.19838902  6.89 235.075842  64.539975  7.221 -100.00 -100.00 -100.00
 200   177.991 56635.19838962  6.23 235.081558  64.539055  5.636 -100.00 -100.00 -100.00
 200   177.432 56635.19839021  6.27 235.087274  64.538135  4.818 -100.00 -100.00 -100.00
 201   180.321 56645.11402709  5.75 235.075215  64.540498  7.135 -100.00 -100.00 -100.00
 201   178.172 56645.11402768  5.39 235.080932  64.539578  5.431 -100.00 -100.00 -100.00
 201   177.291 56645.11402827  4.53 235.086648  64.538658  4.024 -100.00 -100.00 -100.00
 202   181.306 56655.02967974  3.93 235.074338  64.539023  5.328 -100.00 -100.00 -100.00
 202   179.135 56655.02968033  3.78 235.080054  64.538103  4.383 -100.00 -100.00 -100.00
 202   177.784 56655.02968092  3.56 235.085771  64.537183  4.312 -100.00 -100.00 -100.00
 202   197.890 56655.02968151  2.56 235.091486  64.536262  3.109 -100.00 -100.00 -100.00
 203   119.280 56664.94532778 11.58 235.069829  64.537775  8.481 -100.00 -100.00 -100.00
 203   117.894 56664.94532837 11.06 235.075545  64.536855  6.590 -100.00 -100.00 -100.00
 203   115.835 56664.94532896 11.96 235.081261  64.535935  8.170 -100.00 -100.00 -100.00
 203   114.558 56664.94532955 12.25 235.086977  64.535014  7.441 -100.00 -100.00 -100.00
 204   183.561 56674.86097373  2.30 235.071407  64.536654  5.148 -100.00 -100.00 -100.00
 204   205.608 56674.86097432  1.80 235.077123  64.535734  3.983 -100.00 -100.00 -100.00
 204   178.801 56674.86097491  2.74 235.082839  64.534814  4.465 -100.00 -100.00 -100.00
 204   180.014 56674.86097551  1.93 235.088554  64.533893  3.686 -100.00 -100.00 -100.00
 206   209.715 56694.69226111  1.65 235.073776  64.539034  3.554 -100.00 -100.00 -100.00
 206   205.780 56694.69226170  2.69 235.079492  64.538114  4.865 -100.00 -100.00 -100.00
 206   188.737 56694.69226229  3.14 235.085208  64.537193  4.860 -100.00 -100.00 -100.00
 206   185.821 56694.69226288  2.84 235.090923  64.536273  4.288 -100.00 -100.00 -100.00
 207   209.449 56704.60789934  1.05 235.074975  64.540246  3.046 -100.00 -100.00 -100.00
 207   204.470 56704.60789993  2.00 235.080691  64.539326  3.774 -100.00 -100.00 -100.00
 207   199.672 56704.60790052  2.65 235.086407  64.538406  4.351 -100.00 -100.00 -100.00
 208   212.980 56714.52353190  0.42 235.072628  64.540628  4.339 -100.00 -100.00 -100.00
 208   207.880 56714.52353249  1.21 235.078345  64.539708  4.056 -100.00 -100.00 -100.00
 208   201.461 56714.52353308  1.92 235.084061  64.538788  4.447 -100.00 -100.00 -100.00
 208   199.038 56714.52353367  1.29 235.089776  64.537868  3.418 -100.00 -100.00 -100.00
 209   118.752 56724.43918328  9.68 235.074585  64.538596  4.112 -100.00 -100.00 -100.00
 209   116.935 56724.43918387 10.53 235.080301  64.537676  5.381 -100.00 -100.00 -100.00
 209   114.304 56724.43918446 10.55 235.086016  64.536756  4.917 -100.00 -100.00 -100.00
 210   211.098 56734.35483302  0.45 235.070004  64.538586  3.424 -100.00 -100.00 -100.00
 210   209.308 56734.35483361  0.43 235.075720  64.537666  3.403 -100.00 -100.00 -100.00
 210   207.416 56734.35483420  0.54 235.081435  64.536746  3.155 -100.00 -100.00 -100.00
 210   201.722 56734.35483479  0.79 235.087149  64.535826  4.034 -100.00 -100.00 -100.00
 211   212.779 56744.27047977  0.20 235.070981  64.539742  3.652 -100.00 -100.00 -100.00
 211   208.766 56744.27048036  0.34 235.076697  64.538822  4.418 -100.00 -100.00 -100.00
 211   204.321 56744.27048154  0.40 235.088127  64.536981  4.007 -100.00 -100.00 -100.00
 214   180.775 56774.01739449  2.69 235.074346  64.542604  6.850 -100.00 -100.00 -100.00
 214   203.912 56774.01739508  1.77 235.080063  64.541684  5.108 -100.00 -100.00 -100.00
 214   200.839 56774.01739567  1.17 235.085780  64.540764  4.262 -100.00 -100.00 -100.00
 214   174.604 56774.01739626  1.41 235.091496  64.539844  5.616 -100.00 -100.00 -100.00
 215   204.961 56783.93305215  3.15 235.077516  64.540125  2.436 -100.00 -100.00 -100.00
 215   203.654 56783.93305274  2.96 235.083232  64.539205  2.624 -100.00 -100.00 -100.00
 215   202.447 56783.93305333  3.02 235.088948  64.538284  2.672 -100.00 -100.00 -100.00
 216   205.544 56793.84870512  0.75 235.070737  64.539818  2.978 -100.00 -100.00 -100.00
 216   204.078 56793.84870571  0.35 235.076453  64.538898  2.412 -100.00 -100.00 -100.00
 216   203.026 56793.84870630  0.08 235.082169  64.537978  2.382 -100.00 -100.00 -100.00
 216   201.776 56793.84870689  0.16 235.087884  64.537057  2.399 -100.00 -100.00 -100.00
 217   206.608 56803.76435590  2.51 235.073868  64.538823  2.115 -100.00 -100.00 -100.00
 217   205.668 56803.76435649  2.11 235.079583  64.537902  2.319 -100.00 -100.00 -100.00
 217   204.512 56803.76435708  2.77 235.085298  64.536982  2.319 -100.00 -100.00 -100.00
 217   203.741 56803.76435767  2.82 235.091013  64.536061  2.240 -100.00 -100.00 -100.00
 218   192.197 56813.67999883  2.44 235.074343  64.538894  4.765 -100.00 -100.00 -100.00
 218   189.726 56813.67999942  1.51 235.080058  64.537974  4.358 -100.00 -100.00 -100.00
 218   186.415 56813.68000001  2.25 235.085774  64.537054  5.176 -100.00 -100.00 -100.00
 218   184.776 56813.68000060  1.51 235.091488  64.536133  4.237 -100.00 -100.00 -100.00
 220   105.997 56833.51127343 27.11 235.072964  64.538343 16.380 -100.00 -100.00 -100.00
 220   106.818 56833.51127402 30.19 235.078679  64.537424 16.508 -100.00 -100.00 -100.00
 220   106.404 56833.51127461 23.36 235.084394  64.536504 15.811 -100.00 -100.00 -100.00
 220   106.061 56833.51127520 19.75 235.090109  64.535583  8.000 -100.00 -100.00 -100.00
 221   182.071 56843.42690511  5.74 235.071465  64.538514  9.793 -100.00 -100.00 -100.00
 221   164.099 56843.42690570  7.55 235.077180  64.537594 13.841 -100.00 -100.00 -100.00
 221   187.708 56843.42690630  1.64 235.082895  64.536675  4.904 -100.00 -100.00 -100.00
 221   181.425 56843.42690689  1.59 235.088610  64.535754  4.659 -100.00 -100.00 -100.00
 223   182.416 56863.25820098  0.68 235.072585  64.538883  4.664 -100.00 -100.00 -100.00
 223   179.248 56863.25820216  1.03 235.084015  64.537043  4.908 -100.00 -100.00 -100.00
 224    55.502 56873.17385410 43.82 235.070840  64.539572 23.303 -100.00 -100.00 -100.00
 224    55.394 56873.17385469 46.33 235.076556  64.538652 22.403 -100.00 -100.00 -100.00
 224    55.230 56873.17385528 49.44 235.082272  64.537732 25.728 -100.00 -100.00 -100.00
 224    55.277 56873.17385587 47.21 235.087987  64.536811   -100 -100.00 -100.00 -100.00
 225   193.070 56883.08950431  1.20 235.071005  64.539502  2.920 -100.00 -100.00 -100.00
 225   190.807 56883.08950490  1.86 235.076721  64.538582  4.602 -100.00 -100.00 -100.00
 225   188.051 56883.08950549  1.79 235.082437  64.537662  4.075 -100.00 -100.00 -100.00
 225   185.810 56883.08950608  1.96 235.088152  64.536741  3.388 -100.00 -100.00 -100.00
 227   192.597 56902.92079511  0.15 235.074843  64.538170  3.020 -100.00 -100.00 -100.00
 227   195.412 56902.92079630  0.09 235.086274  64.536329  3.543 -100.00 -100.00 -100.00
 228   125.791 56912.83643631 20.63 235.070349  64.539505  9.618 -100.00 -100.00 -100.00
 228   126.565 56912.83643690 20.59 235.076065  64.538585  8.501 -100.00 -100.00 -100.00
 228   126.124 56912.83643749 26.11 235.081781  64.537665 13.841 -100.00 -100.00 -100.00
 228   127.938 56912.83643808 10.39 235.087497  64.536744  4.461 -100.00 -100.00 -100.00
 229   131.619 56922.75207657  7.27 235.072891  64.540414  4.209 -100.00 -100.00 -100.00
 229   131.868 56922.75207716  8.80 235.078607  64.539494  5.919 -100.00 -100.00 -100.00
 229   132.970 56922.75207775  7.48 235.084323  64.538574  3.377 -100.00 -100.00 -100.00
 229   133.293 56922.75207834  7.83 235.090039  64.537653  3.897 -100.00 -100.00 -100.00
 230   190.304 56932.66771463  1.21 235.076914  64.541358  3.636 -100.00 -100.00 -100.00
 230   187.483 56932.66771522  1.28 235.082630  64.540438  3.836 -100.00 -100.00 -100.00
 230   185.766 56932.66771581  0.93 235.088347  64.539518  3.272 -100.00 -100.00 -100.00
 231   180.995 56942.58334673  3.29 235.073628  64.542761  6.124 -100.00 -100.00 -100.00
 231   184.384 56942.58334732  1.65 235.079345  64.541842  4.812 -100.00 -100.00 -100.00
 231   184.511 56942.58334791  1.78 235.085061  64.540922  4.888 -100.00 -100.00 -100.00
 231   198.795 56942.58334850  0.81 235.090777  64.540001  3.968 -100.00 -100.00 -100.00
 232   180.203 56952.49899141  3.12 235.077784  64.541428  5.867 -100.00 -100.00 -100.00
 232   178.082 56952.49899200  2.52 235.083500  64.540508  4.132 -100.00 -100.00 -100.00
 232   198.247 56952.49899259  1.86 235.089216  64.539588  4.123 -100.00 -100.00 -100.00
 233   180.809 56962.41464206  5.44 235.075288  64.540391  5.135 -100.00 -100.00 -100.00
 233   178.445 56962.41464265  6.82 235.081004  64.539471  8.408 -100.00 -100.00 -100.00
 233   176.589 56962.41464324  4.80 235.086720  64.538551  4.817 -100.00 -100.00 -100.00
 234   181.541 56972.33028778  6.95 235.073468  64.540085  9.034 -100.00 -100.00 -100.00
 234   179.258 56972.33028837  5.48 235.079184  64.539165  5.420 -100.00 -100.00 -100.00
 234   177.598 56972.33028897  5.09 235.084899  64.538245  4.963 -100.00 -100.00 -100.00
 234   181.366 56972.33028956  4.25 235.090615  64.537325  4.506 -100.00 -100.00 -100.00
 235   110.591 56982.24592975 17.45 235.076599  64.539754  8.744 -100.00 -100.00 -100.00
 235   111.405 56982.24593034 18.46 235.082315  64.538833  9.844 -100.00 -100.00 -100.00
 235   112.531 56982.24593093 18.52 235.088031  64.537913 10.210 -100.00 -100.00 -100.00
 236   110.373 56992.16156685 15.85 235.076696  64.539907 10.812 -100.00 -100.00 -100.00
 236   111.298 56992.16156744 16.58 235.082412  64.538987 11.412 -100.00 -100.00 -100.00
 236   112.713 56992.16156803 16.74 235.088128  64.538067 12.007 -100.00 -100.00 -100.00
 237   117.873 57002.07720017 13.82 235.074215  64.539901  9.250 -100.00 -100.00 -100.00
 237   116.319 57002.07720076 14.11 235.079932  64.538981  8.989 -100.00 -100.00 -100.00
 237   114.332 57002.07720135 14.47 235.085648  64.538061 10.391 -100.00 -100.00 -100.00
 237   114.227 57002.07720194 14.90 235.091364  64.537141  9.255 -100.00 -100.00 -100.00
 238   118.448 57011.99285707 13.12 235.070123  64.538744 10.214 -100.00 -100.00 -100.00
 238   110.897 57011.99285766 13.39 235.075839  64.537825  9.748 -100.00 -100.00 -100.00
 238   115.573 57011.99285825 13.94 235.081556  64.536905  9.953 -100.00 -100.00 -100.00
 238   114.396 57011.99285884 13.48 235.087271  64.535985  8.254 -100.00 -100.00 -100.00
 239   119.742 57021.90850843  9.71 235.068243  64.538152 10.496 -100.00 -100.00 -100.00
 239   117.798 57021.90850902 11.91 235.073960  64.537232  9.156 -100.00 -100.00 -100.00
 239   116.576 57021.90850961 12.23 235.079676  64.536312  9.960 -100.00 -100.00 -100.00
 239   115.002 57021.90851021 12.45 235.085392  64.535392  6.931 -100.00 -100.00 -100.00
 239   114.819 57021.90851080 12.88 235.091107  64.534471  6.990 -100.00 -100.00 -100.00
 240   117.751 57031.82415767 11.63 235.073527  64.538027  8.013 -100.00 -100.00 -100.00
 240   115.738 57031.82415826 11.36 235.079243  64.537107  8.142 -100.00 -100.00 -100.00
 240   114.940 57031.82415885 11.68 235.084958  64.536187  7.300 -100.00 -100.00 -100.00
 240   114.735 57031.82415944 11.60 235.090674  64.535266  6.308 -100.00 -100.00 -100.00
 241   190.640 57041.73980445  2.04 235.074456  64.538950  4.313 -100.00 -100.00 -100.00
 241   178.949 57041.73980504  2.62 235.080172  64.538030  4.216 -100.00 -100.00 -100.00
 241   185.273 57041.73980563  2.74 235.085888  64.537110  4.085 -100.00 -100.00 -100.00
 241   181.893 57041.73980622  2.47 235.091603  64.536189  4.673 -100.00 -100.00 -100.00
 242   189.529 57051.65544923  1.40 235.076071  64.539330  3.567 -100.00 -100.00 -100.00
 242   177.975 57051.65544982  2.64 235.081787  64.538410  4.227 -100.00 -100.00 -100.00
 242   179.702 57051.65545041  2.27 235.087502  64.537490  4.124 -100.00 -100.00 -100.00
 243   192.071 57061.57108918  1.24 235.071489  64.539802  3.456 -100.00 -100.00 -100.00
 243   190.039 57061.57108977  1.49 235.077205  64.538883  4.058 -100.00 -100.00 -100.00
 243   187.258 57061.57109036  1.74 235.082921  64.537963  3.522 -100.00 -100.00 -100.00
 243   180.246 57061.57109095  2.39 235.088636  64.537042  4.809 -100.00 -100.00 -100.00
 244   165.674 57071.48672443  3.06 235.074385  64.539224  4.782 -100.00 -100.00 -100.00
 244   166.714 57071.48672502  0.91 235.080100  64.538304  2.901 -100.00 -100.00 -100.00
 244   168.829 57071.48672561  0.61 235.085816  64.537384  3.743 -100.00 -100.00 -100.00
 244   170.721 57071.48672620  0.95 235.091531  64.536464  3.761 -100.00 -100.00 -100.00
 245   207.974 57081.40235520  0.01 235.075706  64.539894  4.283 -100.00 -100.00 -100.00
 245   187.785 57081.40235579  0.89 235.081421  64.538974  4.839 -100.00 -100.00 -100.00
 245   185.334 57081.40235638  1.23 235.087137  64.538054  4.823 -100.00 -100.00 -100.00
 246   193.735 57091.31799829  0.13 235.075133  64.541388  3.169 -100.00 -100.00 -100.00
 246   191.071 57091.31799889  1.11 235.080849  64.540468  3.676 -100.00 -100.00 -100.00
 246   186.579 57091.31799948  1.26 235.086565  64.539548  4.355 -100.00 -100.00 -100.00
 246   197.228 57091.31800007  0.32 235.092280  64.538628  2.826 -100.00 -100.00 -100.00
 247   203.936 57101.23365601  0.23 235.078320  64.541772  4.235 -100.00 -100.00 -100.00
 247   201.399 57101.23365660  0.19 235.084036  64.540852  3.920 -100.00 -100.00 -100.00
 251   191.070 57140.89623890  3.05 235.075674  64.539437  3.062 -100.00 -100.00 -100.00
 251   188.923 57140.89623949  2.52 235.081390  64.538517  2.973 -100.00 -100.00 -100.00
 251   186.564 57140.89624008  2.35 235.087105  64.537597  2.965 -100.00 -100.00 -100.00
 252   190.781 57150.81187321  5.74 235.076528  64.540371  4.196 -100.00 -100.00 -100.00
 252   188.308 57150.81187380  5.74 235.082244  64.539451  4.341 -100.00 -100.00 -100.00
 252   186.339 57150.81187439  4.72 235.087960  64.538531  3.067 -100.00 -100.00 -100.00
 253   197.841 57160.72750439  1.16 235.077776  64.541374  2.412 -100.00 -100.00 -100.00
 253   199.632 57160.72750498  0.52 235.083493  64.540454  2.608 -100.00 -100.00 -100.00
 253   198.174 57160.72750557  0.82 235.089209  64.539534  2.660 -100.00 -100.00 -100.00
 254   192.877 57170.64315829  0.48 235.072016  64.541134  3.723 -100.00 -100.00 -100.00
 254   190.821 57170.64315888  0.60 235.077732  64.540214  4.341 -100.00 -100.00 -100.00
 254   201.050 57170.64315947  0.20 235.083448  64.539294  3.732 -100.00 -100.00 -100.00
 255   191.812 57180.55881377  1.76 235.072888  64.538772  4.666 -100.00 -100.00 -100.00
 255   190.263 57180.55881436  0.88 235.078604  64.537852  3.043 -100.00 -100.00 -100.00
 255   187.562 57180.55881495  0.80 235.084319  64.536933  3.439 -100.00 -100.00 -100.00
 255   182.727 57180.55881554  0.86 235.090034  64.536012  3.380 -100.00 -100.00 -100.00
 256   194.169 57190.47446485  3.88 235.070012  64.537417  6.116 -100.00 -100.00 -100.00
 256   183.355 57190.47446544  5.12 235.075727  64.536497  7.316 -100.00 -100.00 -100.00
 256   179.255 57190.47446603  5.66 235.081442  64.535578  6.816 -100.00 -100.00 -100.00
 256   186.818 57190.47446662  3.65 235.087156  64.534658  5.185 -100.00 -100.00 -100.00
 257   183.921 57200.39011274  2.85 235.070615  64.537382  4.583 -100.00 -100.00 -100.00
 257   191.529 57200.39011333  1.65 235.076330  64.536462  3.443 -100.00 -100.00 -100.00
 257   178.297 57200.39011392  2.95 235.082045  64.535542  4.431 -100.00 -100.00 -100.00
 257   180.927 57200.39011451  3.72 235.087759  64.534622  4.784 -100.00 -100.00 -100.00
 258   193.516 57210.30574694  1.54 235.072763  64.538569  3.569 -100.00 -100.00 -100.00
 258   191.283 57210.30574753  2.34 235.078478  64.537649  3.260 -100.00 -100.00 -100.00
 258   187.383 57210.30574812  2.85 235.084193  64.536729  3.445 -100.00 -100.00 -100.00
 258   182.403 57210.30574871  3.24 235.089908  64.535808  3.592 -100.00 -100.00 -100.00
 259   192.867 57220.22139056  2.38 235.071290  64.540386  5.721 -100.00 -100.00 -100.00
 259   166.032 57220.22139115  5.60 235.077006  64.539466 10.214 -100.00 -100.00 -100.00
 259   163.592 57220.22139174  6.10 235.082722  64.538546 11.114 -100.00 -100.00 -100.00
 259   159.933 57220.22139233  7.53 235.088437  64.537626 12.120 -100.00 -100.00 -100.00
 260   178.159 57230.13703378  5.09 235.075870  64.539879  8.726 -100.00 -100.00 -100.00
 260   188.462 57230.13703437  1.34 235.081586  64.538959  4.158 -100.00 -100.00 -100.00
 260   186.119 57230.13703496  0.88 235.087301  64.538039  3.006 -100.00 -100.00 -100.00
 261   182.232 57240.05267396  5.05 235.072678  64.539869  7.327 -100.00 -100.00 -100.00
 261   180.073 57240.05267455  5.27 235.078394  64.538949  6.866 -100.00 -100.00 -100.00
 261   178.796 57240.05267514  3.81 235.084110  64.538029  6.023 -100.00 -100.00 -100.00
 261   177.535 57240.05267573  4.65 235.089826  64.537109  8.285 -100.00 -100.00 -100.00
 262   181.371 57249.96831190  3.46 235.075284  64.539038  5.878 -100.00 -100.00 -100.00
 262   178.483 57249.96831249  4.32 235.081000  64.538119  8.310 -100.00 -100.00 -100.00
 262   185.487 57249.96831308  1.23 235.086716  64.537198  4.224 -100.00 -100.00 -100.00
 264   191.815 57269.79958125  2.36 235.075010  64.542308  4.150 -100.00 -100.00 -100.00
 264   189.427 57269.79958184  2.06 235.080727  64.541388  3.672 -100.00 -100.00 -100.00
 264   196.512 57269.79958243  1.90 235.086444  64.540468  3.308 -100.00 -100.00 -100.00
 264   195.488 57269.79958302  1.22 235.092160  64.539548  2.829 -100.00 -100.00 -100.00
 265   190.643 57279.71523364  1.20 235.075085  64.543609  3.273 -100.00 -100.00 -100.00
 265   189.475 57279.71523423  1.18 235.080803  64.542689  3.577 -100.00 -100.00 -100.00
 265   187.154 57279.71523482  0.76 235.086519  64.541769  3.056 -100.00 -100.00 -100.00
 265   194.054 57279.71523541  0.30 235.092236  64.540848  2.705 -100.00 -100.00 -100.00
 266   180.420 57289.63088940  7.01 235.075741  64.543122  8.134 -100.00 -100.00 -100.00
 266   178.319 57289.63089000  7.22 235.081458  64.542202  8.746 -100.00 -100.00 -100.00
 266   184.422 57289.63089059  3.56 235.087175  64.541282  4.361 -100.00 -100.00 -100.00
 267   190.922 57299.54654213  1.79 235.073981  64.541556  4.252 -100.00 -100.00 -100.00
 267   188.810 57299.54654272  1.25 235.079697  64.540636  4.047 -100.00 -100.00 -100.00
 267   196.978 57299.54654331  0.04 235.085413  64.539716  2.906 -100.00 -100.00 -100.00
 267   194.695 57299.54654390  0.62 235.091129  64.538795  3.141 -100.00 -100.00 -100.00
 268   120.221 57309.46219155 19.70 235.075343  64.539060 11.697 -100.00 -100.00 -100.00
 268   123.710 57309.46219214 21.19 235.081059  64.538140  6.343 -100.00 -100.00 -100.00
 268   127.094 57309.46219273 24.60 235.086774  64.537220 13.986 -100.00 -100.00 -100.00
 269    53.293 57319.37783785 53.18 235.081661  64.537078   -100 -100.00 -100.00 -100.00
 269    53.155 57319.37783844 51.90 235.087376  64.536158 11.308 -100.00 -100.00 -100.00
 270   186.310 57329.29347976  5.51 235.075669  64.538669  6.251 -100.00 -100.00 -100.00
 270   178.888 57329.29348035  5.10 235.081385  64.537749  5.821 -100.00 -100.00 -100.00
 270   177.648 57329.29348094  4.62 235.087100  64.536829  4.772 -100.00 -100.00 -100.00
 271   181.520 57339.20911986  6.81 235.074175  64.540421  6.162 -100.00 -100.00 -100.00
 271   179.269 57339.20912045  6.80 235.079892  64.539501  7.141 -100.00 -100.00 -100.00
 271   177.515 57339.20912104  4.92 235.085608  64.538581  4.459 -100.00 -100.00 -100.00
 271   181.527 57339.20912163  5.23 235.091323  64.537660  4.428 -100.00 -100.00 -100.00
 272   181.413 57349.12476909  6.34 235.074516  64.539932  5.756 -100.00 -100.00 -100.00
 272   178.982 57349.12476968  5.77 235.080232  64.539012  5.124 -100.00 -100.00 -100.00
 272   186.702 57349.12477027  5.54 235.085948  64.538091  5.221 -100.00 -100.00 -100.00
 272   180.859 57349.12477086  4.89 235.091663  64.537171  4.832 -100.00 -100.00 -100.00
 273   192.154 57359.04041467  5.62 235.071673  64.538486  4.975 -100.00 -100.00 -100.00
 273   180.830 57359.04041526  4.94 235.077389  64.537566  4.692 -100.00 -100.00 -100.00
 273   178.505 57359.04041585  5.21 235.083105  64.536646  4.827 -100.00 -100.00 -100.00
 273   176.794 57359.04041644  6.45 235.088820  64.535725  7.150 -100.00 -100.00 -100.00
 274   184.299 57368.95605706  6.40 235.068663  64.536975  6.757 -100.00 -100.00 -100.00
 274   181.891 57368.95605765  6.87 235.074379  64.536055  6.618 -100.00 -100.00 -100.00
 274   179.867 57368.95605824  5.40 235.080095  64.535135  4.943 -100.00 -100.00 -100.00
 274   177.845 57368.95605883  5.37 235.085811  64.534215  5.279 -100.00 -100.00 -100.00
 275   183.453 57378.87169716  4.93 235.070367  64.536823  5.283 -100.00 -100.00 -100.00
 275   181.263 57378.87169775  5.23 235.076084  64.535904  5.988 -100.00 -100.00 -100.00
 275   179.053 57378.87169834  5.24 235.081800  64.534983  5.033 -100.00 -100.00 -100.00
 275   178.948 57378.87169893  5.14 235.087515  64.534063  5.673 -100.00 -100.00 -100.00
 276   182.010 57388.78733573  4.29 235.072697  64.538927  4.661 -100.00 -100.00 -100.00
 276   179.485 57388.78733632  4.95 235.078413  64.538007  5.925 -100.00 -100.00 -100.00
 276   177.607 57388.78733691  3.97 235.084130  64.537087  3.945 -100.00 -100.00 -100.00
 276   180.151 57388.78733750  4.37 235.089845  64.536166  5.289 -100.00 -100.00 -100.00
 277   205.677 57398.70297358  4.29 235.076639  64.540962  4.614 -100.00 -100.00 -100.00
 277   177.671 57398.70297417  4.11 235.082355  64.540042  4.838 -100.00 -100.00 -100.00
 277   178.181 57398.70297476  4.43 235.088072  64.539122  4.793 -100.00 -100.00 -100.00
 278   179.395 57408.61861043  3.78 235.077802  64.541710  4.228 -100.00 -100.00 -100.00
 278   201.057 57408.61861102  3.33 235.083519  64.540790  3.917 -100.00 -100.00 -100.00
 278   180.036 57408.61861161  3.80 235.089235  64.539870  4.405 -100.00 -100.00 -100.00
 279   189.488 57418.53426363  3.67 235.077161  64.539922  4.298 -100.00 -100.00 -100.00
 279   177.731 57418.53426422  3.43 235.082877  64.539002  4.381 -100.00 -100.00 -100.00
 279   178.522 57418.53426481  3.61 235.088593  64.538082  4.357 -100.00 -100.00 -100.00
 280   181.824 57428.44991381  2.81 235.073142  64.538978  4.096 -100.00 -100.00 -100.00
 280   205.447 57428.44991441  3.08 235.078857  64.538058  4.482 -100.00 -100.00 -100.00
 280   182.315 57428.44991500  3.49 235.084573  64.537138  4.553 -100.00 -100.00 -100.00
 280   199.530 57428.44991559  2.74 235.090288  64.536218  3.783 -100.00 -100.00 -100.00
 281   190.968 57438.36556180  2.45 235.073894  64.539207  4.463 -100.00 -100.00 -100.00
 281   205.941 57438.36556240  2.77 235.079609  64.538287  4.628 -100.00 -100.00 -100.00
 281   177.570 57438.36556299  2.96 235.085325  64.537367  5.108 -100.00 -100.00 -100.00
 281   199.473 57438.36556358  2.30 235.091040  64.536447  3.880 -100.00 -100.00 -100.00
 282   207.801 57448.28120829  0.50 235.074324  64.541229  3.715 -100.00 -100.00 -100.00
 282   189.147 57448.28120888  1.42 235.080040  64.540309  3.977 -100.00 -100.00 -100.00
 282   200.907 57448.28120947  1.69 235.085756  64.539388  3.974 -100.00 -100.00 -100.00
 282   196.778 57448.28121006  1.09 235.091471  64.538468  3.759 -100.00 -100.00 -100.00
 283   115.881 57458.19685385  9.03 235.077247  64.542520  8.620 -100.00 -100.00 -100.00
 283   115.479 57458.19685444  9.41 235.082964  64.541600  7.336 -100.00 -100.00 -100.00
 283   113.676 57458.19685503  9.69 235.088680  64.540679  6.744 -100.00 -100.00 -100.00
 284   205.282 57468.11249658  1.30 235.078755  64.542302  3.446 -100.00 -100.00 -100.00
 284   201.937 57468.11249717  0.91 235.084471  64.541382  3.238 -100.00 -100.00 -100.00
 284   198.743 57468.11249776  0.73 235.090187  64.540461  3.225 -100.00 -100.00 -100.00
 285   206.353 57478.02813525  0.62 235.078403  64.540660  4.550 -100.00 -100.00 -100.00
 285   203.637 57478.02813584  0.82 235.084119  64.539740  4.027 -100.00 -100.00 -100.00
 285   213.856 57478.02813643  0.23 235.089835  64.538820  3.399 -100.00 -100.00 -100.00
 286   207.256 57487.94377027  0.35 235.072850  64.539741  3.093 -100.00 -100.00 -100.00
 286   205.651 57487.94377086  0.65 235.078567  64.538822  3.169 -100.00 -100.00 -100.00
 286   203.855 57487.94377145  0.60 235.084283  64.537902  3.361 -100.00 -100.00 -100.00
 286   200.568 57487.94377204  0.45 235.089999  64.536981  3.146 -100.00 -100.00 -100.00
 288   130.580 57507.77504345 13.44 235.074129  64.540728  3.979 -100.00 -100.00 -100.00
 288   130.506 57507.77504404 15.03 235.079845  64.539809  5.881 -100.00 -100.00 -100.00
 288   119.436 57507.77504463 18.18 235.085562  64.538889 10.804 -100.00 -100.00 -100.00
 288   123.229 57507.77504522 20.06 235.091278  64.537969 12.945 -100.00 -100.00 -100.00
 289   202.989 57517.69069968  2.55 235.074446  64.541072  2.369 -100.00 -100.00 -100.00
 289   203.736 57517.69070027  2.17 235.080163  64.540153  2.388 -100.00 -100.00 -100.00
 289   202.571 57517.69070086  2.06 235.085879  64.539233  2.204 -100.00 -100.00 -100.00
 289   201.503 57517.69070145  2.40 235.091594  64.538312  2.405 -100.00 -100.00 -100.00
 290   197.078 57527.60635298  0.28 235.073479  64.540714  2.663 -100.00 -100.00 -100.00
 290   196.103 57527.60635357  0.51 235.079195  64.539794  2.676 -100.00 -100.00 -100.00
 290   198.896 57527.60635416  0.24 235.084911  64.538874  2.500 -100.00 -100.00 -100.00
 290   197.051 57527.60635475  0.52 235.090626  64.537954  2.574 -100.00 -100.00 -100.00
 291   192.760 57537.52200389  1.63 235.074991  64.538365  4.250 -100.00 -100.00 -100.00
 291   185.454 57537.52200448  1.62 235.080707  64.537445  3.282 -100.00 -100.00 -100.00
 291   197.197 57537.52200507  0.87 235.086422  64.536525  2.757 -100.00 -100.00 -100.00
 292   167.574 57547.43765165  6.84 235.072009  64.536892  9.965 -100.00 -100.00 -100.00
 292   162.191 57547.43765224  9.73 235.077724  64.535972 12.516 -100.00 -100.00 -100.00
 292   160.452 57547.43765283  8.99 235.083439  64.535052 12.115 -100.00 -100.00 -100.00
 292   179.081 57547.43765342  5.99 235.089153  64.534132  7.483 -100.00 -100.00 -100.00
 294   169.937 57567.26894337  4.72 235.074262  64.538079  8.578 -100.00 -100.00 -100.00
 294   177.631 57567.26894455  3.92 235.085693  64.536239  7.265 -100.00 -100.00 -100.00
 295   111.067 57577.18458791 15.64 235.076333  64.539864 11.762 -100.00 -100.00 -100.00
 295   138.672 57577.18458851 19.88 235.082049  64.538944 17.275 -100.00 -100.00 -100.00
 295   114.945 57577.18458910 14.83 235.087764  64.538024 10.035 -100.00 -100.00 -100.00
