# NaN NaN NaN ;Mean Elev.(m), Avg Gradient(m/km), RMS Gradient(m/km) - SRTM1     
#   10.142   1.248   9.724 ;Mean Elev.(m), Avg Gradient(m/km), RMS Gradient(m/km) - ASTER GDEM
#   29.000   1.135   8.662 ;Mean Elev.(m), Avg Gradient(m/km), RMS Gradient(m/km) - GMTED2010 
   2 230.912693  65.904854    73.641    73.784  5 54670.88488951 28.182
   3 230.913698  65.905615   -33.413   -42.327  5 54680.80053347 25.192
   4 230.910296  65.906809    71.701    71.537  5 54690.71617587 27.583
   5 230.909652  65.907180    -4.649    -4.645  5 54700.63181627  8.714
   6 230.911460  65.905888    79.789    78.645  5 54710.54746253 12.460
   7 230.913463  65.904050     5.847     5.710  5 54720.46311404 13.902
   8 230.916115  65.902312    89.954    88.962  4 54730.37876298 19.746
   9 230.912669  65.902188    76.655    76.646  4 54740.29440968 12.362
  10 230.912035  65.902604    74.793    74.725  4 54750.21005661 20.742
  11 230.913542  65.902937    74.446    74.475  4 54760.12570355 24.194
  12 230.915676  65.902591    74.235    74.291  4 54770.04134821 19.384
  13 230.916692  65.901863    74.210    74.297  4 54779.95698947 19.454
  14 230.912003  65.901434    74.597    74.631  4 54789.87262767 20.091
  15 230.915910  65.901486    74.209    74.183  4 54799.78826558 18.573
  16 230.911836  65.902821    74.244    74.271  4 54809.70390283 18.584
  17 230.912622  65.904167    73.943    73.914  4 54819.61954123 15.252
  18 230.911615  65.904665    73.797    73.874  4 54829.53519343 15.107
  19 230.912769  65.904676    73.556    73.538  5 54839.45083235 14.114
  20 230.911851  65.905046    73.773    73.743  4 54849.36648135 12.598
  21 230.910951  65.905848    73.759    73.791  5 54859.28212983 13.472
  22 230.908673  65.906585    73.903    73.824  5 54869.19777831 12.957
  23 230.910699  65.905813    73.638    73.620  5 54879.11342624 12.937
  24 230.913457  65.903913    73.924    73.853  5 54889.02907114 12.600
  25 230.917097  65.901795    74.147    74.173  4 54898.94471292 12.129
  26 230.915260  65.901437    74.245    74.257  4 54908.86035176 11.885
  27 230.914315  65.902347    74.225    74.258  5 54918.77598940 11.791
  28 230.913464  65.903259    73.882    73.912  4 54928.69162683 11.482
  29 230.912862  65.903027    74.655    74.875  4 54938.60726355 11.282
  30 230.913621  65.902035    86.463    86.542  4 54948.52289872  1.067
  31 230.915951  65.901134    86.581    86.528  4 54958.43853546 23.167
  32 230.916621  65.901287    91.696    86.776  4 54968.35418403 16.728
  33 230.916265  65.902359    91.809    91.759  4 54978.26983138 27.563
  34 230.911992  65.903561    28.980    28.789  4 54988.18547834 50.272
  35 230.913999  65.903718    79.752    82.065  5 54998.10112606 11.944
  36 230.914237  65.903791    73.968    74.259  5 55008.01677185 29.698
  37 230.911165  65.904293    94.722    95.511  4 55017.93241535 28.195
  38 230.911880  65.905185    86.166    86.229  4 55027.84805780 15.018
  39 230.910880  65.906413    89.996    89.220  4 55037.76369961 27.436
  40 230.910622  65.906898    89.375    87.357  5 55047.67934043 29.393
  41 230.911489  65.905759    86.039    86.045  5 55057.59497945 15.404
  42 230.911260  65.903595    86.274    86.336  4 55067.51061702 16.594
  43 230.915883  65.901431    86.548    86.548  4 55077.42626776 16.770
  44 230.916315  65.901235    90.007    90.775  4 55087.34191556 27.831
  45 230.911852  65.902654    88.822    88.982  4 55097.25756124 24.835
  46 230.914946  65.903487    85.947    85.980  4 55107.17320719 20.100
  47 230.913470  65.903115    74.903    74.866  5 55117.08885217 21.017
  48 230.917089  65.901288    74.220    74.176  4 55127.00449535 25.898
  49 230.917137  65.900087    74.484    74.534  4 55136.92013588 26.875
  50 230.916360  65.900534    74.402    74.435  4 55146.83577439 26.878
  51 230.914766  65.902560    74.386    74.402  4 55156.75141209 20.332
  52 230.911271  65.904426    74.288    74.322  4 55166.66704964 17.930
  53 230.913080  65.905010    74.019    74.022  4 55176.58268736 17.064
  54 230.911048  65.904529    74.246    74.249  4 55186.49832983 16.733
  55 230.912078  65.904145    74.224    74.229  5 55196.41398095 16.390
  56 230.910991  65.904989    74.153    73.902  4 55206.32963061 16.175
  57 230.911291  65.906385    73.854    73.968  4 55216.24527976 15.575
  58 230.909263  65.906837    73.701    73.690  5 55226.16092814 14.013
  59 230.912160  65.905006    73.819    73.965  4 55236.07657466 14.293
  60 230.913872  65.902131    74.259    74.393  4 55245.99221773 14.286
  61 230.916564  65.899964    74.322    74.220  4 55255.90785819 14.103
  62 230.917095  65.900377    74.480    74.438  4 55265.82349708 13.868
  63 230.911867  65.902831    74.632    74.535  4 55275.73913462 13.841
  64 230.912044  65.904238    74.278    74.240  5 55285.65477182 13.323
  65 230.914614  65.903437    74.077    74.156  4 55295.57040733 12.509
  66 230.915604  65.901235    76.767    76.826  4 55305.48604686  6.243
  67 230.915607  65.899726    86.790    86.833  3 55315.40169401 20.875
  68 230.915319  65.900526    86.633    86.773  3 55325.31733946 15.756
  69 230.915411  65.902743    86.129    86.149  4 55335.23298366 19.520
  70 230.910588  65.904810    92.739    94.683  5 55345.14862705 26.456
  71 230.912093  65.904906    80.561    80.498  4 55355.06427015 12.062
  72 230.911459  65.904411    78.417    76.269  4 55364.97991104 13.314
  73 230.913400  65.904033    75.385    75.377  5 55374.89555059 12.312
  74 230.910817  65.905017    74.812    74.285  5 55384.81118859 16.669
  75 230.908871  65.906253    78.291    74.119  5 55394.72682578 17.560
  76 230.911797  65.906598    74.895    74.924  5 55404.64246486 13.196
  77 230.912049  65.905069    72.071    71.104  5 55414.55811652 26.733
  78 230.911627  65.902458    75.761    75.849  4 55424.47376508 14.491
  79 230.915574  65.900175    74.649    74.659  3 55434.38941139 24.866
  80 230.914170  65.900435    93.554    95.120  4 55444.30505562 22.924
  81 230.912592  65.902248    68.509    67.775  4 55454.22069860 25.940
  82 230.914033  65.903921    81.897    81.855  4 55464.13634106 12.027
  83 230.911706  65.903799    89.316    90.068  4 55474.05198075 25.926
  84 230.914863  65.901755    74.371    74.379  4 55483.96761808 24.820
  85 230.916310  65.899960    75.158    75.127  3 55493.88325315 20.836
  86 230.915093  65.900736    74.813    74.909  3 55503.79888674 21.423
  87 230.913880  65.903072    73.110    72.835  5 55513.71453481 24.157
  88 230.912173  65.905312    74.435    74.561  4 55523.63018419 22.257
  89 230.912488  65.905808    73.928    73.941  5 55533.54583215 14.294
  90 230.911225  65.904959    73.966    73.933  4 55543.46147820 14.520
  91 230.912496  65.904152    73.886    73.903  5 55553.37712250 14.664
  92 230.911004  65.904675    73.947    73.977  5 55563.29276535 15.285
  93 230.911071  65.905649    73.796    73.705  5 55573.20840768 13.985
  94 230.913781  65.905519    73.489    73.562  5 55583.12404894 14.505
  95 230.913711  65.904080    73.798    73.804  5 55593.03968661 13.791
  96 230.912065  65.902131    74.277    74.261  4 55602.95532082 13.397
  97 230.916577  65.900762    74.495    74.519  4 55612.87095349 11.767
  98 230.913054  65.901547    77.322    77.422  4 55622.78658883  9.434
  99 230.911808  65.902982    77.022    77.030  4 55632.70224156 10.150
 100 230.913631  65.903646    76.185    76.211  5 55642.61789235  9.934
 101 230.914312  65.903139    76.666    76.730  5 55652.53354022  9.658
 102 230.916651  65.901336    77.351    77.203  4 55662.44918409 10.088
 103 230.914091  65.900583    77.328    77.331  4 55672.36482441  8.816
 104 230.914704  65.901177    76.708    77.158  3 55682.28046347  8.471
 105 230.913144  65.903323    75.949    75.814  5 55692.19610070  5.899
 106 230.910809  65.905361    94.576    93.311  5 55702.11173626 28.349
 107 230.908738  65.906128    79.734    81.103  5 55712.02737852 20.742
 108 230.913346  65.905294    85.800    85.817  5 55721.94302852 14.981
 109 230.913174  65.904823    76.581    76.245  5 55731.85867606 14.150
 110 230.911511  65.904862    75.717    75.783  4 55741.77432220 11.745
 111 230.913049  65.904877    74.012    74.071  5 55751.68996737 17.314
 112 230.911022  65.904576    81.690    83.165  4 55761.60560990 15.359
 113 230.914850  65.903320    75.070    74.886  4 55771.52125015 15.101
 114 230.912137  65.901948    75.135    75.146  4 55781.43688632 17.208
 115 230.914753  65.901227    74.574    74.604  4 55791.35252032 17.287
 116 230.913169  65.901944    71.303    71.533  4 55801.26815266 26.607
 117 230.913049  65.902938    70.687    70.427  4 55811.18380251 22.686
 118 230.914871  65.903407    77.191    76.892  4 55821.09945132 11.219
 119 230.912791  65.903153    82.802    82.291  5 55831.01509506 13.101
 120 230.916748  65.901834    72.655    72.596  4 55840.93073481 21.424
 121 230.915731  65.901384    74.980    74.976  4 55850.84637104 19.672
 122 230.912662  65.902654    74.470    74.466  4 55860.76200503 27.601
 123 230.913199  65.904167    74.263    74.234  5 55870.67765718 19.904
 124 230.911728  65.905474    74.085    74.062  5 55880.59330759 19.149
 125 230.913799  65.905625    73.882    73.885  5 55890.50895169 18.485
 126 230.910688  65.905598    74.084    74.088  5 55900.42458946 18.129
 127 230.909814  65.905700    73.962    73.961  5 55910.34022268 18.014
 128 230.911705  65.905616    73.928    73.971  4 55920.25587574 17.631
 129 230.913031  65.905100    73.912    73.863  5 55930.17152822 17.126
 130 230.914391  65.903739    74.035    74.079  4 55940.08717693 15.150
 131 230.915671  65.901896    73.789    73.893  4 55950.00282096 14.621
 132 230.913758  65.901158    74.301    74.394  4 55959.91846052 13.246
 133 230.913063  65.901653    74.377    74.498  4 55969.83409781 12.310
 134 230.915382  65.902731    74.076    74.149  4 55979.74973435 12.403
 135 230.914119  65.903397    73.730    73.817  4 55989.66536975 12.205
 136 230.911405  65.903182    74.261    74.287  4 55999.58101265 12.304
 137 230.912716  65.902086    74.327    74.417  4 56009.49666364 12.453
 138 230.912982  65.901608    74.515    74.556  4 56019.41231038 12.454
 139 230.911593  65.902205    74.636    74.760  4 56029.32795396 12.080
 140 230.913502  65.903401    74.103    74.073  4 56039.24359597 10.467
 141 230.915147  65.904476    86.018    86.550  3 56049.15923596  0.589
 142 230.910252  65.905568    82.721    84.292  5 56059.07487266 10.905
 143 230.912593  65.905464    93.981    93.471  5 56068.99050705 24.331
 144 230.913747  65.905100    83.594    77.338  5 56078.90615833 20.837
 145 230.911964  65.905261    84.411    84.486  4 56088.82180662 15.094
 146 230.911948  65.905628    98.577    98.647  4 56098.73745257 24.051
 147 230.912539  65.905075    74.234    74.636  5 56108.65309628 18.295
 148 230.913262  65.903473    74.869    74.844  4 56118.56872560 14.733
 149 230.917405  65.901545    73.595    73.526  4 56128.48436315 17.143
 150 230.914962  65.901035    71.332    71.680  3 56138.39999655 22.913
 151 230.911931  65.902100    75.476    75.347  4 56148.31564366 15.491
 152 230.911728  65.903574    75.248    75.197  4 56158.23129268 14.146
 153 230.914244  65.903976    85.992    86.042  4 56168.14694091 13.513
 154 230.915840  65.902878    89.521    86.206  4 56178.06258623 11.805
 155 230.911614  65.901806    86.583    86.648  4 56187.97822650 20.602
 156 230.912592  65.901414    86.600    86.602  4 56197.89386375 17.755
 157 230.914023  65.902814    86.337    86.343  5 56207.80949810 18.331
 158 230.912703  65.905156    74.604    74.545  5 56217.72513057 19.160
 159 230.912848  65.906460    73.925    73.903  5 56227.64077456 24.884
 160 230.909367  65.906205    74.058    74.043  5 56237.55642872 23.366
 161 230.911009  65.905073    74.230    74.252  4 56247.47207951 21.303
 162 230.912077  65.904501    74.131    74.168  4 56257.38772520 21.201
 163 230.913730  65.905108    73.817    73.813  5 56267.30336750 19.316
 164 230.912022  65.905890    73.975    73.991  5 56277.21900779 18.665
 165 230.910099  65.905540    74.191    74.237  5 56287.13465545 17.660
 166 230.913348  65.903205    74.358    74.380  4 56297.05030529 17.572
 167 230.916819  65.900711    74.598    74.574  4 56306.96595119 17.686
 168 230.915497  65.900104    74.954    74.929  3 56316.88159368 17.682
 169 230.912804  65.901895    74.689    74.726  4 56326.79723442 17.149
 170 230.914119  65.903886    74.169    74.119  5 56336.71287454 16.836
 171 230.913697  65.904621    74.120    74.108  5 56346.62851303 16.431
 172 230.914108  65.903427    74.223    74.256  5 56356.54414916 16.147
 173 230.914077  65.901573    74.535    74.644  4 56366.45979685 13.085
 176 230.911425  65.905448    74.138    74.010  5 56396.20673434 12.152
 177 230.911301  65.906725    86.808    86.822  5 56406.12237569  3.124
 178 230.911975  65.906410    73.528    73.667  5 56416.03801372  9.529
 179 230.911909  65.905169    74.255    74.194  4 56425.95364695 10.848
 180 230.912884  65.904211    94.544    96.860  5 56435.86929653 27.429
 181 230.912711  65.904415    86.174    86.159  4 56445.78494834 20.789
 182 230.913863  65.905320    85.929    85.967  5 56455.70059789 15.542
 183 230.911289  65.905259    91.196    91.086  4 56465.61624407 26.421
 184 230.912425  65.903434    86.348    86.380  5 56475.53188686 19.297
 185 230.912291  65.901197    86.665    86.618  4 56485.44752604 19.629
 186 230.915092  65.900363    88.884    88.870  3 56495.36316250 30.733
 187 230.916526  65.901887    90.041    90.791  4 56505.27879702 30.005
 188 230.913785  65.904572    93.661    93.471  5 56515.19442961 27.440
 189 230.910202  65.905491    86.164    86.250  5 56525.11008269 18.401
 190 230.914097  65.903985    89.075    88.207  4 56535.02573402 27.352
 192 230.912557  65.901722    86.629    86.632  4 56554.85702547 17.724
 193 230.912770  65.903449    86.179    86.206  4 56564.77266823 17.797
 194 230.910476  65.906137    85.991    86.027  5 56574.68830940 18.156
 195 230.908188  65.907736    85.974    86.009  5 56584.60394780 16.902
 196 230.908381  65.907255    74.397    74.443  5 56594.51958327 24.482
 197 230.911709  65.905272    74.424    74.460  5 56604.43523674 28.140
 198 230.913718  65.903945    74.653    74.701  4 56614.35088526 19.049
 199 230.913230  65.904253    74.654    74.596  4 56624.26652959 15.239
 200 230.912926  65.904916    74.456    74.343  4 56634.18217112 15.285
 201 230.913116  65.905114    74.365    74.427  5 56644.09780787 14.283
 202 230.912177  65.903599    74.587    74.513  4 56654.01346051 14.480
 203 230.917082  65.901370    74.584    74.618  4 56663.92910983 14.674
 204 230.915184  65.900603    74.905    74.908  4 56673.84475580 14.780
 205 230.913878  65.901872    75.244    75.350  4 56683.76040053 14.147
 206 230.913204  65.903731    74.799    74.784  5 56693.67604322 13.829
 207 230.911715  65.904964    74.871    74.785  5 56703.59168154 13.149
 208 230.913547  65.904251    74.409    74.500  5 56713.50731495 13.089
 209 230.915200  65.902715    42.552    42.540  4 56723.42296403 15.544
 210 230.913019  65.902361    74.574    74.582  4 56733.33861452 13.177
 211 230.912546  65.903934    74.411    74.426  4 56743.25426165 13.650
 212 230.913009  65.906055    73.838    73.747  5 56753.16990450 13.686
 213 230.910739  65.907369    75.155    75.240  5 56763.08554178 10.287
 214 230.913748  65.906713    74.990    75.436  5 56773.00117464  5.867
 215 230.913691  65.905030    86.264    86.338  5 56782.91683231 24.105
 216 230.914127  65.903858    95.267    96.412  4 56792.83248635 25.153
 217 230.912285  65.903833    88.001    85.988  4 56802.74813737 21.375
 218 230.913808  65.904145    91.515    91.584  5 56812.66378083 23.346
 219 230.913540  65.903999    86.078    86.014  4 56822.57942049 14.151
 220 230.914233  65.903047    28.067    27.959  4 56832.49505607 52.137
 221 230.913279  65.902164    83.338    85.998  4 56842.41068807 18.004
 222 230.915804  65.901920    80.786    79.194  4 56852.32632785 11.861
 223 230.911343  65.902843    69.336    69.538  4 56862.24198159 25.670
 224 230.914025  65.903759    73.824    74.875  5 56872.15763540 20.361
 225 230.911751  65.904257    69.743    69.281  5 56882.07328573 24.924
 226 230.912615  65.903850    89.111    92.011  5 56891.98893274 24.247
 227 230.914351  65.903067    89.764    87.874  5 56901.90457680 23.643
 228 230.914288  65.903528    79.731    78.195  4 56911.82021874 12.861
 229 230.911739  65.904893    71.563    72.878  5 56921.73585884 20.035
 230 230.911898  65.906393    85.627    85.655  5 56931.65149697 13.906
 231 230.911324  65.906989    74.186    74.180  5 56941.56712991 26.417
 232 230.908532  65.906578    74.321    74.360  5 56951.48277126 27.106
 233 230.911124  65.905174    74.365    74.389  5 56961.39842283 23.349
 234 230.911751  65.904487    74.387    74.367  4 56971.31406923 20.647
 235 230.913255  65.904365    74.428    74.404  4 56981.22971162 15.656
 236 230.912573  65.904448    74.451    74.506  4 56991.14534936 16.301
 237 230.914251  65.903934    74.439    74.489  4 57001.06098099 16.791
 238 230.914501  65.902804    74.503    74.464  4 57010.97663822 16.891
 239 230.914239  65.901988    74.621    74.826  4 57020.89229004 16.512
 240 230.912025  65.902441    74.781    74.754  4 57030.80793876 16.359
 241 230.912850  65.903195    74.754    74.691  4 57040.72358592 16.584
 242 230.912137  65.904036    74.323    74.417  5 57050.63923083 15.773
 243 230.911805  65.904104    74.330    74.303  5 57060.55487168 14.630
 244 230.914196  65.903808    74.272    74.252  4 57070.47050719 13.621
 245 230.913060  65.904148    74.337    74.431  4 57080.38613801 12.816
 246 230.913691  65.905152    74.154    74.181  5 57090.30177832 12.489
 247 230.912227  65.906340    73.848    73.889  5 57100.21743594 12.392
 248 230.913203  65.906783    73.840    73.816  5 57110.13309073 11.354
 249 230.912498  65.906134    73.944    74.092  5 57120.04873985 12.195
 250 230.910683  65.904997    74.583    74.601  5 57129.96438303 11.646
 251 230.911270  65.904466    76.107    76.663  4 57139.88002106  2.732
 252 230.910677  65.905001    75.614    75.809  5 57149.79565541  7.943
 253 230.911967  65.905488    96.474    98.237  4 57159.71128703 27.976
 254 230.911303  65.904761    86.053    86.089  4 57169.62693873 15.323
 255 230.915197  65.902945    77.620    75.067  4 57179.54259479 18.384
 256 230.911817  65.901835    84.319    85.206  4 57189.45824613 24.755
 257 230.914377  65.901831    72.387    71.673  5 57199.37389424 20.056
 258 230.913039  65.903111    75.245    75.334  4 57209.28952824 17.719
 259 230.913974  65.904188    84.743    84.557  5 57219.20517246 20.598
 260 230.913919  65.904279    75.087    75.130  4 57229.12081559 14.899
 261 230.914184  65.903833    72.769    73.094  4 57239.03645656 26.509
 262 230.914734  65.903549    89.159    90.896  4 57248.95209448 22.600
 263 230.911429  65.904584    84.346    85.212  5 57258.86772961 14.491
 264 230.910359  65.906319    89.405    88.280  5 57268.78336368 25.483
 265 230.908990  65.907648    88.400    89.291  5 57278.69901364 28.640
 266 230.909683  65.907423    86.038    86.013  5 57288.61466970 18.595
 267 230.909296  65.906051    78.872    78.292  5 57298.53032285 18.037
 268 230.912797  65.904116    73.998    73.826  4 57308.44597273 23.940
 269 230.914272  65.903445    74.772    74.748  4 57318.36161877 22.421
 270 230.913586  65.904007    74.623    74.639  5 57328.27726141 22.794
 271 230.912255  65.905096    72.267    72.625  4 57338.19290179 26.387
 272 230.911590  65.904621    74.457    74.511  4 57348.10855015 18.645
 273 230.913603  65.902769    74.658    74.638  5 57358.02419670 18.380
 274 230.915208  65.901006    75.019    74.963  3 57367.93983991 16.755
 275 230.914919  65.901163    74.980    75.131  3 57377.85547995 16.624
 276 230.913051  65.903250    74.343    74.283  4 57387.77111810 17.092
 277 230.909753  65.905354    74.320    74.341  5 57397.68675534 17.304
 278 230.911907  65.905710    73.817    73.907  5 57407.60239170 18.156
 279 230.913771  65.904249    74.280    74.203  4 57417.51804433 16.942
 280 230.913608  65.903254    74.232    74.100  4 57427.43369516 18.036
 281 230.912747  65.903973    74.326    74.315  5 57437.34934312 16.846
 282 230.913709  65.905957    74.201    74.173  5 57447.26498971 16.363
 283 230.910324  65.907741    74.179    74.288  5 57457.18063488 16.639
 284 230.907572  65.907651    74.241    74.250  5 57467.09627766 16.581
 285 230.910555  65.905534    74.416    74.404  5 57477.01191708 15.162
 286 230.912193  65.903520    74.303    74.183  4 57486.92755314 15.091
 287 230.913008  65.903225    74.417    74.430  5 57496.84318683 14.875
 289 230.912005  65.905551    86.381    86.301  5 57516.67448002 23.805
 290 230.912458  65.904931    86.204    86.212  4 57526.59013363 21.150
 291 230.913984  65.902705    86.472    86.467  5 57536.50578484 20.259
 292 230.917685  65.900746    86.487    86.551  4 57546.42143351 15.145
 293 230.915790  65.900956    86.515    86.566  4 57556.33707986 15.330
 294 230.914962  65.903003    89.470    88.672  4 57566.25272493 28.910
 295 230.911210  65.905073    89.782    89.029  4 57576.16836898 28.008
 296 230.911571  65.905496    77.619    73.729  5 57586.08401251 20.707
 297 230.913815  65.904507    86.442    87.171  5 57595.99965403 26.123
