# NaN NaN NaN ;Mean Elev.(m), Avg Gradient(m/km), RMS Gradient(m/km) - SRTM1     
#   84.347  -4.003   8.381 ;Mean Elev.(m), Avg Gradient(m/km), RMS Gradient(m/km) - ASTER GDEM
#   62.429  -3.363   7.247 ;Mean Elev.(m), Avg Gradient(m/km), RMS Gradient(m/km) - GMTED2010 
   2 234.833264  64.871766   117.250   119.402 10 54673.77115475 21.932
   3 234.823331  64.871932   -18.384   -18.416 10 54683.68679727 13.986
   4 234.818666  64.871810   119.571   119.325 11 54693.60243889 13.917
   5 234.828121  64.871890    -9.325    -4.930 11 54703.51807930 17.443
   6 234.836941  64.871042   119.018   120.102  9 54713.43372984 18.163
   7 234.841745  64.870122     7.970     7.564  8 54723.34938091  9.605
   8 234.841772  64.870109   119.599   119.617  8 54733.26502928 16.727
   9 234.838015  64.871247   119.869   119.877  9 54743.18067595 16.689
  10 234.829302  64.871255   119.030   119.084 10 54753.09632183 17.040
  11 234.843740  64.872912   174.139   174.540  4 54763.01196947  0.362
  14 234.851905  64.870463   122.477   119.756  6 54792.75889299  5.494
  15 234.842146  64.870620   113.756   113.702  8 54802.67452946 15.185
  16 234.838225  64.871291   112.201   111.951  9 54812.59016629 15.563
  17 234.833970  64.870979   112.712   111.795 10 54822.50580843 14.947
  18 234.837437  64.871097   111.298   111.468 10 54832.42144909 15.218
  19 234.834505  64.871075   110.404   109.947  9 54842.33709895 15.105
  20 234.827458  64.871743   110.585   110.451 10 54852.25274730 13.828
  21 234.815360  64.872125   109.995   109.909 11 54862.16839488 13.957
  22 234.811233  64.872435   110.769   110.048 12 54872.08404316 13.931
  23 234.820203  64.872279   109.970   110.081 11 54881.99969075 13.693
  24 234.835797  64.871515   110.763   110.323 10 54891.91533559 13.239
  25 234.842848  64.870239   110.014   110.023  8 54901.83097675 12.859
  26 234.842729  64.870442   110.289   110.358  8 54911.74661572 13.273
  27 234.835819  64.871178   110.180   110.140 10 54921.66225302 12.552
  28 234.832726  64.871680   110.771   110.564 10 54931.57788997 12.339
  29 234.837648  64.871003   110.939   110.263  9 54941.49352603 11.403
  30 234.849855  64.870064   116.347   115.327  7 54951.40916106 18.647
  31 234.851183  64.868581   118.921   118.961  6 54961.32480235 19.742
  32 234.849223  64.869303   118.731   121.653  6 54971.24045087 19.550
  33 234.841449  64.870371   118.394   119.531  8 54981.15609777 18.609
  34 234.833419  64.871142    52.364    52.339 10 54991.07174434 54.223
  35 234.830347  64.871104   120.237   120.394 10 55000.98739095 19.431
  36 234.835183  64.871595   120.088   120.149 10 55010.90303653 16.766
  37 234.836697  64.871489   120.207   120.166 10 55020.81868023 19.502
  38 234.829366  64.871426    96.843    94.901 10 55030.73432200 25.571
  39 234.821546  64.871688    50.225    50.159 11 55040.64996304 55.053
  40 234.819635  64.871877   119.229   119.157 11 55050.56560318 13.246
  41 234.830979  64.871845   119.738   119.731 10 55060.48124236 14.849
  42 234.842139  64.870663   119.529   119.556  8 55070.39688451 15.141
  43 234.846294  64.869354   119.534   119.455  7 55080.31253398 14.180
  44 234.846048  64.869660   119.277   119.281  7 55090.22818137 14.772
  45 234.840457  64.870971   119.821   119.732  9 55100.14382739 15.254
  46 234.830222  64.871412    97.247    98.076 10 55110.05947246 18.031
  47 234.835479  64.871728   115.726   117.865 10 55119.97511731 29.409
  48 234.841964  64.870304   116.634   118.701  9 55129.89075953 24.966
  49 234.848619  64.869189   102.140    97.192  7 55139.80639978 24.445
  50 234.846836  64.869235   111.159   110.095  7 55149.72203822 20.261
  51 234.840310  64.870410   117.266   117.547  9 55159.63767603 16.771
  52 234.835523  64.871572   117.194   117.928 10 55169.55331363 16.308
  53 234.829870  64.871057   115.815   117.485 10 55179.46894989 16.702
  54 234.835619  64.871258   117.174   117.255 10 55189.38459700 16.889
  55 234.835344  64.871461   112.767   111.829 10 55199.30024750 16.352
  56 234.829661  64.871808   112.912   111.925 10 55209.21589674 16.762
  57 234.822773  64.872230   111.460   112.122 11 55219.13154540 16.404
  58 234.821572  64.872144   111.096   111.952 11 55229.04719372 16.131
  59 234.829889  64.871945   110.875   110.347 10 55238.96283976 15.824
  60 234.836273  64.870500   109.692   109.610  9 55248.87848194 15.364
  61 234.846390  64.870406   109.952   109.946  8 55258.79412215 15.341
  62 234.844962  64.870286   110.898   110.298  8 55268.70976053 14.700
  63 234.840379  64.870913   109.990   109.761  9 55278.62539839 15.163
  64 234.836743  64.871017   111.196   110.075 10 55288.54103500 14.012
  65 234.841280  64.870846   110.867   110.105  9 55298.45666995 12.447
  66 234.845502  64.869734   118.394   119.100  7 55308.37231322 23.993
  67 234.848414  64.869141   109.689   105.854  7 55318.28795960 22.851
  68 234.846965  64.869517   119.887   119.523  7 55328.20360463 17.901
  69 234.840606  64.870569   118.684   119.771  8 55338.11924866 16.337
  70 234.832910  64.871270    99.666    95.063 10 55348.03489213 25.763
  71 234.830451  64.871595   113.907   119.610 10 55357.95053429 17.106
  72 234.833505  64.871842   119.839   119.763 10 55367.86617487 15.026
  73 234.834669  64.871650   112.861   110.872 10 55377.78181375 22.865
  74 234.834834  64.871775   119.917   119.965 10 55387.69745174 15.879
  75 234.829681  64.871189    50.448    50.428 10 55397.61308825 53.453
  76 234.833632  64.871322   103.726    97.267  9 55407.52873228 26.317
  77 234.837263  64.870811   120.213   120.045  9 55417.44438358 13.643
  78 234.841161  64.869836   119.667   119.705  8 55427.36003142 14.739
  79 234.847043  64.870012   119.397   119.765  8 55437.27567687 17.131
  80 234.845646  64.870406   119.621   119.675  8 55447.19132038 15.140
  81 234.840637  64.870787   118.286   119.300  9 55457.10696320 15.953
  82 234.836548  64.870812   114.011   119.476  9 55467.02260541 18.987
  83 234.839915  64.870487   120.637   119.742  9 55476.93824506 20.353
  84 234.845345  64.869755   114.073   114.449  8 55486.85388168 25.934
  85 234.850676  64.869436   116.537   115.255  6 55496.76951608 28.370
  86 234.848368  64.869818    99.621   102.425  7 55506.68515200 24.952
  87 234.840241  64.870593   117.837   117.743  8 55516.60080176 17.876
  88 234.835145  64.871493   116.573   117.796 10 55526.51645088 17.834
  89 234.830694  64.871556   117.587   117.663 11 55536.43209799 17.240
  90 234.830731  64.871718   117.741   117.860 10 55546.34774335 17.473
  91 234.828063  64.871735   115.509   115.584 11 55556.26338666 17.039
  92 234.826903  64.872137   113.378   112.675 11 55566.17902928 16.069
  93 234.827554  64.871923   117.604   118.407 10 55576.09467140 15.489
  94 234.832615  64.871058   111.200   111.669 10 55586.01031207 15.065
  95 234.842972  64.870388   112.223   111.290  8 55595.92595000 14.223
  96 234.846897  64.869574   112.562   111.382  7 55605.84158420 14.328
  97 234.847350  64.869396   114.617   113.759  7 55615.75721599 13.421
  98 234.846563  64.870271   110.513   109.682  8 55625.67285734 12.729
  99 234.840623  64.870259   110.433   109.438  8 55635.58850885 12.877
 100 234.842263  64.870424   109.795   109.639  8 55645.50415894 11.063
 101 234.843956  64.869918   110.539   109.711  8 55655.41980622 10.609
 102 234.845960  64.869648   110.713   109.721  7 55665.33544903 11.375
 103 234.846189  64.869979   111.361   110.003  8 55675.25108881 10.664
 104 234.843433  64.870679   120.340   120.442  8 55685.16672668 10.580
 105 234.837751  64.870880   113.664   112.666 10 55695.08236311 13.369
 106 234.836811  64.871040   119.613   119.652 10 55704.99799867 19.935
 107 234.836554  64.871136   119.583   119.651 10 55714.91364615 16.959
 108 234.832350  64.870998   100.590    98.877 10 55724.82929474 25.429
 109 234.830445  64.871631    88.816    90.655 10 55734.74494165 18.234
 110 234.822793  64.871361    52.007    51.990  9 55744.66058668 54.417
 111 234.827150  64.871637    60.101    64.484 11 55754.57623123 25.296
 112 234.836549  64.870982   104.558    97.492  9 55764.49187386 28.809
 113 234.845733  64.869899   114.132   113.880  7 55774.40751362 27.663
 114 234.850678  64.869292   119.279   119.196  6 55784.32314979 15.174
 115 234.846073  64.869377   119.235   119.288  7 55794.23878287 14.815
 116 234.842331  64.870273   117.447   117.897  9 55804.15441969 27.885
 117 234.838956  64.870638   116.617   117.174  9 55814.07006904 23.678
 118 234.844361  64.870430   118.760   119.723  8 55823.98571704 15.668
 119 234.847294  64.869295   119.112   119.307  7 55833.90136008 14.718
 120 234.851877  64.869283   119.625   119.508  6 55843.81699931 16.260
 121 234.850357  64.870052   118.044   119.148  7 55853.73263500 20.583
 122 234.839466  64.870444   116.490   117.866  9 55863.64827118 26.492
 123 234.830485  64.871020   119.322   118.343 10 55873.56392414 20.370
 124 234.832438  64.871433   118.244   118.396 10 55883.47957286 19.473
 125 234.835849  64.871363   118.371   118.564  9 55893.39521541 19.135
 126 234.836774  64.871032   111.268   109.878 10 55903.31085221 16.211
 127 234.832736  64.871097   109.442   109.514 10 55913.22648947 15.549
 128 234.827048  64.871755   109.908   109.816 10 55923.14214318 15.857
 129 234.825953  64.871619   110.271   109.833 11 55933.05779434 15.272
 130 234.835984  64.870993   111.059   109.828  9 55942.97344210 14.628
 131 234.845633  64.869760   109.855   109.855  7 55952.88908546 13.619
 132 234.849138  64.869257   109.911   109.776  7 55962.80472505 12.456
 133 234.845812  64.870001   109.951   109.831  8 55972.72036210 11.950
 134 234.837135  64.870653   109.619   109.616  9 55982.63599739 12.398
 135 234.836255  64.870634   109.805   109.825  9 55992.55163159 12.648
 136 234.840640  64.870118   110.012   110.048  8 56002.46728010 12.468
 137 234.848320  64.869455   110.141   110.148  7 56012.38293033 12.668
 138 234.848073  64.869171   110.135   110.152  7 56022.29857638 12.510
 139 234.842036  64.870107   110.033   109.958  8 56032.21421926 12.170
 140 234.830880  64.871036   121.291   121.383 10 56042.12985962  8.794
 141 234.826121  64.871638   121.410   121.730 10 56052.04549809 16.346
 142 234.828846  64.871441   111.536   111.756 10 56061.96113431 27.123
 143 234.836817  64.871040   120.163   120.779  9 56071.87677447 23.789
 144 234.835481  64.870765   119.486   119.560  9 56081.79242478 16.614
 145 234.833807  64.871519   119.651   119.691 10 56091.70807252 15.699
 146 234.828394  64.871987   119.419   119.449 10 56101.62371755 13.361
 147 234.830089  64.871886    52.177    52.152 10 56111.53934888 52.202
 148 234.835661  64.870477   117.738   119.931  9 56121.45498861 25.601
 149 234.849457  64.869504   119.924   121.640  6 56131.37062537 17.933
 150 234.851056  64.868447   116.736   118.180  6 56141.28626052 16.696
 151 234.846450  64.869656   116.544   115.381  7 56151.20191115 14.217
 152 234.837308  64.870875   118.155   119.063 10 56161.11755959 13.631
 153 234.831617  64.871079   114.037   112.464 10 56171.03320656 19.292
 154 234.840037  64.870956   120.177   120.220  9 56180.94885057 16.400
 155 234.847707  64.870033   119.054   118.904  7 56190.86449055 18.700
 156 234.847432  64.869178   118.095   119.133  7 56200.78012697 14.855
 157 234.844726  64.870140   117.977   119.092  7 56210.69576098 16.028
 158 234.837518  64.871188   111.872   110.944 10 56220.61139267 27.305
 159 234.828664  64.871923   119.923   118.541 10 56230.52704276 24.008
 160 234.826633  64.871666   116.963   118.033 11 56240.44269558 19.948
 161 234.831708  64.871551   113.607   113.047 10 56250.35834508 18.825
 162 234.834461  64.871077   111.754   110.766  9 56260.27398959 18.491
 163 234.832707  64.871128   111.107   111.400 10 56270.18963126 18.780
 164 234.830855  64.871333   112.465   111.794 10 56280.10527122 18.405
 165 234.827937  64.871313   111.276   110.849 10 56290.02092258 16.896
 166 234.836961  64.871179   110.991   110.007 10 56299.93657160 16.753
 167 234.844739  64.870208   109.871   109.651  7 56309.85221641 16.311
 168 234.847862  64.869628   109.812   109.794  7 56319.76785844 15.963
 169 234.844135  64.870216   111.026   110.236  7 56329.68349904 15.757
 170 234.837292  64.870963   112.144   112.368  9 56339.59913858 15.672
 171 234.835604  64.871306   110.821   110.096  9 56349.51477642 15.582
 172 234.840729  64.870630   109.872   109.890  8 56359.43041302 15.360
 173 234.844782  64.870003   109.967   110.029  7 56369.34606364 14.898
 175 234.835829  64.870703   109.922   109.562  9 56389.17735571 14.008
 176 234.828742  64.871894   112.722   112.174 11 56399.09299853 13.203
 177 234.822344  64.872027   115.849   116.893 11 56409.00863883  9.232
 178 234.825508  64.871705   117.430   118.129 10 56418.92427552  8.821
 179 234.834350  64.871334   120.414   120.401  9 56428.83991011 19.328
 180 234.836758  64.871620   118.741   119.778 10 56438.75556400 21.617
 181 234.834108  64.871719   119.581   119.674 10 56448.67121486 17.182
 182 234.828352  64.871366   112.878   112.178 10 56458.58686321 26.703
 183 234.835430  64.871782   113.798   107.509 10 56468.50250946 27.272
 184 234.835955  64.870613   116.755   117.097  9 56478.41815100 26.201
 185 234.844805  64.870285   120.846   121.276  8 56488.33378950 16.275
 186 234.847213  64.870054   119.615   119.070  7 56498.24942492 23.377
 187 234.844823  64.869947   118.073   119.137  8 56508.16505875 14.550
 188 234.842642  64.870522   115.135   118.625  9 56518.08069719 18.993
 189 234.837284  64.870616   107.727   118.993  9 56527.99635093 17.208
 190 234.836879  64.870463   118.342   119.265  9 56537.91200085 14.793
 191 234.840656  64.870453   112.784   119.587  9 56547.82764717 17.738
 192 234.838316  64.870544   119.284   119.369  9 56557.74329031 14.995
 193 234.832748  64.870973   118.755   119.559 10 56567.65893225 19.368
 194 234.826504  64.871612   118.930   119.020 10 56577.57457280 16.832
 195 234.825008  64.871746    99.122    95.155 11 56587.49021018 27.929
 196 234.827853  64.871547   117.420   118.062 10 56597.40585151 25.236
 197 234.829280  64.871272   117.911   118.302 10 56607.32150323 24.147
 198 234.832406  64.871545   114.859   114.231 10 56617.23715025 22.666
 199 234.830283  64.871205   115.723   117.910 10 56627.15279338 19.414
 200 234.834856  64.871477   115.928   117.341 10 56637.06843441 18.628
 201 234.837866  64.870809   110.360   110.365  9 56646.98407617 18.465
 202 234.842595  64.870715   110.355   110.265  8 56656.89972874 18.185
 203 234.844772  64.870424   110.245   110.405  8 56666.81537670 17.246
 204 234.839999  64.870252   109.929   109.859  8 56676.73102138 17.146
 205 234.839900  64.871194   110.254   110.157  9 56686.64666539 17.630
 206 234.837106  64.871287   110.290   110.303 10 56696.56230707 17.397
 207 234.839887  64.871062   110.205   110.213  9 56706.47794466 16.978
 208 234.843789  64.870512   110.243   110.238  8 56716.39357876 16.856
 209 234.840865  64.870685    61.308    61.381  8 56726.30923170 15.171
 210 234.832163  64.870976   109.991   110.015 10 56736.22488020 16.106
 211 234.825340  64.871877   110.406   110.129 10 56746.14052554 15.855
 212 234.821763  64.871959   111.541   110.260 11 56756.05616683 15.352
 213 234.825897  64.871661   109.175   118.316 10 56765.97180308  9.498
 214 234.830950  64.871235   120.008   120.132 10 56775.88744390 12.013
 215 234.828415  64.871251   119.811   119.782 10 56785.80310027 16.685
 216 234.826733  64.871885   114.333   112.391 11 56795.71875309 22.099
 217 234.823728  64.871941   115.935   114.737 11 56805.63440146 26.741
 218 234.828333  64.871546   104.768   103.246 11 56815.55004377 21.691
 219 234.839125  64.871141    98.869    97.597  9 56825.46568318 29.390
 220 234.844895  64.870226    51.293    51.296  8 56835.38131845 52.164
 221 234.847007  64.870094   112.762   112.784  7 56845.29695017 27.769
 222 234.842281  64.870668   119.233   119.305  8 56855.21259623 13.636
 223 234.834284  64.871009   119.488   119.155  9 56865.12824913 13.472
 224 234.833294  64.871190   116.859   119.190 10 56875.04390184 18.375
 225 234.834469  64.870996   117.185   119.715  9 56884.95955158 26.601
 226 234.835975  64.870759   119.497   119.523  9 56894.87519832 16.340
 227 234.833794  64.871097   119.361   119.497 10 56904.79084159 13.981
 228 234.825349  64.871577    92.282    93.674 10 56914.70648215 20.850
 229 234.817938  64.871935   117.855   118.982 11 56924.62212098 16.814
 230 234.819573  64.872201   118.734   118.690 11 56934.53775783 13.803
 231 234.827930  64.871733   117.824   118.853 11 56944.45338996 18.979
 232 234.832988  64.871096   117.426   118.096 10 56954.36903912 19.909
 233 234.836516  64.871357   113.282   110.636 10 56964.28468935 24.756
 234 234.831256  64.871555   116.678   118.013 10 56974.20033414 16.649
 235 234.827982  64.871861   117.556   117.962 10 56984.11597475 15.942
 236 234.833158  64.871564   118.032   118.277 10 56994.03161113 16.105
 237 234.842598  64.870389   114.972   114.427  8 57003.94725035 16.040
 238 234.846301  64.869561   115.109   116.676  7 57013.86290681 16.071
 239 234.844482  64.869661   113.420   110.372  7 57023.77855773 15.971
 240 234.838418  64.871038   112.782   111.655  9 57033.69420580 16.299
 241 234.831051  64.871778   114.682   115.027 10 57043.60985133 15.843
 242 234.831593  64.871824   113.152   113.522 10 57053.52549499 15.921
 243 234.837801  64.870921   110.726   109.951 10 57063.44113455 15.707
 244 234.842445  64.870213   110.156   109.910  8 57073.35676893 15.076
 245 234.841605  64.870384   110.803   110.249  9 57083.27239917 13.580
 246 234.829337  64.871287   111.859   112.031 10 57093.18804713 13.993
 247 234.816749  64.872087   113.811   116.487 11 57103.10370305 13.484
 248 234.817700  64.872569   114.389   116.129 11 57113.01935638 12.484
 249 234.824527  64.871740   119.065   119.242 11 57122.93500414  7.341
 250 234.836522  64.871495   119.868   119.768 10 57132.85064694  6.485
 251 234.836598  64.870808   119.019   119.176  9 57142.76628386 14.644
 252 234.836196  64.871465   120.037   120.076 10 57152.68191788 20.725
 253 234.835150  64.871694   116.309   116.747 10 57162.59755034 27.159
 254 234.830307  64.871051    97.305    97.041 10 57172.51320699 28.189
 255 234.840755  64.870887   116.110   117.654  9 57182.42886206 25.857
 256 234.844644  64.869802   112.128   112.158  8 57192.34451261 27.661
 257 234.843326  64.869803   112.518   113.217  8 57202.26016011 25.887
 258 234.838713  64.871007   119.520   119.487  9 57212.17579388 15.991
 259 234.830229  64.871631   119.610   119.627 11 57222.09143700 16.572
 260 234.828559  64.871564   119.091   119.166 10 57232.00707924 13.777
 261 234.833366  64.871102   119.333   119.465 10 57241.92271943 14.890
 262 234.839535  64.870548   120.183   119.811  9 57251.83835714 14.989
 263 234.840591  64.870874   105.933   114.378  9 57261.75399260 24.042
 264 234.832694  64.871351   119.670   119.625 10 57271.66962605 14.899
 265 234.822249  64.872368   120.464   119.361 11 57281.58528202 14.317
 266 234.817788  64.872293   119.262   119.343 12 57291.50093664 16.846
 267 234.825571  64.871951   112.746   110.759 10 57301.41658921 26.623
 268 234.834670  64.871155    48.681    48.546 10 57311.33223814 50.309
 269 234.835859  64.870622   106.877   112.363  9 57321.24788308 26.784
 270 234.832619  64.871154   115.732   118.298 10 57331.16352528 25.102
 271 234.827378  64.871726   118.040   118.212 11 57341.07916523 18.747
 272 234.825641  64.871586   118.124   118.119 10 57350.99481600 17.773
 273 234.835070  64.870967   117.075   117.999 10 57360.91046174 17.659
 274 234.845006  64.870048   117.973   117.734  7 57370.82610431 17.853
 275 234.846673  64.869960   116.273   117.942  8 57380.74174398 17.732
 276 234.841955  64.870861   116.627   117.889  9 57390.65738222 17.354
 277 234.833109  64.871213   116.837   117.744 10 57400.57301904 17.353
 278 234.832420  64.871332   116.280   117.801 10 57410.48865887 17.081
 279 234.835834  64.871240   116.296   118.202 10 57420.40431140 16.574
 280 234.836118  64.870984   115.743   114.709  9 57430.31996108 15.665
 281 234.831325  64.871243   114.500   113.910 10 57440.23560828 15.939
 282 234.822830  64.871822   114.670   114.229 11 57450.15125422 14.793
 283 234.817666  64.872237   116.066   117.073 11 57460.06689902 14.627
 284 234.818903  64.871911   113.218   113.046 11 57469.98254112 14.285
 285 234.830482  64.871577   114.296   114.168 10 57479.89818009 13.824
 286 234.839603  64.870890   117.116   118.551  9 57489.81381575 13.791
 287 234.840381  64.869922   118.914   118.917  8 57499.72944859 12.511
 288 234.841821  64.870779   116.003   118.910  9 57509.64509310 15.974
 289 234.834634  64.870934   103.795    99.786 10 57519.56074822 26.108
 290 234.836860  64.871581   118.767   119.756 10 57529.47640149 17.936
 291 234.836242  64.870473   118.392   119.369  9 57539.39205123 14.895
 292 234.845156  64.870566   117.831   117.872  8 57549.30769925 23.960
 293 234.841036  64.869842   114.738   119.044  8 57559.22334471 15.390
 294 234.840991  64.871142   119.989   119.424  9 57569.13899001 15.830
 295 234.833316  64.871541   117.699   119.188 10 57579.05463412 16.121
 296 234.830330  64.871756   113.817   118.942 10 57588.97027709 16.449
 297 234.831655  64.871572   118.094   119.127 10 57598.88591777 14.363
