# NaN NaN NaN ;Mean Elev.(m), Avg Gradient(m/km), RMS Gradient(m/km) - SRTM1     
#    8.418  -2.074   9.679 ;Mean Elev.(m), Avg Gradient(m/km), RMS Gradient(m/km) - ASTER GDEM
#   30.000  -1.719   9.626 ;Mean Elev.(m), Avg Gradient(m/km), RMS Gradient(m/km) - GMTED2010 
   1 230.864522  66.030938    31.359    28.479  5 54665.88672882 27.033
   2 230.868425  66.032243    26.272    26.235  5 54675.80237382 50.928
   3 230.869787  66.034041    -5.293    -5.324  5 54685.71801720  8.727
   4 230.865707  66.034864    64.936    65.084  5 54695.63365847 22.255
   5 230.867395  66.033959    -7.660    -3.002  6 54705.54929774 12.647
   6 230.868192  66.031589    25.734    25.837  5 54715.46495003 46.535
   7 230.867567  66.029266     3.820     6.475  5 54725.38059999 13.558
   8 230.867181  66.028858    25.377    25.380  4 54735.29624806 39.931
   9 230.868361  66.030597    25.498    25.464  5 54745.21189536 28.575
  10 230.864364  66.032084    67.472    66.863  5 54755.12754174 22.594
  11 230.865337  66.031865    69.612    68.724  5 54765.04318734 24.268
  12 230.867402  66.029745    71.999    70.304  5 54774.95883014 18.325
  13 230.867470  66.027790    69.527    69.903  5 54784.87447023 18.949
  14 230.867639  66.027931    68.980    69.448  4 54794.79010870 19.787
  15 230.865749  66.029965    69.352    69.436  4 54804.70574623 19.224
  16 230.864588  66.031744    70.882    71.303  5 54814.62138335 18.803
  17 230.865246  66.032229    69.611    69.634  5 54824.53702880 17.567
  18 230.864306  66.031377    69.636    69.592  5 54834.45266849 16.995
  19 230.867027  66.031432    70.495    70.037  4 54844.36831861 16.389
  20 230.868503  66.032553    71.301    71.394  5 54854.28396775 16.507
  21 230.864917  66.034172    70.879    69.356  5 54864.19961625 16.637
  22 230.867865  66.034941    70.674    70.399  6 54874.11526509 16.357
  23 230.869215  66.033911    72.866    73.829  5 54884.03091122 15.855
  24 230.865848  66.031207    69.963    70.086  4 54893.94655347 16.080
  25 230.866728  66.029074    69.655    69.631  4 54903.86219344 15.697
  26 230.866601  66.028855    70.498    70.772  4 54913.77783215 15.529
  27 230.867281  66.030245    71.170    71.336  4 54923.69347030 15.158
  28 230.865781  66.031478    70.512    70.759  5 54933.60910746 14.703
  29 230.865488  66.031145    70.260    70.024  5 54943.52474278 13.911
  30 230.866149  66.029265    69.706    70.698  5 54953.44037612 19.263
  31 230.866485  66.027503    69.461    70.320  4 54963.35602049 19.582
  32 230.866901  66.027735    32.498    32.494  4 54973.27166900 35.013
  33 230.868508  66.029683    27.403    27.316  4 54983.18731686 48.920
  34 230.867487  66.031693    78.972    83.179  5 54993.10296424 26.550
  35 230.869380  66.032564    28.067    28.059  5 55003.01861090 47.701
  36 230.864575  66.032126    33.782    26.849  5 55012.93425499 33.901
  37 230.866822  66.031705    34.025    26.942  5 55022.84989830 31.747
  38 230.865911  66.032266    27.201    27.101  5 55032.76554057 47.878
  39 230.869081  66.033495    26.081    26.033  5 55042.68118252 45.753
  40 230.864287  66.033695    26.060    26.349  5 55052.59682216 40.571
  41 230.866364  66.032503    25.728    25.584  5 55062.51246019 38.194
  42 230.865800  66.030343    26.472    26.441  5 55072.42810404 50.831
  43 230.868215  66.028768    25.605    25.587  5 55082.34375265 41.620
  44 230.867355  66.028745    26.535    26.501  5 55092.25939940 48.296
  45 230.865448  66.029902    25.764    25.982  5 55102.17504575 49.194
  46 230.867197  66.031266    31.120    32.054  5 55112.09069210 28.892
  47 230.867511  66.031089    61.810    61.882  4 55122.00633603 26.453
  48 230.868107  66.029655    67.418    68.475  5 55131.92197708 23.429
  49 230.866022  66.028095    64.083    61.941  4 55141.83761586 22.849
  50 230.867020  66.028318    67.935    68.136  4 55151.75325431 23.642
  51 230.864741  66.029791    68.903    68.897  5 55161.66889268 21.287
  52 230.864549  66.031466    68.372    68.882  5 55171.58453085 20.878
  53 230.866318  66.032251    70.563    69.403  4 55181.50016764 20.606
  54 230.867462  66.032203    68.933    69.912  5 55191.41581723 21.314
  55 230.868474  66.032478    69.495    69.004  5 55201.33146751 20.933
  56 230.867595  66.033020    70.871    70.777  5 55211.24711700 20.038
  57 230.865346  66.033467    69.519    68.635  5 55221.16276589 20.316
  58 230.868080  66.033021    70.690    71.109  5 55231.07841411 19.143
  59 230.865979  66.031594    69.831    69.534  5 55240.99405865 19.434
  60 230.868421  66.030091    69.744    69.471  5 55250.90970006 18.974
  61 230.867452  66.029179    68.712    68.242  4 55260.82533887 19.088
  62 230.866114  66.029401    69.427    69.757  4 55270.74097683 18.795
  63 230.867420  66.030114    69.460    69.620  5 55280.65661495 18.570
  64 230.866668  66.030314    68.889    68.835  4 55290.57225167 17.355
  65 230.866760  66.029798    71.106    71.698  5 55300.48788611 11.040
  66 230.866409  66.028841    60.903    60.837  4 55310.40353205 23.597
  67 230.867562  66.028420    27.983    28.029  4 55320.31917777 36.412
  68 230.865802  66.028912    29.701    29.562  5 55330.23482218 50.865
  69 230.868228  66.030406    29.560    27.249  5 55340.15046684 32.227
  70 230.868347  66.031545    25.849    25.775  5 55350.06611104 48.371
  71 230.867368  66.032039    29.341    26.497  4 55359.98175305 28.347
  72 230.868953  66.032253    25.766    25.785  5 55369.89739312 31.768
  73 230.866533  66.032447    33.333    25.960  5 55379.81303133 33.163
  74 230.865863  66.032924    28.599    26.268  5 55389.72866900 28.962
  75 230.868398  66.032991    26.038    25.937  5 55399.64430589 37.852
  76 230.864302  66.031738    26.237    26.291  5 55409.55995246 47.443
  77 230.865411  66.029979    25.357    25.245  5 55419.47560301 37.501
  78 230.866226  66.028732    28.114    25.437  5 55429.39125024 29.505
  79 230.868351  66.029028    28.089    25.499  5 55439.30689506 29.043
  80 230.866907  66.030064    28.873    25.731  4 55449.22253815 23.989
  81 230.867913  66.030700    25.801    25.746  5 55459.13818110 48.548
  82 230.866973  66.030238    25.079    25.023  5 55469.05382305 30.181
  83 230.866946  66.029092    27.691    25.004  5 55478.96946185 33.078
  84 230.866924  66.028337    66.109    66.475  5 55488.88509776 22.273
  85 230.866341  66.028504    70.356    70.114  5 55498.80073136 20.610
  86 230.868370  66.029901    76.081    75.590  5 55508.71637093 18.278
  87 230.866450  66.031072    69.443    69.867  5 55518.63202091 18.529
  88 230.868272  66.031875    71.308    71.062  5 55528.54767031 18.493
  89 230.868410  66.032002    71.235    70.522  5 55538.46331767 18.012
  90 230.866332  66.032089    72.438    73.046  5 55548.37896257 18.200
  91 230.865635  66.032738    70.569    69.981  5 55558.29460587 18.163
  92 230.864869  66.033554    70.711    71.026  5 55568.21024830 18.462
  93 230.864929  66.033311    69.629    68.560  5 55578.12588996 19.274
  94 230.866936  66.031598    71.092    71.082  4 55588.04152952 18.392
  95 230.866466  66.029131    68.837    69.262  4 55597.95716578 17.479
  96 230.865946  66.027856    66.983    67.896  4 55607.87279938 16.808
  97 230.866268  66.028378    71.577    72.330  4 55617.78843113 12.832
  98 230.864458  66.030171    70.026    70.233  5 55627.70407670 13.280
  99 230.868310  66.031091    71.093    70.620  5 55637.61972847 13.353
 100 230.867024  66.030210    70.344    70.237  5 55647.53537768 13.733
 101 230.868476  66.028526    71.049    71.142  5 55657.45102423 13.347
 102 230.868375  66.027777    72.080    71.535  5 55667.36666645 13.479
 103 230.866651  66.028697    70.785    71.252  5 55677.28230582 12.943
 104 230.867467  66.030684    72.456    72.487  5 55687.19794356  3.139
 105 230.864754  66.031950    71.461    71.324  5 55697.11357974  9.551
 106 230.868226  66.032066    28.460    28.437  5 55707.02921514 50.129
 107 230.866487  66.031412    27.092    27.047  5 55716.94486578 44.477
 108 230.866641  66.031408    26.296    26.338  5 55726.86051440 51.867
 109 230.867256  66.032364    26.278    26.345  4 55736.77616136 37.619
 110 230.867787  66.033447    29.417    27.377  5 55746.69180705 30.461
 111 230.866567  66.033182    26.088    26.206  5 55756.60745055 29.148
 112 230.866985  66.031239    26.891    26.767  4 55766.52309163 49.940
 113 230.866299  66.028642    26.441    26.579  5 55776.43872965 50.551
 114 230.866998  66.027330    28.979    25.911  4 55786.35436503 31.286
 115 230.867513  66.028423    26.114    26.103  4 55796.26999865 38.346
 116 230.866509  66.030348    25.853    25.817  4 55806.18563944 39.559
 117 230.866474  66.031426    25.536    25.442  4 55816.10128859 31.630
 118 230.867695  66.030304    28.189    25.870  5 55826.01693486 29.914
 119 230.868649  66.028488    27.735    25.074  5 55835.93257664 30.462
 120 230.867157  66.027399    25.119    25.067  4 55845.84821483 48.717
 121 230.866581  66.028653    66.089    61.839  4 55855.76385047 23.414
 122 230.865612  66.030965    70.663    71.433  4 55865.67949190 23.429
 123 230.866916  66.032888    70.951    70.139  4 55875.59514484 23.997
 124 230.869016  66.032984    70.674    70.233  5 55885.51079195 23.389
 125 230.867028  66.032075    69.171    68.975  4 55895.42643282 22.886
 126 230.865653  66.031248    69.135    68.645  4 55905.34206847 20.942
 127 230.868533  66.031918    69.968    70.286  5 55915.25771085 18.691
 128 230.868123  66.032981    70.402    70.557  5 55925.17336459 17.470
 129 230.866976  66.033121    72.274    73.821  5 55935.08901504 15.089
 130 230.867220  66.031334    73.004    73.420  4 55945.00466082 13.061
 131 230.866623  66.028730    70.878    70.791  4 55954.92030213 16.148
 132 230.867299  66.027425    70.822    71.112  4 55964.83594083 15.914
 133 230.867497  66.028503    71.208    70.896  5 55974.75157812 15.048
 134 230.865374  66.030574    70.947    71.149  5 55984.66721420 16.069
 135 230.866485  66.031584    70.983    70.851  4 55994.58284813 16.330
 136 230.866738  66.030587    71.811    72.192  4 56004.49849993 16.144
 137 230.867830  66.028534    69.817    69.879  5 56014.41414848 16.335
 138 230.866000  66.027691    69.299    68.676  5 56024.32979367 15.902
 139 230.865725  66.029229    70.749    70.872  4 56034.24543689 14.306
 140 230.868540  66.031855    74.222    74.017  5 56044.16107832  1.150
 141 230.868654  66.033478    25.677    25.650  5 56054.07671677 23.230
 142 230.865004  66.033133    29.885    29.807  5 56063.99235130 31.871
 143 230.865527  66.031957    27.534    27.517  5 56073.90799431 50.676
 144 230.866035  66.031510    27.088    27.023  5 56083.82364416 37.233
 145 230.866414  66.031849    29.751    29.738  5 56093.73929162 49.719
 146 230.865119  66.032494    27.575    27.532  5 56103.65493677 50.866
 147 230.866842  66.032166    27.614    27.588  5 56113.57056768 50.509
 148 230.867059  66.030817    26.042    26.089  4 56123.48620625 49.306
 149 230.866962  66.028791    25.863    25.833  4 56133.40184084 46.737
 150 230.864878  66.027800    30.590    29.967  5 56143.31747912 29.870
 151 230.867272  66.028716    25.608    25.677  4 56153.23312992 38.771
 152 230.866079  66.030374    25.504    25.333  4 56163.14877900 46.932
 153 230.866550  66.031415    25.347    25.479  4 56173.06442619 29.548
 154 230.865890  66.030841    25.745    25.854  5 56182.98006827 50.709
 155 230.866892  66.029405    25.369    25.407  4 56192.89570674 32.312
 156 230.868080  66.028653    25.081    24.946  5 56202.81134251 29.011
 157 230.866577  66.029596    25.001    25.147  5 56212.72697630 44.434
 158 230.866908  66.031673    24.889    24.805  5 56222.64260835 45.915
 159 230.868471  66.033504    24.706    24.651  5 56232.55826450 44.895
 160 230.865063  66.033522    65.762    64.150  5 56242.47391654 23.387
 161 230.867165  66.032738    66.540    66.996  5 56252.38956465 23.478
 162 230.866311  66.031921    68.796    68.026  5 56262.30520792 22.238
 163 230.868693  66.031947    70.011    69.193  5 56272.22084948 21.963
 164 230.864345  66.031912    69.045    67.973  5 56282.13649092 22.373
 165 230.867163  66.031776    68.588    68.487  4 56292.05214320 22.644
 166 230.867236  66.030534    69.723    69.173  5 56301.96779074 21.795
 167 230.865804  66.029087    68.585    68.432  5 56311.88343391 20.852
 168 230.867113  66.028768    68.492    68.441  5 56321.79907517 20.270
 169 230.865626  66.029600    65.628    65.355  5 56331.71471562 20.733
 170 230.865379  66.030616    65.868    66.731  5 56341.63035570 19.085
 171 230.866114  66.030942    63.408    61.359  5 56351.54599358 20.213
 172 230.866372  66.030190    66.919    67.298  4 56361.46163317 18.489
 173 230.866541  66.029523    69.333    68.979  4 56371.37728263 15.748
 174 230.865113  66.029778    68.755    68.946  5 56381.29292933 15.130
 175 230.864328  66.031224    69.224    69.143  5 56391.20857397 15.159
 176 230.864826  66.032636    69.443    69.128  5 56401.12421709 14.494
 177 230.866015  66.033318    69.408    69.295  5 56411.03985755 12.321
 178 230.867281  66.033009    72.010    72.882  5 56420.95549308  4.096
 179 230.865005  66.032380    28.240    28.077  5 56430.87113110 35.670
 180 230.868206  66.032497    27.778    27.630  5 56440.78678436 41.321
 181 230.868910  66.032558    38.020    35.636  5 56450.70243491 26.426
 182 230.866049  66.031982    26.995    26.922  4 56460.61808283 30.593
 183 230.866480  66.030831    26.949    26.864  5 56470.53372773 39.656
 184 230.866206  66.029747    27.072    27.094  5 56480.44936887 46.043
 185 230.864483  66.029174    26.676    26.539  5 56490.36500595 49.413
 186 230.867239  66.029620    26.054    26.052  4 56500.28064097 47.548
 187 230.865040  66.030119    26.397    26.317  5 56510.19627416 49.726
 188 230.865852  66.030530    25.554    25.482  5 56520.11191719 31.870
 189 230.867022  66.030526    25.419    25.472  5 56530.02757082 43.997
 190 230.866839  66.030163    25.767    25.769  4 56539.94322036 50.730
 191 230.867381  66.030102    25.242    25.221  4 56549.85886566 35.889
 192 230.865208  66.030903    25.280    25.270  5 56559.77450838 33.919
 193 230.866459  66.032290    25.533    25.477  5 56569.69015044 47.884
 194 230.866387  66.033449    25.254    25.475  5 56579.60579105 45.408
 195 230.867388  66.033376    65.214    62.393  5 56589.52142781 24.279
 196 230.866845  66.032603    63.781    62.217  5 56599.43707291 27.421
 197 230.869121  66.032151    67.820    67.326  5 56609.35272382 26.395
 198 230.864759  66.032352    68.764    67.633  5 56619.26836928 23.881
 199 230.866249  66.032800    70.039    69.924  5 56629.18401208 21.712
 200 230.866633  66.032206    69.303    69.200  4 56639.09965162 18.998
 201 230.867371  66.030490    70.033    69.774  5 56649.01529636 18.685
 202 230.867308  66.028892    71.631    72.524  4 56658.93094767 19.649
 203 230.866814  66.028672    69.562    69.209  4 56668.84659496 19.551
 204 230.865593  66.030123    69.316    69.407  4 56678.76223981 19.608
 205 230.866946  66.031667    71.558    71.054  4 56688.67788342 20.144
 206 230.865471  66.031661    69.538    69.540  5 56698.59352422 17.921
 207 230.865959  66.030402    71.622    72.645  4 56708.50916055 16.820
 208 230.865825  66.029336    71.117    70.643  5 56718.42479886 16.614
 209 230.864490  66.029867    69.537    69.121  5 56728.34045131 17.934
 210 230.864949  66.031842    69.191    69.203  5 56738.25610000 18.383
 211 230.867434  66.033908    71.575    71.551  5 56748.17174518 19.085
 212 230.869129  66.034370    70.626    69.969  5 56758.08738569 18.356
 213 230.869345  66.033311    73.371    73.140  5 56768.00302002 10.880
 214 230.867360  66.031966    63.895    62.648  4 56777.91866575 22.261
 215 230.865745  66.031769    26.447    26.440  4 56787.83432162 36.374
 216 230.864391  66.032454    41.380    32.073  5 56797.74997399 33.016
 217 230.864503  66.033192    27.419    27.327  5 56807.66562103 46.828
 218 230.867574  66.032601    26.801    26.802  5 56817.58126231 48.966
 219 230.865700  66.030627    26.771    26.778  5 56827.49689957 33.442
 220 230.865579  66.028619    67.110    69.986  5 56837.41253373 19.198
 221 230.866083  66.028431    28.562    25.900  5 56847.32816507 28.269
 222 230.865518  66.030002    26.645    26.611  5 56857.24381660 50.066
 223 230.868465  66.032047    25.429    25.421  5 56867.15947034 28.492
 224 230.866726  66.032313    25.287    25.310  4 56877.07512208 39.173
 225 230.865615  66.031331    25.077    25.097  4 56886.99077071 28.784
 226 230.867681  66.030154    24.945    24.924  5 56896.90641691 37.988
 227 230.865934  66.030439    24.711    24.758  5 56906.82205996 28.920
 228 230.865632  66.032385    24.845    24.770  5 56916.73770100 28.463
 229 230.867396  66.034536    24.856    24.747  5 56926.65334031 41.769
 230 230.865247  66.034976    24.901    25.059  5 56936.56897569 46.888
 231 230.866132  66.033528    69.342    69.009  5 56946.48460598 25.539
 232 230.864426  66.031602    75.896    78.640  5 56956.40025932 19.524
 233 230.865699  66.030869    78.776    78.641  4 56966.31590830 17.044
 234 230.867186  66.031826    72.793    72.713  4 56976.23155309 20.057
 235 230.867525  66.033018    71.166    70.718  5 56986.14719328 20.204
 236 230.866569  66.032547    70.785    69.946  4 56996.06282768 20.074
 237 230.866734  66.030489    69.746    69.738  4 57005.97847114 20.079
 238 230.867558  66.028513    70.542    70.551  5 57015.89412583 19.908
 239 230.868646  66.028402    69.856    70.025  5 57025.80977653 19.103
 240 230.864940  66.030293    67.818    68.146  5 57035.72542475 18.809
 241 230.868077  66.032393    68.489    69.097  5 57045.64107101 17.035
 242 230.865675  66.032688    69.026    69.389  5 57055.55671348 17.041
 243 230.867011  66.031255    69.237    69.331  4 57065.47235119 16.941
 244 230.867340  66.030128    70.071    69.461  5 57075.38798421 15.920
 245 230.866953  66.030341    69.549    69.898  4 57085.30361406 14.732
 246 230.865896  66.032546    71.179    71.604  5 57095.21926934 14.665
 247 230.870559  66.034766    71.065    70.396  5 57105.13492626 14.875
 248 230.868195  66.035123    69.841    70.248  5 57115.05057808 15.418
 249 230.867393  66.033615    68.097    67.596  4 57124.96622377 15.362
 250 230.867178  66.031780    72.699    71.849  5 57134.88186422  8.117
 251 230.866327  66.030783    26.340    26.321  4 57144.79750025 32.314
 252 230.868183  66.031317    29.468    29.363  5 57154.71313404 40.112
 253 230.866812  66.032043    26.620    26.566  4 57164.62877216 50.484
 254 230.865839  66.032214    28.681    26.419  5 57174.54442880 29.554
 255 230.865969  66.030879    25.901    25.947  4 57184.46008202 46.852
 256 230.866173  66.029154    25.821    25.783  5 57194.37573126 49.229
 257 230.866423  66.028737    25.489    25.455  4 57204.29136676 41.795
 258 230.866161  66.030149    25.266    25.301  4 57214.20701224 30.357
 259 230.867418  66.032073    25.605    25.566  4 57224.12265627 26.812
 260 230.867987  66.032848    25.710    25.542  5 57234.03829840 39.990
 261 230.867023  66.032069    25.361    25.154  5 57243.95393722 48.900
 262 230.866953  66.030936    25.315    25.348  4 57253.86957358 31.225
 263 230.866110  66.031077    25.123    25.127  4 57263.78520847 30.521
 264 230.868603  66.032755    25.606    25.609  5 57273.70084728 48.504
 265 230.865568  66.034374    25.391    25.422  5 57283.61650437 37.083
 266 230.869156  66.034729    69.773    68.933  5 57293.53215931 19.965
 267 230.869948  66.033463    24.916    24.951  5 57303.44781044 35.233
 268 230.867814  66.031698    24.940    24.933  5 57313.36345745 33.099
 269 230.867942  66.031011    66.914    67.673  5 57323.27910147 19.775
 270 230.868467  66.031420    74.433    77.362  5 57333.19474357 17.812
 271 230.865235  66.032006    66.674    66.871  5 57343.11038336 23.378
 272 230.868764  66.031980    69.523    70.106  5 57353.02603644 21.862
 273 230.867927  66.030842    66.984    67.476  5 57362.94168049 20.079
 274 230.865110  66.029339    67.201    67.477  5 57372.85732103 19.216
 275 230.867465  66.029352    69.926    69.548  4 57382.77296023 19.659
 276 230.864397  66.030220    68.937    69.231  5 57392.68859849 20.499
 277 230.867353  66.031590    69.266    69.106  4 57402.60423637 21.278
 278 230.866882  66.032070    69.771    68.780  4 57412.51987994 21.909
 279 230.867059  66.031900    69.422    68.996  5 57422.43553168 20.905
 280 230.868806  66.031930    70.736    71.032  5 57432.35118083 20.546
 281 230.868817  66.032593    68.859    68.766  5 57442.26682799 20.674
 282 230.865557  66.033526    68.968    69.732  5 57452.18247414 20.225
 283 230.868083  66.034238    69.942    70.267  5 57462.09811919 20.067
 284 230.870061  66.033755    71.029    71.235  5 57472.01376067 19.450
 285 230.867860  66.032426    69.687    69.808  5 57481.92939782 17.882
 286 230.866627  66.031153    67.983    67.849  4 57491.84503203 17.066
 287 230.867310  66.030844    69.179    70.231  5 57501.76066438 17.529
 288 230.866221  66.031052    25.866    25.871  4 57511.67631338 35.894
 289 230.865450  66.031203    27.497    27.413  5 57521.59196864 49.798
 290 230.865848  66.030821    26.365    26.311  4 57531.50762154 49.961
 291 230.867389  66.030135    26.205    26.164  4 57541.42327123 37.325
 292 230.868022  66.029702    28.969    26.593  5 57551.33891800 35.325
 293 230.866034  66.029992    26.322    26.268  4 57561.25456311 45.715
 294 230.866587  66.030988    40.239    30.965  5 57571.17020804 29.497
 295 230.866842  66.031746    26.076    26.141  5 57581.08585282 35.920
 296 230.865611  66.031908    28.230    25.800  5 57591.00149569 27.893
 297 230.867477  66.031910    26.095    26.233  5 57600.91713611 50.545
