# NaN NaN NaN ;Mean Elev.(m), Avg Gradient(m/km), RMS Gradient(m/km) - SRTM1     
#    9.841  -2.641  11.901 ;Mean Elev.(m), Avg Gradient(m/km), RMS Gradient(m/km) - ASTER GDEM
#   30.056  -2.392  10.662 ;Mean Elev.(m), Avg Gradient(m/km), RMS Gradient(m/km) - GMTED2010 
   2 230.926295  66.120229    92.486    99.215  5 54672.83575261 19.274
   3 230.925327  66.121418    -0.023     3.717  6 54682.75139610 22.180
   4 230.927611  66.122086    23.978    24.040  6 54692.66703862 44.322
   5 230.928640  66.121485     4.528     4.544  6 54702.58267857 12.277
   6 230.926650  66.119658    87.327    86.904  6 54712.49832701 20.085
   7 230.922194  66.117987    11.624    11.627  6 54722.41397752 15.991
   8 230.924411  66.117380    23.896    23.894  6 54732.32962616 47.078
   9 230.922749  66.118125    23.277    23.264  6 54742.24527287 31.917
  10 230.924554  66.118890    88.826    89.941  6 54752.16091974 21.922
  11 230.925302  66.118774    69.758    66.733  5 54762.07656623 23.040
  12 230.922748  66.117442    70.572    70.501  6 54771.99220996 23.691
  13 230.924135  66.116414    76.430    76.353  6 54781.90785104 15.798
  14 230.922659  66.116255    76.138    76.336  5 54791.82348935 15.935
  15 230.924056  66.117501    76.149    76.291  5 54801.73912683 16.479
  16 230.926856  66.118742    76.307    76.097  6 54811.65476437 15.616
  17 230.924446  66.119275    76.419    76.232  6 54821.57040544 14.254
  18 230.924313  66.118997    76.148    76.141  5 54831.48605755 13.577
  19 230.925324  66.119180    76.203    76.096  6 54841.40169631 12.669
  20 230.926915  66.120341    76.263    76.117  6 54851.31734542 11.800
  21 230.928632  66.121949    76.119    76.001  6 54861.23299416 13.142
  22 230.930256  66.122717    76.458    76.331  6 54871.14864295 11.196
  23 230.927806  66.121437    76.071    75.708  5 54881.06428980 11.710
  24 230.926133  66.118840    76.034    75.796  6 54890.97993347 12.042
  25 230.923158  66.116672    76.275    76.145  6 54900.89557405 11.719
  26 230.922469  66.116803    76.212    76.088  5 54910.81121299 11.596
  27 230.925583  66.118424    75.962    75.823  5 54920.72685111 12.158
  28 230.925389  66.119424    76.238    76.106  6 54930.64248840 11.080
  29 230.923355  66.118456    76.451    76.373  6 54940.55812423 10.440
  30 230.922234  66.116491    76.800    76.613  5 54950.47375850  3.005
  31 230.922771  66.115195    79.354    79.236  6 54960.38939834 21.509
  32 230.923152  66.115972    78.228    78.260  5 54970.30504700 19.809
  33 230.923429  66.117762    78.148    78.126  6 54980.22069449 13.735
  34 230.926133  66.119286    55.906    59.398  5 54990.13634196 19.949
  35 230.925684  66.119397    77.584    77.206  5 55000.05198902 12.219
  36 230.924411  66.119150    77.328    77.293  6 55009.96763422 10.234
  37 230.925211  66.119051    77.711    77.529  6 55019.88327798 12.828
  38 230.927460  66.120150    73.555    72.846  6 55029.79892063 29.337
  39 230.926238  66.121476    83.272    79.036  5 55039.71456235 28.301
  40 230.927059  66.122131    24.830    23.936  6 55049.63020292 31.923
  41 230.927144  66.120796    87.130    86.368  5 55059.54584128 25.329
  42 230.924016  66.118133    23.972    23.959  5 55069.46148099 29.106
  43 230.923049  66.116014    75.847    76.887  6 55079.37713046 16.350
  44 230.920771  66.116007    74.366    74.274  6 55089.29277781 19.970
  45 230.925103  66.117858    24.130    24.274  5 55099.20842452 53.583
  46 230.923850  66.119496    90.711    91.111  6 55109.12407021 21.129
  47 230.926306  66.119155    72.269    71.601  5 55119.03971495 21.793
  48 230.925183  66.116981    74.885    68.668  6 55128.95535690 27.306
  49 230.921553  66.115053    70.974    70.802  6 55138.87099656 23.069
  50 230.921434  66.115442    76.415    76.262  6 55148.78663518 18.266
  51 230.925968  66.117814    76.344    76.236  6 55158.70227381 18.405
  52 230.927448  66.119873    76.301    76.015  6 55168.61791188 17.173
  53 230.926036  66.120322    76.216    76.303  5 55178.53354881 16.698
  54 230.925751  66.119398    76.188    76.031  5 55188.44919411 16.683
  55 230.927154  66.119127    76.147    75.885  6 55198.36484493 18.197
  56 230.925704  66.120032    76.179    76.062  6 55208.28049456 16.906
  57 230.926657  66.121532    76.322    76.277  6 55218.19614390 15.851
  58 230.928812  66.121837    76.345    76.320  6 55228.11179259 15.270
  59 230.927556  66.120357    76.446    76.340  6 55238.02743798 15.179
  60 230.925255  66.117717    76.477    76.436  6 55247.94307974 14.997
  61 230.921247  66.115836    76.483    76.218  6 55257.85871889 15.801
  62 230.922914  66.116096    76.674    76.667  6 55267.77435777 15.217
  63 230.925742  66.117904    76.401    76.417  6 55277.68999633 15.281
  64 230.923349  66.118995    76.319    76.369  6 55287.60563320 13.523
  65 230.923354  66.118517    76.296    76.094  6 55297.52126791 13.102
  66 230.924350  66.116594    77.216    77.855  6 55307.43690973 16.503
  67 230.920544  66.115133    26.274    26.307  6 55317.35255585 34.828
  68 230.924554  66.115685    76.012    75.939  6 55327.26820156 24.778
  69 230.923294  66.117703    24.354    24.276  6 55337.18384594 30.191
  70 230.925399  66.119681    87.859    86.816  5 55347.09949015 22.587
  71 230.927917  66.120351    77.079    76.952  6 55357.01513287 10.318
  72 230.927521  66.119995    87.283    86.365  6 55366.93077329 18.550
  73 230.924182  66.119463    86.058    84.980  6 55376.84641197 25.907
  74 230.926205  66.119805    73.814    74.304  6 55386.76205026 18.687
  75 230.925010  66.120427    74.438    73.726  6 55396.67768735 14.274
  76 230.927037  66.120586    76.632    76.740  5 55406.59332967  9.895
  77 230.925234  66.119441    90.650    91.295  5 55416.50898070 20.860
  78 230.925857  66.117379    23.675    23.663  6 55426.42462857 26.473
  79 230.923388  66.115913    83.639    87.226  6 55436.34027349 21.685
  80 230.921078  66.116067    72.340    70.482  6 55446.25591712 22.165
  81 230.924415  66.117498    23.905    23.870  6 55456.17156070 31.629
  82 230.925747  66.118752    23.322    23.340  6 55466.08720340 28.233
  83 230.924298  66.118405    82.561    82.678  6 55476.00284275 17.425
  84 230.924123  66.116859    86.335    88.146  6 55485.91847905 27.375
  85 230.923080  66.115487    70.836    70.026  5 55495.83411313 25.598
  86 230.924197  66.116085    71.335    71.370  6 55505.74974789 21.323
  87 230.924866  66.117988    72.488    70.388  5 55515.66539850 20.294
  88 230.925342  66.119840    76.224    76.193  6 55525.58104818 13.902
  89 230.924330  66.120489    76.112    76.131  6 55535.49669573 12.885
  90 230.926950  66.120259    76.008    75.630  5 55545.41234153 13.674
  91 230.927471  66.120110    76.130    75.862  6 55555.32798528 14.072
  92 230.925374  66.120447    75.913    75.733  6 55565.24362788 14.561
  93 230.926968  66.120639    76.102    75.882  6 55575.15927022 13.860
  94 230.923794  66.119706    75.940    76.127  6 55585.07491047 14.527
  95 230.924374  66.118155    76.426    76.182  6 55594.99054772 13.675
  96 230.921630  66.116721    76.753    76.582  6 55604.90618141 13.179
  97 230.925195  66.116350    76.602    76.589  6 55614.82181359 11.961
  98 230.923842  66.116903    76.643    76.335  5 55624.73745300 10.291
  99 230.925413  66.117685    76.896    76.684  6 55634.65310558 10.390
 100 230.924213  66.117843    76.573    76.500  5 55644.56875571 10.232
 101 230.923039  66.117350    76.792    76.646  6 55654.48440301 10.252
 102 230.922889  66.116555    76.724    76.746  6 55664.40004589 10.875
 103 230.922387  66.116366    76.696    76.571  5 55674.31568579  9.948
 104 230.922871  66.117123    78.671    78.635  5 55684.23132420  5.379
 105 230.925757  66.118477    76.433    76.363  6 55694.14696161 11.094
 106 230.927059  66.119581    69.021    69.021  6 55704.06259747 29.823
 107 230.924612  66.119919    25.959    25.263  6 55713.97824311 20.551
 108 230.924278  66.119979    77.746    77.573  6 55723.89389221 15.188
 109 230.925503  66.120250    77.265    77.164  5 55733.80953950 11.799
 110 230.926677  66.120590    77.037    76.801  6 55743.72518551 10.492
 111 230.925711  66.120313    72.182    72.177  5 55753.64082988 26.495
 112 230.924852  66.118976    86.382    85.947  5 55763.55647196 23.928
 113 230.925352  66.117298    72.016    72.812  6 55773.47211136 24.875
 114 230.924315  66.116070    77.990    78.341  6 55783.38774720 10.478
 115 230.922641  66.116447    77.630    78.108  5 55793.30338053 10.909
 116 230.924325  66.117599    77.709    78.083  6 55803.21901611  9.728
 117 230.925594  66.118320    24.302    24.348  6 55813.13466604 47.626
 118 230.924076  66.117771    24.140    24.142  6 55823.05031389 50.805
 119 230.923869  66.116669    70.607    70.883  5 55832.96595708 27.530
 120 230.920614  66.115988    69.622    68.201  6 55842.88159570 26.806
 121 230.923469  66.116657    76.387    76.310  6 55852.79723183 19.935
 122 230.925906  66.118332    70.956    73.261  6 55862.71286732 24.079
 123 230.925648  66.119668    71.902    70.771  6 55872.62852155 23.557
 124 230.927432  66.120066    76.297    76.301  6 55882.54417099 18.080
 125 230.927346  66.119837    76.219    75.900  6 55892.45981380 18.443
 126 230.925107  66.119695    76.419    76.130  6 55902.37545075 15.855
 127 230.924583  66.120231    76.431    76.254  6 55912.29108625 15.413
 128 230.926990  66.120992    76.333    76.045  6 55922.20674083 14.680
 129 230.927013  66.120611    76.115    75.952  6 55932.12239242 13.040
 130 230.925717  66.118696    76.230    76.158  6 55942.03803967 12.199
 131 230.923125  66.116415    75.881    76.035  5 55951.95368242 12.591
 132 230.923249  66.115653    76.273    76.148  6 55961.86932190 12.216
 133 230.923220  66.116728    76.401    76.205  6 55971.78495924 11.531
 134 230.924420  66.118503    76.384    76.156  5 55981.70059546 11.600
 135 230.923525  66.118842    76.381    76.253  6 55991.61623007 12.120
 136 230.922209  66.117788    76.499    76.307  6 56001.53187650 12.046
 137 230.924335  66.116205    76.318    76.055  6 56011.44752677 11.663
 138 230.924435  66.115875    76.506    76.420  6 56021.36317312 11.517
 139 230.925627  66.117212    76.659    76.318  6 56031.27881668 10.218
 140 230.925527  66.119352    78.333    77.841  5 56041.19445811  2.552
 141 230.925679  66.120588    78.006    77.993  5 56051.11009726  1.291
 142 230.925637  66.120578    77.133    77.330  5 56061.02573367 11.270
 143 230.926214  66.119569    31.458    31.463  5 56070.94137149 40.538
 144 230.927402  66.119285    87.993    88.037  6 56080.85702230 21.238
 145 230.926883  66.119931    77.467    77.261  5 56090.77267030 13.384
 146 230.926336  66.120943    74.099    74.122  5 56100.68831588 23.918
 147 230.924952  66.120579    70.405    69.855  6 56110.60394721 20.154
 148 230.924029  66.118574    24.609    24.654  6 56120.51958691 43.366
 149 230.924194  66.116118    71.154    71.257  6 56130.43522302 29.468
 150 230.922304  66.115087    72.973    71.991  6 56140.35085630 18.225
 151 230.924113  66.116603    69.270    69.148  6 56150.26650748 26.393
 152 230.925343  66.118825    86.731    86.097  6 56160.18215671 25.857
 153 230.924263  66.119625    91.965    90.691  6 56170.09780419 26.602
 154 230.925129  66.118325    76.989    76.986  6 56180.01344809 10.702
 155 230.923952  66.116432    74.343    77.866  6 56189.92908772 17.967
 156 230.924834  66.115855    71.369    71.341  6 56199.84472455 26.199
 157 230.923852  66.117475    78.151    78.143  5 56209.76035871 13.487
 158 230.927799  66.119962    76.126    76.226  6 56219.67599150 15.162
 159 230.929109  66.121557    89.740    91.240  6 56229.59164026 22.059
 160 230.926139  66.121094    75.785    75.785  5 56239.50729346 17.972
 161 230.925576  66.120005    76.202    75.979  5 56249.42294297 17.636
 162 230.924294  66.119169    76.260    76.207  6 56259.33858757 17.319
 163 230.924336  66.119707    76.156    76.083  6 56269.25422953 17.054
 164 230.926583  66.120409    76.165    75.836  5 56279.16986998 17.472
 165 230.928006  66.120505    76.104    76.031  6 56289.08552044 17.194
 166 230.926748  66.118730    76.154    76.006  6 56299.00116883 17.084
 167 230.924438  66.116454    76.167    76.057  6 56308.91681316 17.064
 168 230.922174  66.115388    76.290    76.125  6 56318.83245505 16.212
 169 230.921239  66.116700    76.320    76.213  6 56328.74809601 15.563
 170 230.925051  66.118816    76.129    75.961  5 56338.66373650 13.814
 171 230.927611  66.119813    76.189    76.229  6 56348.57937486 13.284
 172 230.924777  66.118576    75.869    75.613  5 56358.49500981 14.460
 173 230.925167  66.116791    76.417    76.213  6 56368.41066019 13.340
 175 230.925006  66.118077    76.520    76.388  5 56388.24195359 12.230
 176 230.926642  66.120591    76.116    75.964  5 56398.15759717 11.880
 177 230.928512  66.122012    75.678    75.336  5 56408.07323837  6.619
 178 230.926804  66.121502    76.367    76.389  6 56417.98887510  8.364
 179 230.924892  66.119962    78.044    78.206  6 56427.90450714 13.602
 180 230.924412  66.119168    29.847    29.827  6 56437.82016072 52.949
 181 230.925882  66.119460    26.440    26.509  5 56447.73581224 44.717
 182 230.925207  66.120194    26.045    26.029  5 56457.65146135 52.547
 183 230.925807  66.119918    25.738    25.720  6 56467.56710730 46.485
 184 230.923084  66.118515    72.552    73.661  6 56477.48274890 25.856
 185 230.922613  66.116682    78.265    78.429  6 56487.39838694 19.277
 186 230.923930  66.116114    72.191    71.476  6 56497.31402256 28.182
 187 230.923372  66.116945    71.852    71.883  6 56507.22965676 29.663
 188 230.922874  66.118555    85.956    85.346  6 56517.14529311 26.130
 189 230.924127  66.119345    78.052    77.931  6 56527.06094763 16.963
 190 230.923397  66.118815    77.917    77.700  6 56536.97659771 17.069
 192 230.923248  66.117506    23.900    23.846  5 56556.80788763 53.057
 193 230.923330  66.118763    69.364    70.059  6 56566.72353028 21.282
 194 230.925604  66.120787    82.132    83.819  5 56576.63917179 25.078
 195 230.928567  66.121920    83.569    83.630  5 56586.55480996 28.233
 196 230.925217  66.121467    76.342    76.421  6 56596.47044889 21.978
 197 230.925356  66.120360    92.191    95.393  6 56606.38610096 23.717
 198 230.926200  66.119579    76.304    76.425  6 56616.30174822 21.864
 199 230.926302  66.119479    75.855    75.824  5 56626.21739190 20.350
 200 230.925127  66.119548    76.241    75.985  5 56636.13303273 17.065
 201 230.925804  66.119183    75.393    74.111  5 56646.04867268 14.425
 202 230.922667  66.118166    76.175    76.085  6 56655.96432476 15.722
 203 230.921426  66.116953    76.316    76.221  6 56665.87997268 15.316
 204 230.924397  66.116820    76.191    76.261  6 56675.79561834 15.172
 205 230.923517  66.117653    76.410    76.297  6 56685.71126259 15.357
 206 230.925011  66.118774    76.256    76.003  5 56695.62690505 14.777
 207 230.924530  66.119100    76.247    76.478  5 56705.54254281 14.532
 208 230.922566  66.118454    76.417    76.530  6 56715.45817494 14.235
 209 230.923955  66.118035    74.229    74.270  5 56725.37382809 15.556
 210 230.925579  66.118552    76.369    76.310  6 56735.28947792 14.843
 211 230.926037  66.120103    76.235    76.634  5 56745.20512431 15.318
 212 230.927354  66.121371    76.337    76.425  6 56755.12076651 15.569
 213 230.927672  66.121549    63.641    61.616  5 56765.03640301 12.506
 214 230.926918  66.120739    63.557    63.475  6 56774.95204075  9.778
 215 230.926920  66.120209    78.079    77.924  5 56784.86769761 23.358
 216 230.927890  66.120143    74.425    73.849  6 56794.78335093 26.638
 217 230.927683  66.120198    25.508    25.527  6 56804.69900042 52.433
 218 230.927093  66.119661    77.740    77.878  6 56814.61464278 14.461
 219 230.923601  66.118446    24.900    24.936  6 56824.53028139 35.377
 220 230.922335  66.117351    50.913    52.193  6 56834.44591631 46.206
 221 230.924210  66.117131    24.743    24.773  6 56844.36154813 41.968
 222 230.925598  66.117833    24.687    24.676  6 56854.27719240 32.781
 223 230.924720  66.118660    77.069    76.975  6 56864.19284608  9.942
 224 230.923473  66.118950    77.429    77.393  6 56874.10849909  9.684
 225 230.924376  66.118781    75.894    62.594  5 56884.02414911 14.206
 226 230.926174  66.118543    25.061    23.812  6 56893.93979598 28.791
 227 230.922834  66.118752    77.866    77.811  6 56903.85543920 10.387
 228 230.923972  66.119948    77.852    77.859  6 56913.77108081  9.747
 229 230.927198  66.121241    86.175    85.838  5 56923.68672089 26.502
 230 230.927041  66.121829    77.314    77.333  6 56933.60235812 11.893
 231 230.927430  66.121306    76.214    76.375  6 56943.51799010 21.214
 232 230.925281  66.120214    76.411    76.300  5 56953.43363638 17.816
 233 230.925364  66.119608    70.071    69.054  6 56963.34928672 22.508
 234 230.926689  66.119933    76.433    76.368  6 56973.26493238 16.527
 235 230.927819  66.120391    76.521    76.284  6 56983.18057373 15.860
 236 230.925296  66.119794    76.144    76.006  5 56993.09621003 16.449
 237 230.925203  66.118097    76.058    75.853  5 57003.01184603 15.844
 238 230.923208  66.116687    76.197    76.149  6 57012.92750257 16.728
 239 230.922482  66.116576    76.293    76.069  5 57022.84315378 15.618
 240 230.923552  66.118161    75.791    75.600  5 57032.75880249 14.378
 241 230.925473  66.119612    76.011    76.038  5 57042.67444908 11.921
 242 230.926031  66.119833    76.192    75.966  5 57052.59009328 11.595
 243 230.924240  66.118664    76.360    76.226  5 57062.50573285 12.307
 244 230.923797  66.117827    76.267    76.058  5 57072.42136728 10.609
 245 230.924285  66.118426    76.557    76.609  5 57082.33699781  9.902
 246 230.925378  66.120425    76.615    76.678  5 57092.25264404 10.529
 247 230.927613  66.122336    76.402    76.409  5 57102.16830149 10.601
 248 230.927384  66.122500    76.535    76.244  5 57112.08395519 10.095
 249 230.925196  66.120950    76.698    76.661  6 57121.99960280  9.640
 250 230.925756  66.119276    77.231    77.236  6 57131.91524509  9.315
 251 230.923340  66.118865    75.242    74.908  6 57141.83088217  8.297
 252 230.925098  66.119832    77.679    77.707  5 57151.74651649 14.889
 253 230.924596  66.120461    25.963    25.912  6 57161.66214719 27.259
 254 230.927553  66.119924    88.109    87.019  6 57171.57780426 25.302
 255 230.923956  66.117991    24.496    24.504  6 57181.49345858 54.006
 256 230.922126  66.116360    78.399    77.968  5 57191.40910916 10.138
 257 230.922665  66.116611    77.654    77.660  5 57201.32475696 11.212
 258 230.924819  66.118376    76.874    76.872  5 57211.24039129 10.543
 259 230.925276  66.120035    85.486    84.285  6 57221.15603519 21.931
 260 230.926526  66.120162    77.042    77.243  6 57231.07167788 10.922
 261 230.926210  66.119254    76.870    76.732  6 57240.98731798  9.636
 262 230.923063  66.118190    77.360    77.147  6 57250.90295514  9.123
 263 230.925563  66.118806    77.383    77.387  6 57260.81859081 10.456
 264 230.925739  66.120616    77.690    77.677  6 57270.73422499 13.473
 265 230.927685  66.122563    23.371    23.407  6 57280.64987983 25.497
 266 230.928374  66.122738    23.704    23.735  6 57290.56553522 52.105
 267 230.926881  66.121130    86.565    85.835  5 57300.48118739 26.947
 268 230.925261  66.118953    74.635    74.637  6 57310.39683585 21.148
 269 230.924314  66.118173    72.840    73.853  5 57320.31248099 15.870
 270 230.923605  66.119082    77.188    78.751  6 57330.22812346 21.257
 271 230.926356  66.120587    70.825    68.775  6 57340.14376411 22.120
 272 230.927275  66.120460    76.198    75.913  5 57350.05941423 17.772
 273 230.924615  66.118450    76.398    76.368  6 57359.97505929 17.264
 274 230.921227  66.116186    76.274    76.286  6 57369.89070112 15.634
 275 230.922055  66.116067    76.074    76.055  6 57379.80634094 14.539
 276 230.925477  66.118114    76.098    75.922  6 57389.72197984 15.359
 277 230.925387  66.120167    76.106    75.960  5 57399.63761747 16.915
 278 230.926838  66.120588    75.941    75.821  5 57409.55325591 17.340
 279 230.925699  66.119395    76.027    75.988  6 57419.46890843 16.875
 280 230.924984  66.118486    76.056    75.713  5 57429.38455842 15.766
 281 230.924660  66.119185    75.943    75.935  5 57439.30020619 16.763
 282 230.926518  66.121187    76.049    75.763  5 57449.21585304 15.449
 283 230.927996  66.122665    76.008    75.799  5 57459.13149852 15.015
 284 230.928569  66.122433    75.756    75.588  5 57469.04714086 14.809
 285 230.925499  66.120476    76.408    76.227  5 57478.96277880 13.299
 286 230.923997  66.118519    76.492    76.375  5 57488.87841380 11.613
 287 230.924920  66.117822    76.762    76.572  6 57498.79404702 12.992
 288 230.925366  66.118747    70.479    69.771  5 57508.70968912  8.328
 289 230.924376  66.119660    73.596    74.784  6 57518.62534505 29.341
 290 230.926175  66.119755    24.548    24.605  5 57528.54099837 51.476
 291 230.925296  66.118272    24.632    24.590  5 57538.45664845 40.418
 292 230.923948  66.116749    74.849    68.574  6 57548.37229585 22.372
 293 230.922057  66.116447    72.531    71.972  6 57558.28794183 27.870
 294 230.924225  66.118010    24.885    24.889  6 57568.20358731 52.528
 295 230.926005  66.119809    87.306    86.590  5 57578.11923214 11.105
 296 230.926640  66.120622    76.746    76.835  6 57588.03487546 11.432
 297 230.925000  66.120089    85.592    86.620  6 57597.95051603 20.142
