-133056.603   184.543     0.00    6.34
-132770.407   184.500    -0.15    6.27
-132484.213   184.381    -0.42    6.54
-132198.021   183.817    -1.97    8.06
-131911.833   182.638    -4.12   11.60
-131625.646   172.014   -37.12   31.89
-131339.463   155.732   -56.89   46.85
-131053.282   139.902   -55.32   53.63
-130767.103   123.959   -55.71   54.30
-130480.927   115.129   -30.85   52.91
-130194.754   114.592    -1.88   53.63
-129908.583   116.361     6.18   55.47
-129622.415   122.993    23.17   58.27
-129336.250   135.158    42.51   59.97
-129050.087   149.021    48.44   56.74
-128763.840   164.079    52.61   47.90
-128477.043   174.125    35.03   38.57
-128190.250   180.772    23.18   30.47
-127903.460   186.476    19.89   20.35
-127616.674   190.918    15.49   11.18
-127329.890   193.662     9.57    5.72
-127043.110   195.371     5.96    3.44
-126756.334   196.264     3.11    3.14
-126469.560   197.007     2.59    2.63
-126182.790   197.586     2.02    2.70
-125896.024   197.823     0.83    2.87
-125609.260   198.048     0.78    3.05
-125322.500   198.566     1.81    3.29
-125035.744   199.686     3.91    3.17
-124748.990   200.567     3.07    3.21
-124462.240   201.560     3.46    2.82
-124175.494   202.479     3.20    2.23
-123888.750   201.917    -1.96    6.98
-123602.010   200.897    -3.56   12.49
-123315.273   199.366    -5.34   16.71
-123028.540   197.559    -6.30   19.67
-122741.810   197.397    -0.57   18.94
-122455.083   194.836    -8.93   23.53
-122168.359   189.408   -18.93   29.27
-121881.639   183.618   -20.20   32.26
-121594.922   182.420    -4.18   31.91
-121308.209   182.717     1.04   32.06
-121021.499   183.834     3.90   31.55
-120734.792   184.035     0.70   30.73
-120448.088   185.035     3.49   29.88
-120161.388   188.097    10.68   29.41
-119874.691   195.582    26.11   25.28
-119587.997   200.417    16.87   22.77
-119301.307   203.750    11.63   19.43
-119014.620   204.542     2.76   18.05
-118727.936   205.888     4.70   16.41
-118441.256   206.333     1.55   15.29
-118154.579   204.901    -5.00   16.24
-117867.905   203.577    -4.62   17.10
-117581.235   203.859     0.98   15.64
-117294.568   204.117     0.90   14.12
-117007.904   203.479    -2.22   13.78
-116721.244   203.407    -0.25   12.71
-116434.586   203.507     0.35   11.60
-116147.933   204.858     4.71   10.14
-115861.282   206.386     5.33    7.79
-115574.635   207.443     3.69    6.46
-115287.991   208.126     2.38    5.40
-115001.351   209.020     3.12    4.45
-114714.713   209.856     2.92    3.72
-114428.079   210.534     2.37    3.27
-114141.449   211.319     2.74    2.61
-113854.822   211.950     2.20    2.03
-113568.198   212.357     1.42    1.71
-113281.577   212.674     1.10    1.35
-112994.960   212.788     0.40    1.10
-112708.346   212.796     0.03    1.02
-112421.735   212.687    -0.38    1.12
-112135.128   212.416    -0.95    1.21
-111848.524   212.143    -0.95    1.17
-111561.923   211.879    -0.92    0.96
-111275.325   211.820    -0.20    0.82
-110988.731   212.007     0.65    0.90
-110702.140   212.274     0.93    0.98
-110415.553   212.610     1.17    0.90
-110128.969   212.884     0.96    0.79
-109842.388   213.118     0.82    0.72
-109555.810   213.338     0.77    0.69
-109269.236   213.596     0.90    0.78
-108982.665   213.836     0.84    0.83
-108696.098   214.118     0.99    0.86
-108409.533   214.401     0.99    0.80
-108122.972   214.658     0.89    0.62
-107836.415   214.847     0.66    0.40
-107549.860   214.937     0.31    0.32
-107263.309   214.986     0.17    0.29
-106976.762   215.162     0.61    0.58
-106690.217   215.385     0.78    0.86
-106403.676   215.697     1.09    1.18
-106117.138   215.972     0.96    1.36
-105830.604   216.028     0.19    1.38
-105544.073   215.965    -0.22    1.30
-105257.545   215.908    -0.20    1.24
-104971.020   215.718    -0.66    1.02
-104684.499   215.535    -0.64    0.69
-104397.981   215.493    -0.15    0.55
-104111.466   215.549     0.19    0.55
-103824.955   215.710     0.56    0.70
-103538.447   215.877     0.58    1.00
-103251.942   216.092     0.75    1.35
-102965.441   216.421     1.15    1.69
-102678.943   217.184     2.66    2.16
-102392.448   217.518     1.16    2.23
-102105.957   217.486    -0.11    2.22
-101819.469   217.372    -0.40    2.19
-101532.984   217.239    -0.46    2.07
-101246.502   217.278     0.13    1.93
-100960.024   217.234    -0.15    1.76
-100673.549   217.383     0.52    1.52
-100387.078   217.838     1.59    1.65
-100100.609   218.486     2.26    1.82
 -99814.144   219.153     2.33    1.74
 -99527.683   219.814     2.31    1.69
 -99241.224   220.368     1.93    1.51
 -98954.769   220.810     1.54    1.17
 -98668.318   220.923     0.39    1.05
 -98381.869   220.607    -1.10    1.54
 -98095.424   219.851    -2.64    2.20
 -97808.982   218.853    -3.48    2.64
 -97522.544   217.716    -3.97    2.71
 -97236.108   216.815    -3.15    2.53
 -96949.677   216.049    -2.68    2.20
 -96663.248   215.336    -2.49    1.75
 -96376.823   214.837    -1.74    1.41
 -96090.401   214.411    -1.49    1.07
 -95803.982   214.157    -0.89    0.89
 -95517.567   214.068    -0.31    0.93
 -95231.155   214.054    -0.05    0.91
 -94944.746   214.014    -0.14    0.94
 -94658.340   213.938    -0.27    1.03
 -94371.938   213.863    -0.26    1.09
 -94085.539   213.757    -0.37    1.24
 -93799.144   213.748    -0.03    1.25
 -93512.752   213.708    -0.14    1.21
 -93226.363   213.610    -0.34    1.16
 -92939.977   213.469    -0.49    1.18
 -92653.595   213.241    -0.79    1.42
 -92367.216   213.340     0.35    1.42
 -92080.840   213.597     0.90    1.27
 -91794.468   213.683     0.30    1.17
 -91508.099   213.777     0.33    1.01
 -91221.733   213.747    -0.11    0.98
 -90935.370   213.755     0.03    0.98
 -90649.011   213.735    -0.07    1.00
 -90362.655   213.680    -0.19    1.01
 -90076.303   213.800     0.42    0.98
 -89789.954   213.786    -0.05    0.98
 -89503.608   213.686    -0.35    1.33
 -89217.265   213.454    -0.81    1.70
 -88930.926   212.959    -1.73    2.21
 -88644.590   212.349    -2.13    2.63
 -88358.257   211.660    -2.41    3.22
 -88071.927   210.811    -2.96    4.26
 -87785.601   209.657    -4.03    5.74
 -87499.278   207.943    -5.99    7.54
 -87212.959   206.177    -6.17    8.87
 -86926.643   203.811    -8.26   10.36
 -86640.330   202.062    -6.11   11.05
 -86354.020   200.497    -5.47   11.42
 -86067.714   198.717    -6.21   11.63
 -85781.411   197.528    -4.15   11.69
 -85495.111   196.359    -4.08   11.87
 -85208.815   195.550    -2.83   12.16
 -84922.521   194.234    -4.60   12.82
 -84636.232   192.340    -6.61   13.86
 -84349.945   190.590    -6.11   14.69
 -84063.662   188.958    -5.70   15.26
 -83777.382   187.483    -5.16   15.51
 -83491.105   186.262    -4.26   15.67
 -83204.832   185.489    -2.70   15.78
 -82918.562   185.035    -1.59   15.77
 -82632.295   184.352    -2.39   15.53
 -82346.032   183.986    -1.28   15.31
 -82059.772   183.034    -3.32   14.82
 -81773.515   181.958    -3.76   14.15
 -81487.261   181.257    -2.45   13.40
 -81201.011   180.303    -3.33   12.46
 -80914.764   179.725    -2.02   11.63
 -80628.520   179.176    -1.92   10.80
 -80342.280   178.542    -2.22   10.04
 -80056.043   177.972    -1.99    9.50
 -79769.809   177.331    -2.24    8.96
 -79483.579   176.438    -3.12    8.19
 -79197.352   175.493    -3.30    7.37
 -78911.128   174.369    -3.93    6.45
 -78624.907   174.007    -1.26    6.31
 -78338.690   173.561    -1.56    5.79
 -78052.476   173.297    -0.92    5.69
 -77766.266   172.717    -2.02    5.40
 -77480.058   172.099    -2.16    5.33
 -77193.854   171.524    -2.01    5.42
 -76907.653   170.780    -2.60    4.88
 -76621.456   171.298     1.81    5.54
 -76335.262   171.958     2.31    6.42
 -76049.071   172.378     1.47    6.88
 -75762.883   173.236     3.00    7.45
 -75476.699   173.507     0.95    7.83
 -75190.518   173.660     0.53    7.49
 -74904.340   173.301    -1.25    7.86
 -74618.166   172.761    -1.89    8.62
 -74331.995   172.507    -0.89    9.23
 -74045.827   172.191    -1.10    9.19
 -73759.662   172.133    -0.20    8.44
 -73473.501   171.658    -1.66    9.22
 -73187.343   171.372    -1.00    9.94
 -72901.189   170.847    -1.84   10.21
 -72615.037   169.329    -5.31   10.33
 -72328.889   169.156    -0.60   11.23
 -72042.745   169.766     2.13   11.09
 -71756.603   171.255     5.21   10.14
 -71470.465   172.493     4.33    9.02
 -71184.330   173.904     4.93    7.84
 -70898.199   173.884    -0.07    8.53
 -70612.070   171.846    -7.12   11.62
 -70325.945   168.529   -11.59   14.05
 -70039.824   165.600   -10.24   14.38
 -69753.705   162.547   -10.67   13.76
 -69467.590   160.853    -5.92   12.10
 -69181.478   159.224    -5.69    7.98
 -68895.370   157.544    -5.87    5.83
 -68609.265   155.219    -8.13    6.36
 -68323.163   151.944   -11.45    7.80
 -68037.064   147.353   -16.05    9.71
 -67750.969   142.128   -18.26   11.22
 -67464.877   136.079   -21.14   11.95
 -67178.788   130.448   -19.68   11.72
 -66892.536   124.293   -21.50   11.17
 -66605.661   118.837   -19.02   10.33
 -66318.791   114.160   -16.30    9.60
 -66031.924   109.388   -16.63    9.04
 -65745.062   105.664   -12.98    8.03
 -65458.203   102.531   -10.92    6.75
 -65171.349   100.150    -8.30    5.50
 -64884.498    98.347    -6.28    4.24
 -64597.652    97.372    -3.40    3.28
 -64310.810    97.496     0.43    3.31
 -64023.972    99.000     5.24    5.43
 -63737.138   101.489     8.68    7.35
 -63450.308   104.910    11.93    8.31
 -63163.482   108.469    12.41    7.99
 -62876.660   111.814    11.66    6.49
 -62589.842   114.664     9.94    4.40
 -62303.028   116.271     5.60    3.12
 -62016.218   117.201     3.24    2.84
 -61729.412   118.363     4.05    3.01
 -61442.610   119.415     3.67    3.05
 -61155.813   120.445     3.59    3.14
 -60869.019   121.732     4.49    3.29
 -60582.230   123.058     4.62    3.21
 -60295.444   124.268     4.22    2.88
 -60008.662   125.131     3.01    2.57
 -59721.885   125.680     1.92    2.47
 -59435.112   125.776     0.33    2.32
 -59148.342   125.669    -0.37    2.26
 -58861.577   125.216    -1.58    2.25
 -58574.816   124.674    -1.89    2.15
 -58288.058   124.042    -2.20    2.17
 -58001.305   123.497    -1.90    2.30
 -57714.556   122.728    -2.68    2.50
 -57427.811   121.911    -2.85    2.70
 -57141.070   121.381    -1.85    2.71
 -56854.333   120.643    -2.58    2.62
 -56567.600   119.779    -3.01    2.59
 -56280.871   119.062    -2.50    2.80
 -55994.146   118.014    -3.66    3.13
 -55707.425   116.648    -4.76    3.59
 -55420.708   115.079    -5.47    3.79
 -55133.995   113.324    -6.12    3.62
 -54847.287   111.856    -5.12    3.25
 -54560.582   110.738    -3.90    2.61
 -54273.881   110.279    -1.60    2.06
 -53987.185   110.299     0.07    1.95
 -53700.492   110.507     0.72    2.74
 -53413.803   110.108    -1.39    3.99
 -53127.119   108.777    -4.64    5.79
 -52840.439   106.697    -7.26    7.57
 -52553.762   104.537    -7.53    8.16
 -52267.090   102.136    -8.38    7.31
 -51980.421   100.493    -5.73    5.44
 -51693.757   100.345    -0.52    4.56
 -51407.097   101.629     4.48    5.37
 -51120.441   103.957     8.12    5.84
 -50833.788   106.507     8.89    5.22
 -50547.140   108.486     6.91    3.75
 -50260.496   109.455     3.38    2.57
 -49973.856   109.367    -0.31    2.72
 -49687.220   108.106    -4.40    3.76
 -49400.588   106.079    -7.07    4.70
 -49113.960   103.241    -9.90    5.81
 -48827.336    99.911   -11.62    6.82
 -48540.716    95.856   -14.15    8.09
 -48254.100    91.014   -16.89    9.33
 -47967.488    85.950   -17.67    9.76
 -47680.881    81.050   -17.10    9.42
 -47394.277    76.252   -16.74    7.73
 -47107.677    73.422    -9.87    5.82
 -46821.081    71.483    -6.76    3.66
 -46534.490    70.729    -2.63    2.61
 -46247.902    71.050     1.12    2.82
 -45961.319    71.928     3.06    3.06
 -45674.739    73.417     5.19    3.00
 -45388.164    74.986     5.48    2.62
 -45101.592    76.442     5.08    2.70
 -44815.025    78.147     5.95    3.07
 -44528.461    79.755     5.61    3.20
 -44241.902    81.333     5.51    3.10
 -43955.346    82.736     4.89    2.85
 -43668.795    83.966     4.29    2.60
 -43382.248    85.116     4.02    2.56
 -43095.705    86.264     4.00    2.59
 -42809.165    87.636     4.79    3.17
 -42522.630    89.879     7.83    5.37
 -42236.099    92.302     8.46    6.33
 -41949.572    94.628     8.12    6.32
 -41663.049    96.349     6.01    5.79
 -41376.530    97.384     3.61    5.04
 -41090.015    98.176     2.77    4.15
 -40803.504    97.429    -2.61    3.89
 -40516.997    96.022    -4.91    4.03
 -40230.494    94.655    -4.77    4.30
 -39943.995    93.803    -2.97    4.58
 -39657.500    92.776    -3.59    4.93
 -39371.009    91.804    -3.39    5.35
 -39084.522    90.576    -4.29    5.72
 -38798.039    88.914    -5.80    6.44
 -38511.561    87.049    -6.51    7.05
 -38225.086    85.788    -4.40    7.18
 -37938.615    84.347    -5.03    6.91
 -37652.149    83.097    -4.36    6.17
 -37365.686    82.288    -2.82    5.29
 -37079.227    81.350    -3.27    4.63
 -36792.773    80.439    -3.18    4.28
 -36506.322    80.062    -1.32    4.40
 -36219.875    79.260    -2.80    4.45
 -35933.433    78.521    -2.58    4.59
 -35646.994    77.879    -2.24    4.73
 -35360.560    76.943    -3.27    4.93
 -35074.129    76.137    -2.81    4.95
 -34787.703    75.703    -1.51    5.18
 -34501.281    74.939    -2.67    5.02
 -34214.862    73.952    -3.44    4.67
 -33928.448    73.259    -2.42    4.44
 -33642.038    72.504    -2.64    4.14
 -33355.631    71.791    -2.49    3.92
 -33069.229    71.167    -2.18    3.72
 -32782.831    70.796    -1.29    3.55
 -32496.436    70.245    -1.92    3.25
 -32210.046    69.715    -1.85    2.79
 -31923.660    69.288    -1.49    2.47
 -31637.278    68.727    -1.96    2.22
 -31350.900    68.093    -2.21    2.04
 -31064.526    67.697    -1.38    2.18
 -30778.156    67.068    -2.19    2.18
 -30491.789    66.384    -2.39    2.18
 -30205.427    65.899    -1.69    2.10
 -29919.069    65.293    -2.12    2.03
 -29632.715    64.741    -1.93    1.89
 -29346.365    64.500    -0.84    1.85
 -29060.019    64.021    -1.67    1.78
 -28773.678    63.503    -1.81    1.73
 -28487.340    63.078    -1.49    1.64
 -28201.006    62.514    -1.97    1.57
 -27914.676    61.971    -1.90    1.44
 -27628.350    61.428    -1.90    1.45
 -27342.028    61.061    -1.28    1.37
 -27055.710    60.565    -1.73    1.60
 -26769.396    59.958    -2.12    1.89
 -26483.087    59.167    -2.76    2.05
 -26196.781    58.319    -2.96    2.13
 -25910.479    57.420    -3.14    2.07
 -25624.181    56.599    -2.87    1.77
 -25337.888    55.653    -3.30    1.52
 -25051.598    55.000    -2.28    1.80
 -24765.312    53.741    -4.40    3.36
 -24479.031    52.743    -3.49    4.15
 -24192.753    52.158    -2.04    5.08
 -23906.479    51.890    -0.94    6.02
 -23620.210    51.297    -2.07    6.92
 -23333.944    50.786    -1.78    7.75
 -23047.683    48.964    -6.37   10.38
 -22761.425    46.353    -9.12   13.06
 -22475.171    43.583    -9.68   13.53
 -22188.922    40.759    -9.87   13.79
 -21902.676    36.810   -13.80   12.85
 -21616.435    34.469    -8.18   10.96
 -21330.197    34.056    -1.44    9.87
 -21043.964    35.050     3.47    9.65
 -20757.735    34.237    -2.84    9.49
 -20471.509    33.476    -2.66    9.68
 -20185.288    32.395    -3.78    9.73
 -19899.070    33.395     3.49   10.67
 -19612.857    34.853     5.10   11.89
 -19326.647    38.698    13.43   13.36
 -19040.442    42.914    14.73   13.61
 -18754.241    46.177    11.40   12.39
 -18468.043    47.897     6.01   10.99
 -18181.850    47.658    -0.84   10.34
 -17895.661    44.521   -10.96   11.77
 -17609.475    40.700   -13.35   11.87
 -17323.294    37.757   -10.28   11.00
 -17037.117    34.829   -10.23    9.62
 -16750.944    32.667    -7.55    8.67
 -16464.774    31.705    -3.36    7.40
 -16178.609    30.681    -3.58    7.04
 -15892.448    29.085    -5.58    6.21
 -15606.291    27.887    -4.19    5.39
 -15320.137    28.000     0.40    5.64
 -15033.988    29.007     3.52    6.71
 -14747.843    30.303     4.53    8.08
 -14461.702    32.281     6.91    9.23
 -14175.565    34.500     7.76    9.68
 -13889.431    36.331     6.40    9.62
 -13603.302    38.248     6.70    9.52
 -13317.177    39.965     6.00    9.36
 -13031.056    42.000     7.11    8.62
 -12744.939    43.846     6.45    7.60
 -12458.826    45.224     4.81    6.21
 -12172.716    46.621     4.89    3.57
 -11886.611    47.457     2.92    1.06
 -11600.510    47.745     1.01    1.25
 -11314.413    47.979     0.82    1.26
 -11028.320    48.594     2.15    1.64
 -10742.231    49.160     1.98    1.76
 -10456.146    49.319     0.56    1.70
 -10170.065    49.333     0.05    1.68
  -9883.988    49.106    -0.79    1.83
  -9597.915    48.622    -1.69    2.05
  -9311.846    48.092    -1.86    2.16
  -9025.781    47.420    -2.35    1.94
  -8739.720    47.163    -0.90    1.75
  -8453.663    46.871    -1.02    1.59
  -8167.610    46.763    -0.38    1.52
  -7881.560    46.930     0.59    1.74
  -7595.515    47.324     1.38    2.34
  -7309.474    48.106     2.73    2.95
  -7023.437    49.014     3.18    3.10
  -6737.404    49.780     2.68    2.94
  -6451.375    50.564     2.74    2.60
  -6165.350    51.194     2.20    2.18
  -5879.329    51.389     0.68    1.98
  -5593.312    51.354    -0.12    1.79
  -5307.299    51.424     0.24    1.67
  -5021.019    51.660     0.82    1.71
  -4734.063    52.064     1.41    1.85
  -4447.113    52.542     1.67    2.04
  -4160.168    53.203     2.30    2.10
  -3873.227    53.818     2.14    2.02
  -3586.291    54.401     2.03    1.74
  -3299.360    54.836     1.51    1.42
  -3012.434    55.129     1.02    1.25
  -2725.512    55.055    -0.26    1.70
  -2438.595    54.528    -1.84    2.82
  -2151.683    53.336    -4.15    4.51
  -1864.776    49.690   -12.71   12.09
  -1577.873    43.725   -20.79   18.58
  -1290.976    36.993   -23.47   22.62
  -1004.083    30.200   -23.68   24.53
   -717.194    22.783   -25.85   24.39
   -430.311    16.029   -23.54   22.25
   -143.432     9.213   -23.76   18.05
    143.441     3.669   -19.32   11.56
    430.311     0.678   -10.43    4.57
    717.175     0.027    -2.27    0.16
   1004.034     0.063     0.13    0.24
   1290.889     0.099     0.13    0.30
   1577.739     0.129     0.11    0.34
   1864.584     0.145     0.05    0.35
   2151.425     0.178     0.12    0.38
   2438.260     0.503     1.13    1.67
   2725.091     1.273     2.68    3.32
   3011.917     3.000     6.02    5.75
   3298.739     5.359     8.22    7.50
   3585.555     7.795     8.49    8.44
   3872.367    10.407     9.11    8.79
   4159.174    13.288    10.04    8.59
   4445.977    16.496    11.19    7.54
   4732.774    19.371    10.02    6.30
   5019.567    21.925     8.91    5.14
   5306.355    24.408     8.66    5.27
   5593.138    26.929     8.79    6.37
   5879.917    30.259    11.61    7.40
   6166.690    33.892    12.67    8.09
   6453.459    37.448    12.40    7.98
   6740.223    40.801    11.69    7.29
   7026.983    43.434     9.18    6.02
   7313.737    45.835     8.37    4.41
   7600.487    47.417     5.52    3.13
   7887.232    48.378     3.35    2.17
   8173.972    49.199     2.86    1.49
   8460.708    49.902     2.45    2.74
   8747.439    51.486     5.52    4.73
   9034.165    53.312     6.37    5.79
   9320.886    55.437     7.41    6.01
   9607.603    57.568     7.44    5.62
   9894.314    60.414     9.92    5.57
  10181.021    63.239     9.86    5.75
  10467.724    65.257     7.04    6.85
  10754.421    66.936     5.85    7.79
  11041.114    69.236     8.02    8.82
  11327.802    71.727     8.69    9.23
  11614.485    74.282     8.91    9.21
  11901.163    77.324    10.61    8.23
  12187.837    79.489     7.55    7.22
  12474.506    81.718     7.78    6.59
  12761.170    83.826     7.35    6.52
  13047.829    85.972     7.49    6.91
  13334.484    88.589     9.13    7.46
  13621.134    91.180     9.04    8.90
  13907.779    95.775    16.03   13.03
  14194.419   102.486    23.41   19.52
  14481.055   110.702    28.66   27.96
  14767.685   117.227    22.76   33.92
  15054.311   118.645     4.95   34.41
  15340.933   119.136     1.71   33.29
  15627.549   119.319     0.64   31.16
  15914.161   124.111    16.72   33.17
  16200.768   131.697    26.47   35.12
  16487.370   145.669    48.75   41.21
  16773.968   164.113    64.35   43.90
  17060.561   185.168    73.47   40.61
  17347.149   200.799    54.54   36.09
  17633.732   213.444    44.13   29.33
  17920.310   220.264    23.80   27.19
  18206.884   220.085    -0.63   32.44
  18493.453   216.570   -12.26   34.71
  18780.017   213.322   -11.34   35.05
  19066.577   206.637   -23.33   35.04
  19353.132   200.923   -19.94   35.62
  19639.682   196.207   -16.46   35.14
  19926.227   195.719    -1.70   38.82
  20212.767   191.572   -14.47   50.09
  20499.303   188.493   -10.75   56.31
  20785.834   182.396   -21.28   64.37
  21072.360   176.920   -19.11   72.99
  21358.882   172.638   -14.95   81.87
  21645.398   161.190   -39.95   88.08
  21931.910   151.068   -35.33   91.05
  22218.417   138.421   -44.14   89.78
  22504.920   117.612   -72.63   79.09
  22791.418   102.691   -52.08   63.72
  23077.911    89.063   -47.57   42.79
  23364.399    79.184   -34.48   28.36
  23650.882    74.299   -17.05   22.22
  23937.361    67.768   -22.80   10.98
  24223.835    63.674   -14.29    7.98
  24510.304    59.550   -14.40    7.80
  24796.769    55.699   -13.44    7.28
  25083.228    52.483   -11.23    6.44
  25369.683    50.357    -7.42    5.16
  25656.134    48.738    -5.65    3.22
  25942.579    48.493    -0.85    2.51
  26229.020    49.734     4.33    4.28
  26515.456    51.882     7.50    5.40
  26801.887    54.167     7.98    5.77
  27088.314    56.638     8.63    5.54
  27374.735    58.872     7.80    4.55
  27661.153    60.908     7.11    2.82
  27947.565    62.695     6.24    2.04
  28233.972    64.078     4.83    3.00
  28520.375    66.113     7.11    4.59
  28806.773    67.906     6.26    5.59
  29093.167    69.340     5.01    7.16
  29379.555    70.514     4.10    9.01
  29665.939    71.194     2.38   11.29
  29952.318    72.261     3.72   13.17
  30238.692    73.345     3.79   14.23
  30525.062    74.754     4.92   15.04
  30811.427    76.315     5.45   15.80
  31097.787    78.133     6.35   16.74
  31384.142    77.924    -0.73   18.73
  31670.493    77.396    -1.84   18.54
  31956.839    76.921    -1.66   19.37
  32243.180    77.014     0.32   19.71
  32529.516    76.438    -2.01   20.17
  32815.848    77.377     3.28   20.15
  33102.175    78.944     5.47   21.30
  33388.497    82.850    13.64   23.81
  33674.815    87.950    17.81   27.56
  33961.128    98.685    37.49   33.65
  34247.436   108.973    35.93   40.42
  34533.739   120.910    41.70   46.22
  34820.037   128.580    26.79   47.94
  35106.331   129.754     4.10   47.08
  35392.620   129.194    -1.95   47.87
  35678.905   126.544    -9.26   44.95
  35965.184   120.869   -19.82   39.74
  36251.459   115.165   -19.92   33.56
  36537.729   114.493    -2.35   34.48
  36823.994   113.000    -5.21   35.57
  37110.255   114.368     4.78   40.28
  37396.511   112.945    -4.97   38.91
  37682.762   112.894    -0.18   36.92
  37969.009   115.468     8.99   36.62
  38255.250   118.479    10.52   35.86
  38541.487   125.111    23.17   39.44
  38827.720   131.629    22.77   41.48
  39113.947   137.768    21.45   44.20
  39400.170   143.638    20.51   46.59
  39686.388   146.865    11.27   46.91
  39972.601   152.769    20.63   48.71
  40258.810   154.993     7.77   46.12
  40545.014   158.252    11.39   43.48
  40831.213   160.804     8.92   38.68
  41117.407   163.314     8.77   34.82
  41403.597   164.784     5.14   30.17
  41689.782   164.378    -1.42   26.76
  41975.962   164.769     1.37   24.05
  42262.138   164.149    -2.17   21.53
  42548.308   162.650    -5.24   20.32
  42834.475   159.284   -11.76   18.36
  43120.636   156.611    -9.34   17.31
  43406.792   154.869    -6.09   17.46
  43692.944   154.375    -1.73   18.51
  43979.091   154.590     0.75   18.76
  44265.234   153.914    -2.36   21.49
  44551.371   152.669    -4.35   22.37
  44837.504   151.367    -4.55   24.73
  45123.633   147.027   -15.17   27.24
  45409.756   143.619   -11.91   26.25
  45695.875   136.257   -25.73   25.14
  45981.989   129.309   -24.28   23.84
  46268.098   126.579    -9.54   23.75
  46554.203   123.476   -10.85   22.78
  46840.303   121.755    -6.02   21.12
  47126.398   119.324    -8.50   19.29
  47412.488   118.036    -4.50   18.05
  47698.574   118.028    -0.03   18.30
  47984.655   117.014    -3.54   18.68
  48270.731   116.674    -1.19   19.07
  48556.803   116.371    -1.06   18.61
  48842.870   115.064    -4.57   19.18
  49128.932   114.676    -1.36   19.80
  49414.989   114.701     0.09   20.35
  49701.042   114.655    -0.16   20.04
  49987.090   115.212     1.95   17.99
