-128338.669   364.477     0.00   40.73
-128052.194   374.210    33.98   49.05
-127765.726   379.188    17.38   54.70
-127479.266   384.917    20.00   55.13
-127192.814   389.496    15.99   52.83
-126906.369   392.128     9.19   49.89
-126619.932   394.958     9.88   45.76
-126333.502   393.397    -5.45   44.86
-126047.080   389.202   -14.65   41.21
-125760.665   384.384   -16.82   38.17
-125474.258   378.378   -20.97   35.01
-125187.858   370.684   -26.87   32.06
-124901.466   363.399   -25.44   28.28
-124615.082   356.161   -25.27   22.34
-124328.705   349.827   -22.12   18.29
-124042.336   344.122   -19.92   14.20
-123755.974   339.573   -15.89   11.44
-123469.620   336.031   -12.37   11.38
-123183.273   333.053   -10.40   13.59
-122896.934   328.769   -14.96   13.35
-122610.603   325.574   -11.16   12.29
-122324.279   323.755    -6.35   13.03
-122037.962   328.436    16.35   21.20
-121751.653   336.402    27.82   28.59
-121465.352   346.130    33.98   31.73
-121179.058   350.280    14.50   30.18
-120892.772   353.330    10.65   27.35
-120606.493   353.583     0.88   25.90
-120320.222   350.868    -9.48   25.05
-120033.958   346.546   -15.10   22.99
-119747.702   340.045   -22.71   16.33
-119461.454   334.441   -19.58    8.30
-119175.213   331.876    -8.96    4.56
-118888.979   331.120    -2.64    3.98
-118602.753   330.939    -0.63    3.59
-118316.535   331.297     1.25    3.94
-118030.324   332.575     4.47    4.46
-117744.121   334.857     7.97    6.00
-117457.925   337.826    10.37    8.10
-117171.737   341.941    14.38    9.72
-116885.556   346.103    14.54   10.67
-116599.383   351.196    17.80   11.03
-116313.217   355.157    13.84   11.95
-116027.059   358.534    11.80   11.99
-115740.909   361.473    10.27   12.19
-115454.765   362.981     5.27   14.07
-115168.630   363.798     2.86   15.10
-114882.502   363.645    -0.53   15.29
-114596.381   363.539    -0.37   16.12
-114310.269   362.103    -5.02   16.73
-114024.163   359.485    -9.15   15.20
-113738.065   359.031    -1.59   14.90
-113451.975   356.618    -8.43   15.34
-113165.892   355.273    -4.70   15.13
-112879.817   353.067    -7.71   14.29
-112593.749   351.507    -5.45   14.89
-112307.689   349.570    -6.77   14.46
-112021.636   346.865    -9.46   12.60
-111735.591   344.711    -7.53   12.27
-111449.553   340.630   -14.27   12.58
-111163.523   336.820   -13.32   12.02
-110877.500   333.349   -12.13   11.23
-110591.485   329.826   -12.32    9.78
-110305.477   326.422   -11.90    7.70
-110019.477   323.197   -11.28    5.23
-109733.485   320.784    -8.44    3.78
-109447.500   318.868    -6.70    3.41
-109161.522   317.003    -6.52    3.57
-108875.552   315.045    -6.85    4.05
-108589.590   312.967    -7.27    4.36
-108303.634   310.455    -8.78    4.55
-108017.687   307.981    -8.65    4.29
-107731.747   305.684    -8.04    3.91
-107445.814   303.784    -6.65    3.36
-107159.889   302.237    -5.41    2.64
-106873.972   301.147    -3.81    1.85
-106588.062   300.353    -2.78    1.09
-106302.160   299.855    -1.74    0.63
-106016.265   299.461    -1.38    1.04
-105730.377   299.072    -1.36    1.66
-105444.497   298.862    -0.74    1.98
-105158.625   298.386    -1.67    2.59
-104872.760   297.726    -2.31    3.52
-104586.902   297.107    -2.17    4.58
-104301.052   296.335    -2.70    5.45
-104015.210   296.040    -1.03    6.34
-103729.375   295.656    -1.34    7.14
-103443.547   295.312    -1.20    7.35
-103157.728   295.237    -0.26    7.23
-102871.915   295.241     0.02    7.32
-102586.110   294.858    -1.34    7.13
-102300.313   293.762    -3.83    6.87
-102014.523   293.444    -1.12    7.11
-101728.740   292.598    -2.96    7.12
-101442.965   291.655    -3.30    7.06
-101157.198   290.405    -4.38    6.54
-100871.438   289.525    -3.08    6.55
-100585.685   288.630    -3.13    6.46
-100299.940   287.712    -3.21    5.70
-100014.203   287.857     0.51    5.63
 -99728.473   287.741    -0.40    5.49
 -99442.750   288.057     1.11    5.30
 -99157.035   288.376     1.11    5.13
 -98871.327   288.734     1.26    4.87
 -98585.627   288.564    -0.60    4.92
 -98299.935   287.291    -4.45    5.96
 -98014.250   285.180    -7.39    6.47
 -97728.572   283.868    -4.59    6.14
 -97442.902   283.339    -1.85    6.01
 -97157.239   283.487     0.52    5.86
 -96871.584   283.798     1.09    5.53
 -96585.936   284.903     3.87    4.94
 -96299.980   285.965     3.71    4.62
 -96012.635   286.820     2.97    4.19
 -95725.299   287.039     0.76    4.37
 -95437.971   287.215     0.61    3.82
 -95150.652   286.791    -1.48    4.06
 -94863.340   285.940    -2.96    5.11
 -94576.038   283.829    -7.35    7.75
 -94288.743   282.933    -3.12    8.96
 -94001.457   282.893    -0.14    9.72
 -93714.179   284.139     4.34    9.94
 -93426.910   285.940     6.27   11.14
 -93139.649   288.575     9.18   11.95
 -92852.396   292.487    13.62   11.85
 -92565.152   296.266    13.16   10.50
 -92277.916   298.007     6.06   10.18
 -91990.688   299.639     5.68    9.50
 -91703.469   299.456    -0.64    9.67
 -91416.258   297.686    -6.16   10.59
 -91129.056   297.115    -1.99   10.74
 -90841.861   295.054    -7.18   11.03
 -90554.675   293.848    -4.20   11.33
 -90267.498   293.367    -1.68   11.01
 -89980.329   292.936    -1.50   10.53
 -89693.168   293.485     1.91   10.20
 -89406.015   292.512    -3.39    9.78
 -89118.871   291.674    -2.92    9.27
 -88831.735   291.334    -1.19    9.10
 -88544.608   290.543    -2.76    8.91
 -88257.489   289.704    -2.92    8.91
 -87970.378   289.460    -0.85    9.53
 -87683.275   289.684     0.78   10.44
 -87396.181   290.922     4.31   10.91
 -87109.095   292.273     4.71   11.20
 -86822.018   294.185     6.66   10.55
 -86534.949   295.631     5.04    9.13
 -86247.888   296.720     3.79    7.65
 -85960.835   296.992     0.95    6.18
 -85673.791   296.603    -1.35    5.41
 -85386.756   295.755    -2.95    5.03
 -85099.728   294.597    -4.04    4.39
 -84812.709   293.241    -4.73    3.82
 -84525.698   291.849    -4.85    3.54
 -84238.695   290.551    -4.52    3.80
 -83951.701   288.842    -5.96    4.81
 -83664.715   286.040    -9.76    6.77
 -83377.738   283.037   -10.46    7.92
 -83090.769   280.339    -9.40    8.43
 -82803.808   277.079   -11.36    8.84
 -82516.855   273.656   -11.93    8.24
 -82229.911   271.349    -8.04    7.80
 -81942.975   269.190    -7.53    8.57
 -81656.047   267.935    -4.37   10.19
 -81369.128   266.007    -6.72   11.00
 -81082.217   263.189    -9.82   10.88
 -80795.314   260.748    -8.51   10.69
 -80508.420   257.422   -11.59    9.59
 -80221.534   254.349   -10.71    8.46
 -79934.656   251.227   -10.88    8.11
 -79647.786   248.482    -9.57    8.02
 -79360.925   245.770    -9.45    7.95
 -79074.072   243.784    -6.92    8.00
 -78787.228   241.185    -9.06    8.47
 -78500.392   238.288   -10.10    9.00
 -78213.564   234.986   -11.51    9.31
 -77926.744   231.825   -11.02   10.19
 -77639.933   227.936   -13.56   10.19
 -77353.130   224.713   -11.24    9.73
 -77066.335   221.165   -12.37    8.52
 -76779.549   217.516   -12.72    8.66
 -76492.771   213.762   -13.09    9.96
 -76206.001   206.462   -25.46   19.03
 -75919.239   194.596   -41.38   32.42
 -75632.486   184.215   -36.20   34.57
 -75345.741   177.974   -21.77   33.65
 -75059.005   173.586   -15.30   30.51
 -74772.276   169.564   -14.03   27.53
 -74485.556   169.122    -1.54   25.23
 -74198.844   171.233     7.37   23.74
 -73912.141   176.857    19.61   21.79
 -73625.446   180.364    12.23   21.46
 -73338.759   186.341    20.85   21.19
 -73052.080   193.777    25.94   20.07
 -72765.410   201.034    25.31   18.25
 -72478.748   208.115    24.70   17.46
 -72192.094   212.625    15.73   18.21
 -71905.449   217.692    17.68   22.08
 -71618.812   222.365    16.31   25.91
 -71332.183   226.470    14.32   29.10
 -71045.562   231.608    17.92   34.91
 -70758.950   233.280     5.84   37.45
 -70472.346   234.574     4.51   38.45
 -70185.750   234.705     0.46   39.68
 -69899.163   233.077    -5.68   39.52
 -69612.583   230.339    -9.55   37.82
 -69326.012   225.968   -15.25   36.32
 -69039.450   220.927   -17.59   33.98
 -68752.895   217.174   -13.10   31.19
 -68466.349   212.320   -16.94   30.25
 -68179.812   210.438    -6.57   30.15
 -67893.282   208.230    -7.71   29.34
 -67606.761   204.167   -14.18   29.06
 -67320.248   203.377    -2.76   29.99
 -67033.743   201.571    -6.30   28.62
 -66747.246   196.814   -16.61   28.11
 -66460.758   187.574   -32.25   36.01
 -66174.278   173.446   -49.32   49.84
 -65887.807   150.027   -81.75   60.12
 -65601.343   131.489   -64.71   64.48
 -65314.888   110.112   -74.63   60.31
 -65028.441    92.461   -61.62   49.56
 -64742.003    82.340   -35.33   35.84
 -64455.572    81.165    -4.10   33.16
 -64169.150    86.154    17.42   36.74
 -63882.736    93.209    24.63   40.04
 -63596.331   103.018    34.25   42.99
 -63309.933   116.542    47.22   42.02
 -63023.544   127.308    37.59   38.51
 -62737.163   138.138    37.82   31.54
 -62450.791   145.038    24.09   21.60
 -62164.427   148.629    12.54   14.80
 -61878.070   149.331     2.45   12.03
 -61591.723   148.777    -1.93   11.22
 -61305.383   149.762     3.44   11.47
 -61019.052   151.953     7.65   11.93
 -60732.729   154.089     7.46   11.42
 -60446.414   157.368    11.46   10.77
 -60160.107   158.234     3.02   11.20
 -59873.809   160.307     7.24   10.60
 -59587.519   162.843     8.86    9.96
 -59301.237   164.974     7.44    9.44
 -59014.964   167.618     9.24    8.34
 -58728.698   170.393     9.70    7.04
 -58442.441   172.150     6.14    6.38
 -58156.192   174.520     8.28    4.85
 -57869.952   176.412     6.61    4.04
 -57583.719   177.534     3.92    3.41
 -57297.495   178.270     2.57    3.07
 -57011.279   178.936     2.33    3.12
 -56725.071   179.294     1.25    3.45
 -56438.872   179.974     2.37    3.62
 -56152.681   181.101     3.94    3.92
 -55866.498   182.209     3.87    4.84
 -55580.323   182.889     2.38    5.62
 -55294.157   183.233     1.20    6.84
 -55007.998   182.460    -2.70    8.76
 -54721.848   181.401    -3.70   10.28
 -54435.706   179.211    -7.65   11.55
 -54149.573   175.798   -11.93   12.18
 -53863.447   171.748   -14.16   12.08
 -53577.330   167.610   -14.46   11.96
 -53291.221   162.436   -18.08   10.96
 -53005.121   158.326   -14.37   10.31
 -52719.028   153.762   -15.95    9.68
 -52432.944   149.873   -13.60    8.79
 -52146.868   145.457   -15.43    7.96
 -51860.800   142.478   -10.42    6.90
 -51574.741   139.951    -8.83    6.25
 -51288.689   138.049    -6.65    5.75
 -51002.646   136.534    -5.30    5.39
 -50716.611   134.821    -5.99    5.75
 -50430.584   133.512    -4.57    6.36
 -50144.566   132.195    -4.61    7.36
 -49858.556   130.567    -5.69    8.15
 -49572.554   128.677    -6.61    8.70
 -49286.560   126.755    -6.72    8.50
 -49000.574   124.380    -8.31    8.03
 -48714.597   122.273    -7.37    7.55
 -48428.627   120.777    -5.23    6.65
 -48142.666   119.610    -4.08    5.60
 -47856.714   118.475    -3.97    4.70
 -47570.769   117.968    -1.77    4.01
 -47284.833   117.535    -1.52    3.36
 -46998.904   117.074    -1.61    3.37
 -46712.984   116.145    -3.25    3.78
 -46427.073   115.038    -3.87    4.60
 -46141.169   113.543    -5.23    5.15
 -45855.274   110.805    -9.58    6.89
 -45569.386   107.167   -12.72    8.93
 -45283.507   103.807   -11.75    9.25
 -44997.637   100.926   -10.08    8.48
 -44711.774    99.262    -5.82    7.59
 -44425.920    96.806    -8.59    6.60
 -44140.073    95.344    -5.11    5.21
 -43854.235    94.191    -4.03    4.21
 -43568.406    93.609    -2.04    3.23
 -43282.584    93.041    -1.99    1.88
 -42996.771    92.922    -0.42    1.43
 -42710.965    93.031     0.38    1.47
 -42425.168    93.252     0.77    1.55
 -42139.379    93.571     1.12    1.76
 -41853.599    93.829     0.90    1.83
 -41567.826    93.798    -0.11    2.38
 -41282.062    93.671    -0.44    2.82
 -40996.306    93.494    -0.62    2.99
 -40710.558    93.007    -1.71    3.06
 -40424.818    92.316    -2.42    3.14
 -40139.087    91.690    -2.19    2.92
 -39853.363    90.683    -3.53    3.46
 -39567.648    89.657    -3.59    4.23
 -39281.941    88.712    -3.31    4.65
 -38996.242    87.557    -4.04    4.68
 -38710.552    87.150    -1.42    4.60
 -38424.869    86.667    -1.69    4.32
 -38139.195    85.630    -3.63    4.72
 -37853.529    84.579    -3.68    5.56
 -37567.871    83.252    -4.65    6.64
 -37282.221    80.967    -8.00    7.80
 -36996.579    79.079    -6.61    8.47
 -36710.946    76.512    -8.99    8.88
 -36425.321    74.081    -8.51    9.57
 -36139.704    71.403    -9.38   10.52
 -35854.095    69.036    -8.29   11.50
 -35568.494    66.871    -7.58   12.28
 -35282.901    64.947    -6.74   13.26
 -34997.317    62.558    -8.36   13.65
 -34711.741    60.422    -7.48   13.42
 -34425.706    57.987    -8.51   13.90
 -34138.286    56.534    -5.06   13.91
 -33850.875    54.587    -6.77   13.37
 -33563.473    52.961    -5.66   13.17
 -33276.080    51.227    -6.03   12.37
 -32988.696    48.836    -8.32   10.87
 -32701.321    46.615    -7.73    8.69
 -32413.955    44.960    -5.76    7.01
 -32126.599    43.333    -5.66    5.78
 -31839.251    42.324    -3.51    4.92
 -31551.913    41.089    -4.30    4.01
 -31264.583    39.785    -4.54    3.82
 -30977.263    36.888   -10.08    7.75
 -30689.951    32.135   -16.55   12.03
 -30402.649    28.725   -11.87   13.21
 -30115.356    27.277    -5.04   13.19
 -29828.072    27.924     2.25   13.43
 -29540.796    30.027     7.32   14.39
 -29253.530    33.985    13.78   13.98
 -28966.273    38.190    14.64   11.91
 -28679.025    42.503    15.02    7.13
 -28391.786    45.170     9.28    4.40
 -28104.556    46.660     5.19    2.60
 -27817.336    46.636    -0.08    2.42
 -27530.124    46.277    -1.25    2.55
 -27242.921    46.407     0.45    2.46
 -26955.727    46.462     0.19    2.43
 -26668.543    46.277    -0.65    2.53
 -26381.367    46.387     0.39    2.84
 -26094.201    46.734     1.21    3.42
 -25807.043    46.675    -0.21    4.10
 -25519.895    46.204    -1.64    4.56
 -25232.755    46.208     0.01    5.02
 -24945.625    46.400     0.67    4.97
 -24658.504    46.439     0.14    4.90
 -24371.391    46.847     1.42    4.96
 -24084.288    47.704     2.99    4.87
 -23797.194    48.285     2.02    4.97
 -23510.109    49.606     4.60    5.20
 -23223.032    50.358     2.62    4.90
 -22935.965    51.135     2.71    4.87
 -22648.907    52.249     3.88    5.10
 -22361.858    52.509     0.91    5.30
 -22074.818    52.539     0.11    5.62
 -21787.787    52.648     0.38    5.89
 -21500.765    52.682     0.12    5.61
 -21213.752    52.171    -1.78    6.26
 -20926.748    52.077    -0.33    6.57
 -20639.753    51.828    -0.87    6.26
 -20352.767    51.098    -2.54    6.55
 -20065.790    50.177    -3.21    6.25
 -19778.822    49.333    -2.94    5.96
 -19491.864    48.741    -2.06    6.08
 -19204.914    47.609    -3.95    6.41
 -18917.973    45.135    -8.62    7.27
 -18631.041    42.597    -8.84    8.47
 -18344.118    41.154    -5.03    8.72
 -18057.205    39.999    -4.02    8.70
 -17770.300    37.301    -9.41    8.31
 -17483.404    34.113   -11.11    7.71
 -17196.517    32.402    -5.96    8.58
 -16909.640    31.898    -1.76   11.31
 -16622.771    31.005    -3.11   12.69
 -16335.911    29.587    -4.94   13.07
 -16049.060    30.021     1.51   13.26
 -15762.219    31.711     5.89   13.11
 -15475.386    34.020     8.05   12.74
 -15188.562    37.327    11.53   10.11
 -14901.748    39.999     9.32    7.62
 -14614.942    40.480     1.67    6.68
 -14328.145    41.036     1.94    6.12
 -14041.357    41.454     1.46    5.97
 -13754.579    41.202    -0.88    5.99
 -13467.809    40.528    -2.35    6.12
 -13181.048    40.329    -0.70    5.90
 -12894.297    40.374     0.16    6.99
 -12607.554    39.755    -2.16    7.78
 -12320.820    38.599    -4.03    8.99
 -12034.095    36.920    -5.86   11.16
 -11747.380    34.841    -7.25   13.50
 -11460.673    33.081    -6.14   15.10
 -11173.975    30.658    -8.45   17.15
 -10887.286    28.940    -5.99   17.46
 -10600.606    24.970   -13.85   18.22
 -10313.936    22.512    -8.57   18.31
 -10027.274    19.666    -9.93   17.34
  -9740.621    15.638   -14.05   16.40
  -9453.977    13.889    -6.10   15.49
  -9167.342    11.446    -8.52   14.15
  -8880.716     9.538    -6.66   13.07
  -8594.099     7.991    -5.40   11.98
  -8307.491     6.748    -4.34   10.50
  -8020.892     5.487    -4.40    9.29
  -7734.302     5.996     1.78    9.81
  -7447.721     6.192     0.68   10.67
  -7161.149     6.470     0.97   11.54
  -6874.586     6.699     0.80   12.45
  -6588.032     6.127    -1.99   12.27
  -6301.486     6.231     0.36   12.66
  -6014.950     5.011    -4.26   11.38
  -5728.423     2.910    -7.33    8.38
  -5441.905     2.362    -1.91    7.09
  -5155.395     1.436    -3.23    5.01
  -4868.895     0.878    -1.95    3.30
  -4582.403     0.770    -0.38    2.52
  -4295.921     0.400    -1.29    1.00
  -4009.448     0.214    -0.65    0.50
  -3722.983     0.150    -0.23    0.58
  -3436.527     0.057    -0.33    0.47
  -3150.081    -0.046    -0.36    0.39
  -2863.643    -0.080    -0.12    0.44
  -2577.215    -0.135    -0.19    0.31
  -2290.795    -0.157    -0.08    0.27
  -2004.384    -0.175    -0.06    0.24
  -1717.982    -0.187    -0.04    0.22
  -1431.589    -0.179     0.03    0.24
  -1145.205    -0.137     0.15    0.30
   -858.830    -0.088     0.17    0.38
   -572.464     0.193     0.98    0.98
   -286.107     0.536     1.20    1.59
      0.241     0.954     1.46    2.38
    286.580     1.462     1.78    3.06
    572.911     2.103     2.24    3.87
    859.232     2.174     0.25    3.90
   1145.544     2.575     1.40    4.27
   1431.848     2.941     1.28    4.87
   1718.142     3.637     2.43    5.62
   2004.428     5.105     5.13    7.29
   2290.704     6.918     6.33    9.18
   2576.972     9.023     7.35   10.85
   2863.231    11.651     9.18   12.48
   3149.481    14.532    10.06   13.68
   3435.722    18.123    12.54   14.57
   3721.954    21.270    10.99   15.43
   4008.177    23.835     8.96   16.20
   4294.391    28.303    15.61   16.12
   4580.596    31.465    11.05   16.76
   4866.792    35.359    13.61   16.09
   5152.980    39.199    13.42   15.40
   5439.158    41.995     9.77   14.51
   5725.328    44.596     9.09   13.42
   6011.488    47.505    10.17   12.25
   6297.640    49.410     6.66   11.59
   6583.783    50.851     5.04   11.22
   6869.916    52.928     7.26   11.46
   7156.041    54.741     6.34   11.42
   7442.157    57.074     8.15   10.84
   7728.264    59.755     9.37   10.98
   8014.362    62.876    10.91   11.24
   8300.452    65.255     8.32   11.48
   8586.532    67.777     8.82   13.13
   8872.603    70.388     9.13   14.82
   9158.666    73.348    10.34   16.23
   9444.720    76.448    10.84   18.09
   9730.764    79.862    11.93   19.15
  10016.800    83.067    11.21   19.09
  10302.827    86.818    13.12   19.01
  10588.845    90.410    12.56   18.17
  10874.854    93.525    10.89   16.37
  11160.854    92.362    -4.07   17.50
  11446.845    93.538     4.11   16.83
  11732.828    96.857    11.61   16.66
  12018.801    98.805     6.81   16.37
  12304.766   100.918     7.39   17.13
  12590.721   105.096    14.61   18.44
  12876.668   109.429    15.15   19.95
  13162.606   113.683    14.88   20.63
  13448.535   118.911    18.28   21.21
  13734.455   122.691    13.22   22.10
  14020.366   126.577    13.59   21.00
  14306.269   131.096    15.80   20.64
  14592.162   133.896     9.80   19.78
  14878.047   136.345     8.56   17.64
  15163.922   138.291     6.81   18.41
  15449.789   140.391     7.35   19.03
  15735.647   142.093     5.96   18.60
  16021.496   145.345    11.38   19.44
  16307.336   148.571    11.29   19.17
  16593.167   152.076    12.26   18.76
  16878.989   155.558    12.18   18.59
  17164.803   158.355     9.79   17.19
  17450.607   159.233     3.07   15.14
  17736.403   159.988     2.64   15.05
  18022.190   159.548    -1.54   14.35
  18307.968   159.549     0.00   13.57
  18593.737   160.605     3.70   14.02
  18879.497   162.043     5.03   14.65
  19165.248   166.020    13.92   16.31
  19450.991   171.377    18.75   19.00
  19736.725   179.009    26.71   20.44
  20022.449   186.548    26.38   21.17
  20308.165   194.498    27.83   22.42
  20593.872   201.704    25.22   23.05
  20879.570   210.762    31.71   24.09
  21165.259   219.205    29.55   26.37
  21450.940   227.133    27.75   27.57
  21736.611   238.908    41.22   30.63
  22022.274   248.741    34.42   33.54
  22307.928   260.807    42.24   34.23
  22593.573   273.219    43.45   34.84
  22879.209   284.547    39.66   34.26
  23164.836   293.951    32.92   33.54
  23450.454   307.081    45.97   34.31
  23736.064   321.970    52.13   38.72
  24021.664   338.451    57.71   43.12
  24307.256   353.784    53.69   45.18
  24592.839   366.683    45.17   45.16
  24878.413   376.836    35.55   45.37
  25163.978   383.962    24.96   44.07
  25449.535   386.577     9.16   42.27
  25735.082   387.660     3.79   40.30
  26020.621   387.165    -1.73   36.92
  26306.151   379.712   -26.10   34.99
  26591.672   373.933   -20.24   39.65
  26877.184   368.741   -18.18   43.74
  27162.687   364.405   -15.19   45.94
  27448.818   361.581    -9.87   44.37
  27736.319   356.502   -17.67   41.29
  28023.811   355.770    -2.55   41.29
  28311.293   361.320    19.31   39.77
  28598.765   356.677   -16.15   44.38
  28886.228   345.074   -40.36   52.43
  29173.680   332.920   -42.28   58.45
  29461.123   320.427   -43.46   62.09
  29748.556   302.954   -60.79   59.62
  30035.979   284.030   -65.84   50.01
  30323.393   265.509   -64.44   32.24
  30610.797   253.652   -41.25   12.59
  30898.191   248.374   -18.37   14.03
  31185.575   244.262   -14.31   16.10
  31472.949   240.144   -14.33   17.56
  31760.314   235.349   -16.68   17.98
  32047.669   231.442   -13.60   17.29
  32335.014   229.367    -7.22   17.93
  32622.349   228.251    -3.88   17.35
  32909.675   230.770     8.76   19.22
  33196.991   232.161     4.84   21.41
  33484.297   235.970    13.26   24.16
  33771.593   242.170    21.58   26.89
  34058.880   247.770    19.49   28.59
  34346.157   248.161     1.36   30.83
  34633.424   244.493   -12.77   36.40
  34920.681   231.814   -44.14   41.89
  35207.929   215.608   -56.42   48.79
  35495.167   190.334   -87.99   50.65
  35782.395   166.487   -83.02   43.14
  36069.613   143.654   -79.50   35.17
  36356.822   127.514   -56.19   31.52
  36644.021   113.755   -47.91   27.16
  36931.210   100.470   -46.26   21.25
  37218.389    91.571   -30.98   18.34
  37505.559    83.488   -28.15   15.77
  37792.719    75.520   -27.75   11.04
  38079.869    69.990   -19.26    8.74
  38367.010    65.589   -15.33    7.81
  38654.140    61.675   -13.63    7.14
  38941.261    57.896   -13.16    5.67
  39228.372    55.043    -9.94    4.90
  39515.474    52.857    -7.61    4.62
  39802.566    50.505    -8.19    5.10
  40089.648    48.220    -7.96    6.37
  40376.720    44.882   -11.63    9.60
  40663.783    43.077    -6.29   10.55
  40950.836    42.230    -2.95   11.22
  41237.879    42.113    -0.41   11.77
  41524.912    42.145     0.11   12.56
  41811.936    42.463     1.11   12.74
  42098.950    43.695     4.29   13.05
  42385.954    45.238     5.38   12.87
  42672.949    45.465     0.79   13.31
  42959.934    45.490     0.09   13.39
  43246.909    46.370     3.06   12.28
  43533.874    47.524     4.02   10.98
  43820.830    47.934     1.43    9.02
  44107.776    47.820    -0.40    7.74
  44394.712    49.155     4.65    4.22
  44681.639    50.177     3.56    2.87
  44968.556    51.016     2.93    2.89
  45255.463    52.011     3.47    2.53
  45542.361    52.848     2.92    1.94
  45829.248    53.533     2.39    1.04
  46116.127    53.705     0.60    0.84
  46402.995    53.561    -0.50    1.16
  46689.854    53.270    -1.02    1.44
  46976.703    52.981    -1.01    1.58
  47263.542    52.601    -1.33    1.74
  47550.371    52.147    -1.58    1.78
  47837.191    51.941    -0.72    1.75
  48124.002    52.047     0.37    1.71
  48410.802    51.928    -0.42    1.92
  48697.593    51.598    -1.15    2.33
  48984.374    51.113    -1.69    2.66
  49271.146    50.600    -1.79    3.01
  49557.907    50.535    -0.23    3.12
  49844.659    50.593     0.21    3.26
  50131.402    50.108    -1.69    4.43
  50418.134    48.607    -5.23    9.08
  50704.858    45.791    -9.82   14.01
  50991.571    42.164   -12.65   17.55
  51278.275    37.688   -15.61   19.43
  51564.969    32.971   -16.45   20.21
  51851.653    29.059   -13.65   19.25
  52138.328    29.461     1.40   18.57
  52424.993    31.477     7.03   18.86
  52711.648    33.229     6.11   19.44
  52998.293    36.705    12.13   19.89
  53284.929    39.842    10.94   20.03
  53571.556    41.229     4.84   19.84
  53858.172    44.331    10.82   18.59
  54144.779    46.915     9.02   16.66
  54431.377    50.259    11.67   13.10
  54717.964    53.432    11.07    8.64
  55004.542    55.977     8.88    5.06
  55291.111    56.762     2.74    3.90
  55577.669    57.370     2.12    3.24
  55864.218    57.548     0.62    3.40
  56150.758    57.570     0.08    3.37
  56437.287    57.522    -0.17    3.26
  56723.807    57.492    -0.10    3.34
  57010.318    57.309    -0.64    3.30
  57296.818    57.320     0.04    3.44
  57583.309    57.960     2.23    3.28
  57869.791    58.777     2.85    2.91
  58156.263    59.412     2.22    2.47
  58442.725    59.611     0.70    2.39
  58729.177    59.930     1.11    1.93
  59015.620    59.636    -1.03    2.32
  59302.053    59.262    -1.30    2.58
  59588.477    58.829    -1.51    2.87
  59874.891    58.581    -0.87    2.93
  60161.295    58.670     0.31    3.02
  60447.690    59.165     1.73    2.98
  60734.075    60.041     3.06    2.80
  61020.450    61.076     3.62    2.17
  61306.816    61.849     2.70    1.86
  61593.172    62.612     2.66    1.56
  61879.518    63.262     2.27    1.40
  62165.855    63.673     1.43    1.36
  62452.182    64.216     1.90    1.34
  62738.500    64.561     1.20    1.09
  63024.808    64.705     0.50    1.03
  63311.106    64.599    -0.37    1.01
  63597.395    64.414    -0.65    0.99
  63883.674    64.079    -1.17    0.99
  64169.943    63.814    -0.93    0.93
  64456.203    63.606    -0.73    0.81
  64742.453    63.441    -0.58    0.65
  65028.694    63.380    -0.21    0.55
  65314.925    63.369    -0.04    0.49
  65601.146    63.458     0.31    0.46
  65887.358    63.605     0.51    0.37
