-157092.833  1438.923     0.00  156.65
-156804.519  1412.657   -91.10  178.00
-156516.189  1363.084  -171.92  202.97
-156227.841  1299.092  -221.91  210.77
-155939.476  1201.409  -338.73  179.44
-155651.805  1130.739  -245.65  142.33
-155366.988  1075.579  -193.66   93.20
-155082.155  1040.246  -124.04   50.92
-154797.306  1027.989   -43.02   33.37
-154512.441  1033.861    20.61   47.73
-154227.560  1063.107   102.66   97.49
-153942.663  1101.377   134.32  127.42
-153657.751  1158.996   202.22  162.94
-153372.822  1220.793   216.87  186.24
-153087.877  1283.312   219.39  201.85
-152802.916  1342.810   208.78  209.71
-152517.940  1378.136   123.95  194.08
-152232.947  1387.942    34.40  189.79
-151947.939  1361.536   -92.64  200.37
-151662.914  1317.820  -153.36  218.56
-151377.873  1232.721  -298.53  215.90
-151092.817  1168.958  -223.67  180.09
-150807.744  1114.210  -192.04  128.33
-150522.656  1092.864   -74.87  106.71
-150237.551  1093.853     3.47  122.81
-149952.430  1118.848    87.66  171.39
-149667.294  1135.246    57.50  185.10
-149382.141  1176.124   143.35  224.07
-149096.973  1187.879    41.22  232.11
-148811.788  1192.208    15.18  231.81
-148526.587  1189.312   -10.15  233.27
-148241.371  1183.662   -19.81  226.36
-147956.138  1188.507    16.99  218.01
-147670.889  1168.745   -69.27  201.44
-147385.625  1167.397    -4.73  183.41
-147100.344  1175.858    29.66  180.67
-146815.047  1197.299    75.15  189.71
-146529.734  1230.748   117.23  206.59
-146244.405  1278.051   165.77  239.13
-145959.060  1314.232   126.79  241.35
-145673.699  1354.482   141.04  248.38
-145388.322  1356.624     7.51  234.91
-145102.929  1371.006    50.39  205.50
-144817.520  1381.713    37.51  193.77
-144532.095  1422.559   143.10  193.10
-144246.653  1460.481   132.84  196.49
-143961.196  1496.254   125.31  180.39
-143675.722  1527.258   108.60  152.44
-143390.233  1524.980    -7.98  139.62
-143104.727  1511.006   -48.94  132.05
-142819.206  1474.386  -128.25  115.73
-142533.668  1439.434  -122.40   81.12
-142248.114  1427.307   -42.47   53.25
-141962.544  1430.254    10.32   53.45
-141676.958  1431.958     5.96   56.10
-141391.356  1426.696   -18.42   68.86
-141105.737  1409.696   -59.52   77.97
-140820.103  1383.167   -92.87   85.75
-140534.452  1358.570   -86.10   80.31
-140248.786  1331.490   -94.79   56.59
-139963.103  1315.614   -55.57   34.90
-139677.404  1307.028   -30.05   25.23
-139391.689  1302.248   -16.73   23.75
-139105.958  1298.793   -12.09   23.07
-138820.211  1295.627   -11.08   21.81
-138534.447  1290.754   -17.05   21.19
-138248.668  1283.627   -24.94   20.61
-137962.872  1275.635   -27.96   21.19
-137677.060  1266.723   -31.18   22.41
-137391.232  1253.775   -45.30   31.76
-137105.388  1236.315   -61.08   43.40
-136819.528  1218.583   -62.03   49.53
-136533.652  1198.070   -71.75   54.61
-136247.759  1176.709   -74.71   53.01
-135961.850  1155.200   -75.23   50.05
-135675.925  1134.458   -72.54   50.99
-135389.984  1116.640   -62.31   46.82
-135104.027  1102.232   -50.38   42.96
-134818.054  1090.225   -41.98   33.96
-134532.064  1089.786    -1.54   34.93
-134246.058  1100.845    38.66   51.30
-133960.036  1129.769   101.12   87.37
-133673.998  1180.166   176.18  135.37
-133387.944  1250.224   244.90  161.69
-133101.873  1315.706   228.89  162.31
-132815.786  1374.038   203.89  153.91
-132529.683  1424.407   176.04  136.14
-132243.564  1450.606    91.56  115.06
-131957.429  1461.332    37.48  108.35
-131671.277  1458.958    -8.30  104.04
-131385.109  1441.535   -60.88   88.88
-131098.925  1426.426   -52.79   96.91
-130812.725  1395.395  -108.42  102.97
-130526.509  1372.214   -80.99   99.15
-130240.276  1360.824   -39.79   89.03
-129954.027  1345.433   -53.76   71.50
-129667.762  1339.635   -20.26   63.13
-129381.480  1357.286    61.65   78.12
-129095.183  1392.401   122.65   99.04
-128808.869  1427.570   122.83  110.40
-128522.538  1460.530   115.11  120.83
-128236.192  1493.325   114.52  126.95
-127949.829  1521.497    98.37  126.73
-127663.450  1552.331   107.66  129.94
-127377.055  1581.281   101.08  133.23
-127090.644  1620.534   137.04  138.56
-126804.216  1650.694   105.29  127.45
-126517.772  1676.803    91.14  113.50
-126231.312  1698.216    74.75  102.13
-125944.835  1710.053    41.32   99.67
-125658.342  1679.989  -104.93  115.57
-125371.833  1623.575  -196.89  125.66
-125085.307  1551.223  -252.50  127.91
-124798.766  1492.554  -204.74  120.33
-124512.208  1455.565  -129.07  113.68
-124225.633  1418.616  -128.93  117.90
-123939.043  1388.103  -106.47  119.08
-123652.436  1374.316   -48.10  118.77
-123365.812  1366.142   -28.52  115.46
-123079.173  1356.690   -32.97  117.82
-122792.517  1354.103    -9.03  119.08
-122505.845  1355.111     3.52  115.54
-122219.156  1348.159   -24.25  114.49
-121932.451  1323.654   -85.47  119.87
-121645.730  1275.422  -168.21  128.98
-121358.993  1220.849  -190.31  120.40
-121072.239  1166.949  -187.95   92.47
-120785.468  1131.629  -123.16   61.29
-120498.682  1114.174   -60.86   36.15
-120211.879  1126.982    44.66   55.39
-119925.060  1158.609   110.26   90.00
-119638.224  1220.216   214.77  136.89
-119351.372  1281.973   215.28  153.20
-119064.504  1335.855   187.82  142.19
-118777.619  1376.302   140.98  124.23
-118490.718  1398.148    76.14  106.13
-118203.801  1392.214   -20.68  111.04
-117916.867  1356.172  -125.60  130.70
-117629.916  1290.522  -228.77  159.93
-117342.950  1224.218  -231.04  189.38
-117055.967  1146.391  -271.18  199.40
-116768.968  1048.367  -341.53  166.39
-116481.952   966.045  -286.81  117.11
-116194.920   914.793  -178.55   70.58
-115907.871   892.941   -76.12   45.62
-115620.806   896.458    12.25   62.53
-115333.725   903.134    23.25   84.07
-115046.627   910.917    27.11   97.49
-114759.513   919.887    31.24  101.12
-114472.382   918.966    -3.21  100.38
-114185.235   914.026   -17.20  100.69
-113898.072   893.611   -71.09   79.64
-113610.892   875.094   -64.48   65.20
-113323.696   871.362   -12.99   70.73
-113036.483   858.574   -44.52   69.98
-112749.254   849.630   -31.14   66.84
-112462.008   850.057     1.49   67.16
-112174.746   848.449    -5.59   70.36
-111887.468   862.254    48.05   85.03
-111600.173   858.860   -11.81   85.34
-111312.861   864.812    20.72   85.00
-111025.534   876.206    39.65   84.31
-110738.189   877.958     6.10   82.47
-110450.828   883.668    19.87   91.00
-110163.451   881.013    -9.24   94.29
-109876.058   873.038   -27.75  101.84
-109588.647   849.151   -83.11   99.07
-109301.221   833.118   -55.78   92.25
-109013.778   826.562   -22.80   92.33
-108726.318   840.569    48.72  121.84
-108438.842   858.595    62.70  140.29
-108151.349   876.095    60.87  154.19
-107863.840   899.453    81.24  162.08
-107576.314   904.021    15.89  156.92
-107288.772   887.504   -57.44  152.42
-107001.214   857.598  -104.00  141.30
-106713.639   825.356  -112.11  139.24
-106426.047   795.120  -105.13  138.56
-106138.439   760.232  -121.30  118.41
-105850.814   723.622  -127.28   80.63
-105563.173   702.119   -74.75   54.40
-105275.515   690.462   -40.52   37.32
-104987.841   689.583    -3.06   37.24
-104700.150   694.877    18.40   49.29
-104412.443   713.215    63.74   75.27
-104124.719   743.624   105.68  100.47
-103836.979   769.415    89.63  112.86
-103549.222   796.442    93.92  110.55
-103261.448   830.458   118.20  105.25
-102973.658   858.211    96.43   92.33
-102685.852   877.775    67.97   78.64
-102398.029   879.632     6.45   75.41
-102110.189   875.567   -14.12   79.54
-101822.333   867.997   -26.30   82.98
-101534.460   865.058   -10.21   88.12
-101246.570   843.516   -74.82   95.55
-100958.664   823.110   -70.87   89.50
-100670.742   829.973    23.84   96.14
-100382.803   840.204    35.53  104.20
-100094.847   861.497    73.94  104.41
 -99806.874   877.225    54.61  105.37
 -99518.886   894.473    59.89  101.31
 -99230.880   902.176    26.74  103.04
 -98942.858   889.686   -43.37   95.26
 -98654.819   870.678   -65.99   72.61
 -98366.764   872.407     6.00   69.11
 -98078.692   862.151   -35.60   55.78
 -97790.603   849.383   -44.32   49.77
 -97502.498   840.926   -29.35   53.07
 -97214.376   823.038   -62.08   62.98
 -96926.238   801.278   -75.52   68.36
 -96638.083   779.694   -74.90   66.01
 -96349.911   765.958   -47.66   54.16
 -96061.723   768.520     8.89   60.08
 -95773.518   787.227    64.91   77.67
 -95485.296   805.788    64.40   86.02
 -95197.058   822.346    57.44   83.50
 -94908.803   815.291   -24.48   92.70
 -94620.531   801.275   -48.62  100.81
 -94332.243   771.410  -103.59  100.18
 -94043.938   751.188   -70.14   90.29
 -93756.634   724.268   -93.70   73.75
 -93471.758   704.191   -70.47   57.99
 -93186.867   697.704   -22.77   55.44
 -92901.960   710.326    44.30   69.33
 -92617.038   728.958    65.39   83.22
 -92332.100   745.767    58.99   86.37
 -92047.147   764.021    64.06   84.00
 -91762.178   791.989    98.14   77.00
 -91477.194   815.949    84.07   72.99
 -91192.195   807.221   -30.62   79.36
 -90907.180   770.774  -127.87  101.83
 -90622.149   718.465  -183.51  122.64
 -90337.103   681.134  -130.96  133.05
 -90052.042   639.370  -146.50  129.21
 -89766.965   599.591  -139.53  101.28
 -89481.873   569.078  -107.03   52.41
 -89196.765   562.221   -24.05   36.67
 -88911.642   573.244    38.66   46.05
 -88626.503   593.546    71.20   56.33
 -88341.349   621.629    98.48   63.27
 -88056.179   647.638    91.20   63.23
 -87770.994   672.202    86.13   60.17
 -87485.793   695.598    82.03   64.57
 -87200.577   727.798   112.89   76.50
 -86915.345   760.895   116.03   84.03
 -86630.098   789.062    98.75   89.60
 -86344.835   814.376    88.74   95.51
 -86059.557   848.854   120.85  101.98
 -85774.263   876.155    95.69   90.57
 -85488.954   885.981    34.44   88.73
 -85203.629   897.458    40.22   89.09
 -84918.288   918.179    72.62   91.22
 -84632.933   944.664    92.81   86.10
 -84347.561   952.516    27.51   78.00
 -84062.174   934.666   -62.54   79.98
 -83776.772   920.530   -49.53   81.44
 -83491.354   912.911   -26.69   81.30
 -83205.920   886.878   -91.20   80.10
 -82920.471   859.934   -94.39   64.34
 -82635.006   852.559   -25.83   59.32
 -82349.526   858.045    19.21   75.65
 -82064.030   863.872    20.41   83.29
 -81778.519   871.240    25.81   88.34
 -81492.992   885.097    48.53   90.33
 -81207.450   892.343    25.38   86.62
 -80921.892   890.882    -5.12   95.34
 -80636.318   887.501   -11.84   91.11
 -80350.729   889.243     6.10   80.91
 -80065.124   903.665    50.49   77.93
 -79779.504   902.370    -4.53   73.53
 -79493.868   895.688   -23.39   69.49
 -79208.216   884.123   -40.49   67.38
 -78922.549   869.159   -52.38   73.24
 -78636.866   848.522   -72.23   75.97
 -78351.168   818.275  -105.87   62.95
 -78065.454   789.058  -102.26   39.39
 -77779.725   773.621   -54.02   37.79
 -77493.980   759.569   -49.18   36.85
 -77208.219   748.531   -38.62   36.98
 -76922.443   741.280   -25.37   37.50
 -76636.651   737.336   -13.80   38.85
 -76350.843   733.264   -14.25   41.41
 -76065.020   732.857    -1.42   42.52
 -75779.181   729.304   -12.43   41.69
 -75493.327   731.393     7.31   37.41
 -75207.457   728.182   -11.23   36.31
 -74921.571   727.417    -2.68   31.06
 -74635.669   717.266   -35.51   33.93
 -74349.753   706.632   -37.19   34.35
 -74063.820   690.775   -55.46   40.65
 -73777.872   669.996   -72.67   51.33
 -73491.908   645.886   -84.31   61.35
 -73205.928   615.209  -107.26   64.50
 -72919.933   587.513   -96.84   60.17
 -72633.922   563.735   -83.13   47.01
 -72347.895   548.614   -52.87   36.56
 -72061.853   537.666   -38.27   31.71
 -71775.795   530.489   -25.09   31.20
 -71489.722   521.933   -29.91   33.68
 -71203.633   510.658   -39.41   35.05
 -70917.528   496.208   -50.51   39.60
 -70631.407   481.942   -49.86   45.02
 -70345.271   461.754   -70.55   48.20
 -70059.119   441.054   -72.34   45.81
 -69772.951   425.088   -55.79   38.80
 -69486.768   412.997   -42.25   33.13
 -69200.569   405.350   -26.72   30.60
 -68914.354   399.089   -21.87   29.53
 -68628.124   393.603   -19.17   31.10
 -68341.878   386.234   -25.74   31.03
 -68055.616   378.526   -26.93   31.84
 -67769.338   370.635   -27.56   31.24
 -67483.045   365.811   -16.85   27.99
 -67196.736   359.680   -21.42   25.55
 -66910.411   356.545   -10.95   24.91
 -66624.071   354.632    -6.68   24.82
 -66337.715   355.099     1.63   28.09
 -66051.343   359.875    16.68   32.74
 -65764.955   367.186    25.53   34.13
 -65478.552   376.553    32.70   34.55
 -65192.132   387.070    36.72   31.62
 -64905.698   395.054    27.87   26.72
 -64619.247   397.407     8.22   21.91
 -64332.781   396.132    -4.45   21.84
 -64046.299   394.254    -6.55   23.68
 -63759.801   390.183   -14.21   25.99
 -63473.287   382.786   -25.82   26.54
 -63186.758   373.148   -33.63   23.20
 -62900.212   364.234   -31.11   23.39
 -62613.652   360.461   -13.16   27.17
 -62327.075   360.442    -0.07   27.43
 -62040.482   357.080   -11.73   30.67
 -61753.874   351.861   -18.21   34.68
 -61467.250   338.950   -45.04   43.18
 -61180.610   326.840   -42.24   57.83
 -60893.955   308.490   -64.01   59.31
 -60607.283   294.202   -49.84   56.67
 -60320.596   279.521   -51.21   44.72
 -60033.893   273.879   -19.68   37.48
 -59747.174   270.087   -13.22   35.60
 -59460.440   274.958    16.98   37.77
 -59173.689   288.072    45.73   38.73
 -58886.923   303.069    52.29   39.53
 -58600.141   318.934    55.32   46.68
 -58313.343   337.698    65.42   53.30
 -58026.530   360.275    78.71   52.71
 -57739.700   382.650    78.01   44.81
 -57452.855   402.651    69.73   37.25
 -57165.994   420.926    63.70   35.43
 -56879.117   433.345    43.29   37.39
 -56592.224   447.465    49.22   35.77
 -56305.315   458.188    37.37   34.36
 -56018.391   470.199    41.86   27.80
 -55731.450   473.299    10.80   26.55
 -55444.494   473.682     1.34   28.03
 -55157.522   466.315   -25.67   35.84
 -54870.534   453.567   -44.42   44.15
 -54583.530   441.038   -43.65   46.71
 -54296.511   422.073   -66.07   50.16
 -54009.475   405.434   -57.97   46.09
 -53722.424   386.309   -66.62   45.59
 -53435.357   369.950   -56.99   44.75
 -53148.274   352.099   -62.18   47.07
 -52861.175   328.690   -81.53   60.30
 -52574.060   302.861   -89.96   75.83
 -52286.929   269.252  -117.05   88.23
 -51999.783   239.880  -102.29   89.26
 -51712.620   207.219  -113.73   80.21
 -51425.442   180.599   -92.70   62.35
 -51138.247   157.140   -81.68   32.28
 -50851.037   152.469   -16.26   19.80
 -50563.811   162.550    35.10   33.38
 -50276.569   176.806    49.63   40.23
 -49989.311   192.026    52.99   41.19
 -49702.037   203.910    41.37   35.70
 -49414.748   213.481    33.31   25.74
 -49127.442   218.465    17.35   16.90
 -48840.120   218.534     0.24   16.20
 -48552.783   219.450     3.19   17.13
 -48265.429   222.656    11.16   18.69
 -47978.060   229.686    24.46   22.34
 -47690.675   239.497    34.14   23.64
 -47403.273   254.735    53.02   31.20
 -47115.856   272.516    61.86   42.32
 -46828.423   294.772    77.43   52.41
 -46540.974   323.989   101.64   66.31
 -46253.509   356.726   113.88   74.75
 -45966.028   402.051   157.66   84.72
 -45678.531   448.206   160.54   90.22
 -45391.018   496.272   167.18   91.90
 -45103.489   549.142   183.87  102.19
 -44815.945   593.521   154.33   95.28
 -44528.384   633.609   139.40   82.93
 -44240.807   660.346    92.97   61.98
 -43953.214   667.441    24.67   50.59
 -43665.605   659.240   -28.52   57.58
 -43377.981   640.895   -63.78   68.49
 -43090.340   614.175   -92.89   72.32
 -42802.683   582.243  -111.00   63.73
 -42515.011   552.862  -102.13   51.84
 -42227.322   532.919   -69.32   44.82
 -41939.617   513.839   -66.32   42.42
 -41651.897   497.063   -58.30   43.24
 -41364.160   476.406   -71.79   45.91
 -41076.407   455.323   -73.27   46.90
 -40788.638   443.652   -40.55   48.57
 -40500.854   426.182   -60.71   46.12
 -40213.053   413.115   -45.40   50.95
 -39925.236   396.698   -57.04   51.64
 -39637.403   381.674   -52.19   54.61
 -39349.555   367.706   -48.53   57.47
 -39061.690   345.600   -76.79   61.16
 -38773.809   320.446   -87.38   63.27
 -38485.912   290.532  -103.90   59.75
 -38197.999   258.706  -110.54   54.45
 -37910.070   235.339   -81.15   50.19
 -37622.125   210.743   -85.42   45.93
 -37334.164   191.804   -65.77   43.27
 -37046.186   172.643   -66.54   41.41
 -36758.193   156.259   -56.89   40.37
 -36470.184   141.164   -52.41   35.99
 -36182.159   128.278   -44.74   30.44
 -35894.117   114.828   -46.69   21.06
 -35606.060   106.005   -30.63   13.40
 -35317.986    99.390   -22.96    6.42
 -35029.896    95.881   -12.18    6.28
 -34741.791    92.379   -12.15    6.12
 -34453.669    89.273   -10.78    5.37
 -34165.531    86.910    -8.20    4.79
 -33877.377    85.108    -6.25    3.86
 -33589.207    85.057    -0.18    4.68
 -33301.021    86.658     5.56    7.73
 -33012.818    91.461    16.67   14.59
 -32724.600   100.212    30.36   22.29
 -32436.365   110.148    34.47   27.83
 -32148.115   124.003    48.07   33.77
 -31861.172   138.367    50.06   38.45
 -31576.251   155.026    58.47   41.40
 -31291.315   170.530    54.41   44.39
 -31006.364   185.708    53.26   46.30
 -30721.398   204.635    66.42   50.75
 -30436.418   220.359    55.18   52.70
 -30151.422   236.387    56.24   51.11
 -29866.411   248.716    43.26   48.70
 -29581.386   262.981    50.05   44.18
 -29296.346   272.846    34.61   37.51
 -29011.290   281.561    30.57   32.30
 -28726.220   289.839    29.04   26.56
 -28441.135   298.835    31.56   23.14
 -28156.035   309.162    36.22   21.45
 -27870.920   320.386    39.37   21.43
 -27585.790   329.851    33.19   20.89
 -27300.645   338.188    29.24   16.27
 -27015.485   336.912    -4.47   17.77
 -26730.310   330.886   -21.13   26.31
 -26445.120   316.469   -50.55   38.21
 -26159.916   296.750   -69.14   47.21
 -25874.696   278.124   -65.30   45.75
 -25589.461   279.179     3.70   59.06
 -25304.212   304.403    88.43   99.84
 -25018.947   348.096   153.17  143.67
 -24733.668   406.465   204.60  170.99
 -24448.373   463.336   199.34  164.81
 -24163.064   506.271   150.48  139.63
 -23877.739   528.698    78.60   97.61
 -23592.400   529.255     1.95   87.85
 -23307.045   502.118   -95.10   87.01
 -23021.676   463.306  -136.00   80.08
 -22736.292   427.614  -125.07   59.05
 -22450.892   399.489   -98.54   36.74
 -22165.478   381.754   -62.13   28.83
 -21880.048   367.227   -50.89   21.32
 -21594.604   356.927   -36.09   15.95
 -21309.145   349.417   -26.31   12.06
 -21023.670   346.759    -9.31   12.14
 -20738.181   344.359    -8.41   10.81
 -20452.676   345.196     2.93   11.81
 -20167.157   346.006     2.84   12.12
 -19881.623   346.683     2.37   10.05
 -19596.073   347.333     2.28    8.17
 -19310.509   348.217     3.10    7.16
 -19024.929   349.026     2.83    7.22
 -18739.334   347.235    -6.27    8.62
 -18453.725   343.797   -12.04   11.02
 -18168.100   343.280    -1.81   12.95
 -17882.461   342.361    -3.22   16.40
 -17596.806   341.050    -4.59   17.20
 -17311.136   337.227   -13.38   18.36
 -17025.451   333.904   -11.63   18.55
 -16739.751   335.372     5.14   17.66
 -16454.037   338.385    10.55   18.47
 -16168.307   341.537    11.03   17.01
 -15882.562   343.083     5.41   15.30
 -15596.801   344.477     4.88   13.48
 -15311.026   344.791     1.10   12.73
 -15025.236   342.155    -9.22   14.00
 -14739.431   336.981   -18.10   14.61
 -14453.610   329.073   -27.67   14.70
 -14167.775   321.470   -26.60   17.98
 -13881.925   313.434   -28.11   21.10
 -13596.059   303.097   -36.16   23.43
 -13310.178   291.863   -39.30   23.54
 -13024.282   281.089   -37.68   20.07
 -12738.372   272.667   -29.46   17.09
 -12452.446   266.516   -21.51   15.51
 -12166.505   261.910   -16.11   15.35
 -11880.548   260.175    -6.07   16.47
 -11594.577   256.737   -12.02   19.45
 -11308.591   250.069   -23.32   26.20
 -11022.589   236.996   -45.71   36.99
 -10736.573   219.838   -59.99   48.30
 -10450.541   197.667   -77.51   54.09
 -10164.494   176.493   -74.02   51.45
  -9878.432   157.677   -65.77   40.02
  -9592.355   144.414   -46.36   26.92
  -9306.263   137.643   -23.67   18.96
  -9020.156   134.082   -12.45   15.63
  -8734.033   136.028     6.80   15.02
  -8447.896   138.927    10.13   12.98
  -8161.743   141.438     8.77    9.02
  -7875.575   142.333     3.13    5.90
  -7589.392   142.178    -0.54    4.42
  -7303.194   140.656    -5.32    4.69
  -7016.981   138.704    -6.82    5.99
  -6730.752   135.572   -10.94    7.46
  -6444.509   131.744   -13.37    8.32
  -6158.250   127.386   -15.22    8.10
  -5871.976   122.709   -16.34    7.32
  -5585.687   119.299   -11.91    6.43
  -5299.382   115.942   -11.72    5.70
  -5013.063   113.336    -9.10    5.10
  -4726.728   110.608    -9.53    4.94
  -4440.379   107.530   -10.75    5.60
  -4154.014   103.761   -13.16    8.53
  -3867.634    96.118   -26.69   16.26
  -3581.238    86.824   -32.45   22.71
  -3294.828    75.280   -40.30   26.00
  -3008.402    63.003   -42.87   26.67
  -2721.961    50.442   -43.85   24.44
  -2435.505    37.377   -45.61   17.63
  -2149.034    29.387   -27.89   12.55
  -1862.547    23.153   -21.76   11.04
  -1576.045    17.902   -18.33   10.57
  -1289.529    12.577   -18.59    9.56
  -1002.996     8.672   -13.63    8.72
   -716.449     5.406   -11.40    7.37
   -429.886     3.271    -7.45    5.79
   -143.309     1.548    -6.01    3.14
    143.284     0.604    -3.30    1.17
    429.893     0.609     0.02    1.96
    716.516     6.060    19.02   17.43
   1003.155    19.805    47.95   33.25
   1289.809    36.210    57.23   42.18
   1576.478    56.919    72.24   47.50
   1863.162    75.670    65.40   46.34
   2149.862    94.311    65.02   37.15
   2436.577   111.154    58.74   21.28
   2723.307   119.764    30.03   13.02
   3010.052   124.368    16.06    9.25
   3296.813   127.304    10.24    5.77
   3583.589   129.026     6.01    3.95
   3870.380   129.659     2.21    3.26
   4157.187   130.229     1.99    3.11
   4444.008   130.910     2.38    3.29
   4730.845   131.832     3.21    3.96
   5017.698   133.708     6.54    4.93
   5304.565   136.398     9.38    6.91
   5591.448   139.350    10.29    8.03
   5878.346   142.582    11.26    8.24
   6165.260   145.489    10.13    7.76
   6452.188   149.627    14.42    8.89
   6739.132   153.225    12.54    9.60
   7026.091   156.407    11.09    9.47
   7313.066   159.094     9.36    9.97
   7600.056   161.880     9.71   10.73
   7887.061   166.704    16.81   13.45
   8174.082   174.819    28.28   22.84
   8461.117   191.075    56.63   39.88
   8748.168   215.759    85.99   60.28
   9035.235   248.158   112.86   81.66
   9322.317   286.248   132.68   94.04
   9609.414   330.896   155.52  102.87
   9896.526   389.210   203.10  122.05
  10183.654   460.081   246.83  141.41
  10470.797   527.904   236.20  143.38
  10757.955   582.378   189.70  133.56
  11045.129   624.286   145.93  109.40
  11332.318   651.774    95.71   80.28
  11619.522   656.232    15.52   67.37
  11906.742   647.713   -29.66   70.14
  12193.977   618.811  -100.62   67.49
  12481.228   598.825   -69.58   62.26
  12768.494   574.505   -84.66   59.51
  13055.775   551.435   -80.31   57.09
  13343.071   524.734   -92.94   53.80
  13630.383   502.003   -79.11   56.64
  13917.710   475.131   -93.53   52.97
  14205.053   450.019   -87.39   48.22
  14492.411   424.407   -89.13   37.98
  14779.784   405.426   -66.05   31.28
  15067.173   392.351   -45.49   26.75
  15354.577   380.950   -39.67   23.04
  15641.997   371.057   -34.42   20.59
  15929.432   362.154   -30.97   19.97
  16216.882   355.596   -22.82   18.44
  16504.348   350.426   -17.98   16.63
  16791.829   347.204   -11.21   14.07
  17079.325   345.042    -7.52   12.60
  17366.837   345.608     1.97    9.06
  17654.365   345.496    -0.39    7.29
  17941.907   345.800     1.06    6.99
  18229.465   345.012    -2.74    6.61
  18517.039   344.012    -3.48    6.72
  18804.628   343.422    -2.05    5.06
  19092.232   342.774    -2.25    4.41
  19379.852   343.077     1.05    4.49
  19667.487   344.043     3.36    5.79
  19955.138   345.934     6.57    6.84
  20242.804   348.756     9.81    6.76
  20530.486   351.291     8.81    5.80
  20818.183   352.718     4.96    4.39
  21105.895   351.842    -3.04    5.76
  21393.623   349.318    -8.77    9.78
  21681.366   346.973    -8.15   13.29
  21969.125   342.824   -14.42   17.57
  22256.899   338.879   -13.71   20.39
  22544.689   332.833   -21.01   22.46
  22832.494   326.910   -20.58   24.50
  23120.315   319.619   -25.33   24.96
  23408.151   312.182   -25.84   24.37
  23696.002   304.508   -26.66   21.48
  23983.869   298.128   -22.16   17.53
  24271.752   294.461   -12.74   14.67
  24559.650   289.742   -16.39   14.06
  24847.563   284.767   -17.28   15.79
  25135.492   278.507   -21.74   17.29
  25423.437   272.831   -19.71   18.75
  25711.397   266.223   -22.95   17.95
  25999.372   258.458   -26.97   15.17
  26287.363   253.084   -18.66   12.68
  26575.369   249.301   -13.13   12.17
  26863.391   246.902    -8.33   12.02
  27151.429   244.996    -6.62   12.22
  27439.482   243.223    -6.15   11.04
  27727.550   243.570     1.20   11.00
  28015.634   243.897     1.14   10.83
  28303.734   245.548     5.73   10.59
  28591.849   247.874     8.07   11.63
  28879.979   251.280    11.82   11.11
  29168.125   255.678    15.26   11.91
  29456.287   260.021    15.07   11.58
  29744.464   264.418    15.26   11.10
  30031.116   267.333    10.17    9.99
  30316.101   269.257     6.75    8.09
  30601.101   269.253    -0.01    8.07
  30886.115   267.446    -6.34    8.54
  31171.143   264.797    -9.29    7.62
  31456.186   262.950    -6.48    6.29
  31741.243   262.673    -0.97    5.75
  32026.314   263.233     1.97    5.20
  32311.400   265.020     6.27    5.47
  32596.500   267.293     7.97    5.65
  32881.615   269.950     9.32    6.20
  33166.744   273.606    12.82    7.58
  33451.887   277.036    12.03    7.76
  33737.045   279.576     8.91    7.35
  34022.217   281.331     6.15    5.70
  34307.403   282.049     2.52    4.45
  34592.604   282.238     0.66    3.64
  34877.819   281.713    -1.84    3.24
  35163.049   281.537    -0.62    2.88
  35448.293   281.368    -0.59    2.44
  35733.552   281.585     0.76    2.39
  36018.824   281.729     0.50    2.63
  36304.112   281.042    -2.41    3.53
  36589.413   279.219    -6.39    5.34
  36874.730   276.170   -10.69    7.56
  37160.060   272.262   -13.70    9.78
  37445.405   267.576   -16.42   11.02
  37730.765   261.477   -21.37   11.92
  38016.138   256.003   -19.18   11.76
  38301.527   250.273   -20.08   11.87
  38586.929   245.889   -15.36   10.83
  38872.346   241.819   -14.26    8.84
  39157.778   238.965   -10.00    7.14
  39443.224   236.101   -10.03    5.56
  39728.684   234.158    -6.81    4.98
  40014.159   232.553    -5.62    4.75
  40299.649   231.077    -5.17    4.43
  40585.152   229.579    -5.25    3.91
  40870.671   228.021    -5.46    3.10
  41156.203   227.200    -2.87    2.34
  41441.751   227.107    -0.33    2.46
  41727.312   228.103     3.49    3.78
  42012.888   229.204     3.86    4.57
  42298.479   231.698     8.73    6.27
  42584.084   234.958    11.41    8.19
  42869.703   239.682    16.54   10.21
  43155.337   243.882    14.71   11.04
  43440.986   249.293    18.94   11.59
  43726.649   254.170    17.07   11.15
  44012.326   260.257    21.31   10.81
  44298.018   265.055    16.80   11.69
  44583.725   270.106    17.68   11.90
  44869.445   275.118    17.54   11.58
  45155.181   280.106    17.46    9.95
  45440.931   283.343    11.33    7.77
  45726.695   284.675     4.66    6.55
  46012.474   283.776    -3.14    7.01
  46298.267   282.198    -5.52    7.21
  46584.075   280.461    -6.08    7.14
  46869.898   278.148    -8.09    5.74
  47155.735   276.509    -5.74    4.24
  47441.586   277.745     4.33    6.67
  47727.452   279.981     7.82    9.28
  48013.333   283.786    13.31   11.77
  48299.228   288.511    16.53   14.30
  48585.137   294.411    20.63   14.49
  48871.061   298.755    15.19   13.20
  49157.000   303.153    15.38   11.12
  49442.953   306.806    12.78    9.07
  49728.921   309.364     8.94    7.50
  50014.903   311.597     7.81    8.64
  50300.900   312.156     1.96    8.76
  50586.911   314.118     6.86    8.74
  50872.937   315.926     6.32    8.08
  51158.977   317.339     4.94    7.20
  51445.032   318.156     2.86    6.55
  51731.102   318.690     1.87    5.49
  52017.186   318.988     1.04    4.68
  52303.284   319.764     2.71    4.33
  52589.398   320.798     3.62    4.63
  52875.525   321.761     3.36    4.25
  53161.668   322.815     3.68    3.77
  53447.825   323.543     2.55    3.26
  53733.996   323.826     0.99    3.13
  54020.182   323.880     0.19    3.26
  54306.383   323.489    -1.37    3.40
  54592.598   322.609    -3.07    3.27
  54878.828   322.231    -1.32    2.98
  55165.072   322.672     1.54    3.01
  55451.331   323.934     4.41    2.82
  55737.605   325.236     4.55    3.25
  56023.893   326.761     5.33    4.24
  56310.196   329.332     8.98    5.19
  56596.513   332.319    10.43    5.72
  56882.845   335.658    11.66    6.39
  57169.192   338.958    11.52    6.47
  57455.553   342.044    10.78    6.32
  57741.929   344.904     9.99    5.43
  58028.320   347.855    10.30    4.81
  58314.725   350.351     8.72    4.21
  58601.145   352.540     7.64    3.66
  58887.579   354.048     5.27    3.21
  59174.028   355.065     3.55    2.65
  59460.491   354.965    -0.35    2.73
  59746.970   354.373    -2.07    3.29
  60033.463   352.743    -5.69    4.28
  60319.970   350.306    -8.51    5.35
  60606.492   347.259   -10.63    6.27
  60893.029   343.652   -12.59    7.13
  61179.581   339.372   -14.94    8.52
  61466.147   333.904   -19.08   10.54
  61752.727   327.145   -23.59   12.76
  62039.323   320.190   -24.27   13.79
  62325.933   312.381   -27.25   14.39
  62612.558   304.123   -28.81   14.48
  62899.197   296.645   -26.09   13.94
  63185.851   288.592   -28.09   13.61
  63472.520   281.359   -25.23   12.89
  63759.203   275.069   -21.94   12.04
  64045.901   268.268   -23.72   11.34
  64332.614   261.682   -22.97   11.95
  64619.342   255.465   -21.68   12.21
  64906.084   249.125   -22.11   12.55
  65192.841   243.855   -18.38   12.26
  65479.612   238.339   -19.24   11.13
  65766.398   233.208   -17.89   10.62
  66053.199   227.965   -18.28    9.62
  66340.015   224.926   -10.60    8.40
  66626.845   221.843   -10.75    6.94
  66913.690   219.825    -7.04    5.87
  67200.550   217.489    -8.14    5.13
  67487.424   216.866    -2.17    5.01
  67774.314   217.182     1.10    5.06
  68061.217   217.619     1.52    5.10
  68348.136   216.840    -2.71    5.34
  68635.069   215.374    -5.11    6.76
  68922.017   213.598    -6.19    7.44
  69208.980   210.965    -9.18    8.63
  69495.957   207.747   -11.22    8.51
  69782.950   203.232   -15.73    8.10
  70069.957   199.700   -12.31    6.84
  70356.978   195.881   -13.31    6.43
  70644.015   192.619   -11.36    7.28
  70931.066   189.036   -12.48    7.10
  71218.132   186.627    -8.39    6.39
  71505.212   185.565    -3.70    5.55
  71792.308   186.049     1.69    5.98
  72079.418   186.567     1.80    6.15
  72366.543   186.789     0.78    6.09
  72653.683   187.896     3.85    6.11
  72940.837   188.249     1.23    7.65
