-135627.977   662.268     0.00   30.66
-135341.772   663.273     3.51   29.28
-135055.560   663.317     0.15   28.64
-134769.342   660.503    -9.83   31.44
-134483.119   646.486   -48.97   40.03
-134196.889   625.920   -71.85   44.64
-133910.653   604.286   -75.58   42.67
-133624.412   585.695   -64.95   37.35
-133338.164   572.671   -45.50   28.84
-133051.910   567.950   -16.49   23.02
-132765.651   571.703    13.11   28.37
-132479.385   586.132    50.40   40.23
-132193.114   606.664    71.72   50.10
-131906.836   631.891    88.12   54.33
-131620.553   655.457    82.31   50.14
-131334.263   673.782    64.01   37.97
-131047.968   681.310    26.30   28.71
-130761.666   677.065   -14.83   34.11
-130475.359   662.779   -49.90   42.44
-130189.045   644.528   -63.74   44.08
-129902.726   622.245   -77.83   40.14
-129616.400   601.838   -71.27   34.83
-129330.069   584.435   -60.78   29.73
-129043.731   571.221   -46.15   24.94
-128757.388   561.923   -32.47   23.44
-128471.039   556.154   -20.15   22.89
-128184.683   553.957    -7.67   19.94
-127898.322   557.820    13.49   23.11
-127611.955   567.361    33.31   30.34
-127325.581   583.103    54.97   39.30
-127039.202   600.978    62.42   42.86
-126752.817   621.196    70.59   44.09
-126466.425   639.895    65.29   43.64
-126180.028   655.542    54.63   40.93
-125893.625   663.532    27.90   35.07
-125607.215   665.986     8.57   30.29
-125320.800   658.479   -26.21   34.61
-125034.379   639.135   -67.54   49.63
-124747.951   615.106   -83.89   59.38
-124461.518   594.116   -73.28   58.79
-124175.079   574.736   -67.66   52.26
-123888.633   560.944   -48.15   45.93
-123602.182   547.743   -46.08   46.15
-123315.725   531.806   -55.63   46.57
-123029.261   518.101   -47.84   53.39
-122742.792   498.333   -69.00   55.84
-122456.317   479.834   -64.57   48.80
-122169.836   465.087   -51.48   35.81
-121883.348   458.345   -23.53   25.81
-121596.855   460.350     7.00   25.42
-121310.356   472.014    40.71   39.07
-121023.850   494.784    79.47   57.44
-120737.339   519.971    87.91   69.70
-120450.822   552.493   113.50   75.50
-120164.298   588.042   124.07   80.40
-119877.769   626.437   134.00   79.56
-119591.234   653.181    93.34   69.09
-119304.692   667.029    48.33   59.33
-119018.145   671.573    15.86   56.88
-118731.592   660.639   -38.16   61.83
-118445.032   634.743   -90.37   66.70
-118158.467   602.432  -112.75   61.95
-117871.896   573.898   -99.57   51.91
-117585.318   550.393   -82.02   42.27
-117298.735   536.616   -48.07   38.72
-117012.146   532.504   -14.35   42.56
-116725.550   533.538     3.61   51.63
-116438.949   535.236     5.92   61.11
-116152.341   530.604   -16.16   61.20
-115865.728   529.457    -4.00   63.73
-115579.108   524.831   -16.14   61.15
-115292.483   515.444   -32.75   53.13
-115005.851   509.404   -21.07   42.79
-114719.214   511.109     5.95   42.66
-114432.570   524.279    45.94   54.15
-114145.921   543.289    66.32   62.47
-113859.265   561.797    64.57   64.13
-113572.604   578.814    59.36   61.72
-113285.936   598.957    70.26   60.65
-112999.263   629.946   108.10   65.22
-112712.583   651.952    76.76   67.07
-112425.897   669.703    61.92   62.39
-112139.206   680.246    36.78   53.08
-111852.508   687.394    24.93   42.12
-111565.804   682.021   -18.74   42.20
-111279.095   667.309   -51.31   45.05
-110992.379   651.886   -53.79   42.52
-110705.657   637.627   -49.73   38.06
-110418.929   627.797   -34.28   43.11
-110132.196   618.857   -31.18   47.31
-109845.456   611.770   -24.72   52.73
-109558.710   605.787   -20.86   57.19
-109271.958   598.049   -26.99   58.97
-108985.200   587.401   -37.13   56.53
-108698.436   575.468   -41.61   54.03
-108411.667   563.568   -41.50   51.30
-108124.891   546.692   -58.85   47.24
-107838.109   531.133   -54.25   38.94
-107551.321   515.986   -52.82   31.00
-107264.527   503.319   -44.17   24.69
-106977.727   489.345   -48.72   22.82
-106690.920   481.442   -27.55   22.29
-106404.108   478.576    -9.99   22.04
-106117.290   481.536    10.32   26.16
-105830.466   490.438    31.04   36.19
-105543.636   506.218    55.02   48.26
-105256.800   525.921    68.69   51.22
-104969.957   545.841    69.44   47.12
-104683.109   565.218    67.55   49.52
-104396.255   584.174    66.08   52.17
-104109.394   603.239    66.46   51.44
-103822.528   616.836    47.40   46.65
-103535.656   621.943    17.80   42.03
-103248.777   626.875    17.19   40.43
-102961.893   623.084   -13.21   39.63
-102675.002   617.957   -17.87   37.26
-102388.106   612.007   -20.74   32.01
-102101.203   615.411    11.86   33.76
-101814.294   622.054    23.15   40.01
-101527.380   637.601    54.19   44.98
-101240.459   652.587    52.23   43.40
-100953.532   666.154    47.28   36.53
-100666.599   673.438    25.38   29.17
-100379.661   678.064    16.12   28.38
-100092.716   680.557     8.69   29.83
 -99805.765   679.000    -5.43   34.29
 -99518.808   678.552    -1.56   34.57
 -99231.845   676.239    -8.06   33.01
 -98944.876   665.993   -35.71   43.32
 -98657.901   639.241   -93.22   73.96
 -98370.920   612.570   -92.93   81.45
 -98083.933   587.406   -87.68   78.31
 -97796.940   574.397   -45.33   70.18
 -97509.940   570.757   -12.68   67.06
 -97222.935   574.049    11.47   67.69
 -96935.924   590.229    56.38   56.56
 -96648.906   601.935    40.78   41.79
 -96361.883   595.428   -22.67   52.42
 -96074.853   572.738   -79.05   78.86
 -95787.818   533.850  -135.48  114.39
 -95500.776   480.647  -185.35  142.57
 -95213.729   416.786  -222.47  153.38
 -94926.675   360.175  -197.21  146.36
 -94639.616   299.062  -212.89  118.98
 -94352.550   254.718  -154.47   77.45
 -94065.478   226.229   -99.24   35.01
 -93778.673   216.686   -33.27   14.53
 -93492.810   223.809    24.92   30.59
 -93206.942   238.232    50.46   45.67
 -92921.069   255.173    59.26   55.39
 -92635.190   271.450    56.94   57.41
 -92349.306   289.063    61.61   54.99
 -92063.417   303.783    51.49   48.50
 -91777.523   313.757    34.89   41.59
 -91491.623   313.036    -2.52   40.67
 -91205.718   308.065   -17.39   38.70
 -90919.808   304.146   -13.71   36.15
 -90633.893   303.241    -3.16   33.28
 -90347.972   303.604     1.27   28.32
 -90062.046   301.493    -7.38   25.69
 -89776.115   296.167   -18.63   23.36
 -89490.179   291.662   -15.75   22.17
 -89204.237   287.329   -15.15   19.72
 -88918.290   284.169   -11.05   17.30
 -88632.338   280.574   -12.57   14.14
 -88346.381   278.180    -8.37    8.66
 -88060.418   280.042     6.51    8.83
 -87774.451   286.284    21.83   16.69
 -87488.478   296.801    36.78   26.16
 -87202.499   308.108    39.54   30.65
 -86916.516   319.022    38.16   30.75
 -86630.527   329.199    35.58   26.54
 -86344.533   337.671    29.63   19.75
 -86058.533   343.064    18.86   14.45
 -85772.529   343.871     2.82   11.86
 -85486.519   342.000    -6.54   10.26
 -85200.504   340.410    -5.56    8.88
 -84914.484   338.559    -6.47    7.32
 -84628.458   336.993    -5.48    6.58
 -84342.427   335.080    -6.69    7.06
 -84056.391   331.866   -11.23   10.11
 -83770.350   326.849   -17.54   13.38
 -83484.303   322.559   -15.00   14.80
 -83198.251   318.849   -12.97   15.19
 -82912.194   318.209    -2.24   16.06
 -82626.132   316.382    -6.39   17.47
 -82340.064   315.124    -4.40   18.58
 -82053.991   313.021    -7.35   19.89
 -81767.913   308.248   -16.68   22.12
 -81481.830   302.636   -19.62   23.75
 -81195.741   295.097   -26.35   22.38
 -80909.647   287.373   -27.00   19.07
 -80623.548   281.229   -21.48   14.18
 -80337.444   277.950   -11.46   12.26
 -80051.334   279.357     4.92   15.38
 -79765.219   281.867     8.77   19.51
 -79479.099   284.420     8.92   23.74
 -79192.973   285.652     4.31   24.90
 -78906.843   284.557    -3.83   24.57
 -78620.707   283.021    -5.37   23.92
 -78334.566   277.815   -18.19   23.07
 -78048.419   267.152   -37.26   24.49
 -77762.267   259.281   -27.51   23.45
 -77476.110   256.725    -8.93   23.40
 -77189.948   257.916     4.16   27.46
 -76903.780   260.408     8.71   30.79
 -76617.608   265.660    18.35   32.61
 -76331.430   270.230    15.97   29.88
 -76045.246   274.540    15.06   27.09
 -75759.058   272.559    -6.92   26.53
 -75472.864   268.262   -15.02   25.77
 -75186.665   264.161   -14.33   23.67
 -74900.460   261.225   -10.26   21.35
 -74614.251   260.514    -2.48   19.78
 -74328.036   259.273    -4.34   19.64
 -74041.815   258.399    -3.05   18.72
 -73755.590   256.951    -5.06   16.30
 -73469.359   253.993   -10.33   13.58
 -73183.123   250.821   -11.08   13.39
 -72896.882   246.315   -15.74   14.46
 -72610.635   241.715   -16.07   15.48
 -72324.384   234.567   -24.97   15.62
 -72038.127   225.657   -31.13   17.24
 -71751.864   216.619   -31.57   18.03
 -71465.597   208.393   -28.73   16.93
 -71179.324   200.658   -27.02   15.61
 -70893.046   193.388   -25.39   13.59
 -70606.762   187.784   -19.58   11.14
 -70320.473   184.811   -10.38   10.13
 -70034.179   183.551    -4.40   10.93
 -69747.880   181.676    -6.55   11.28
 -69461.576   179.000    -9.35   10.80
 -69175.266   178.043    -3.34   11.17
 -68888.951   177.196    -2.96   10.61
 -68602.631   176.812    -1.34    9.02
 -68316.305   178.590     6.21   11.03
 -68029.974   181.775    11.12   13.40
 -67743.638   184.704    10.23   14.11
 -67457.296   187.979    11.44   13.72
 -67170.950   190.762     9.72   13.35
 -66884.598   192.573     6.32   12.78
 -66598.240   192.355    -0.76   11.40
 -66311.878   191.607    -2.61    9.60
 -66025.510   192.250     2.24    8.72
 -65739.137   193.542     4.51    7.99
 -65452.759   194.229     2.40    6.92
 -65166.375   194.536     1.07    5.85
 -64879.986   195.439     3.15    4.92
 -64593.592   196.214     2.71    4.35
 -64307.192   196.583     1.29    3.87
 -64020.788   196.186    -1.39    3.30
 -63734.378   195.676    -1.78    3.13
 -63447.962   194.697    -3.42    3.70
 -63161.542   192.864    -6.40    4.80
 -62875.116   190.524    -8.17    5.96
 -62588.685   187.826    -9.42    6.82
 -62302.248   184.623   -11.18    7.91
 -62015.806   181.662   -10.34    8.34
 -61729.359   178.322   -11.66    7.73
 -61442.907   176.077    -7.84    6.48
 -61156.449   174.302    -6.20    5.44
 -60869.987   173.629    -2.35    5.06
 -60583.518   174.118     1.71    5.44
 -60297.045   174.161     0.15    5.83
 -60010.566   173.049    -3.88    6.57
 -59724.082   171.511    -5.37    6.95
 -59437.593   170.329    -4.13    7.50
 -59151.098   168.299    -7.09    7.71
 -58864.599   165.580    -9.49    7.48
 -58578.093   161.986   -12.55    7.81
 -58291.583   157.899   -14.26    8.93
 -58005.067   155.907    -6.95    9.11
 -57718.546   154.909    -3.48   10.66
 -57432.020   156.161     4.37   12.21
 -57145.488   158.829     9.31   13.04
 -56858.951   161.829    10.47   12.92
 -56572.409   165.718    13.57   11.08
 -56285.862   169.075    11.72    7.41
 -55999.309   171.319     7.83    2.66
 -55712.751   171.863     1.90    1.30
 -55426.188   172.259     1.38    1.14
 -55139.619   172.420     0.56    0.92
 -54853.045   172.320    -0.35    0.95
 -54566.466   172.083    -0.83    1.00
 -54279.881   171.384    -2.44    1.63
 -53993.291   169.950    -5.01    3.22
 -53706.696   168.035    -6.68    4.58
 -53420.096   165.041   -10.45    6.03
 -53133.490   162.168   -10.03    6.74
 -52846.879   158.850   -11.58    6.46
 -52560.263   156.236    -9.12    5.20
 -52273.641   154.056    -7.61    3.92
 -51987.015   152.350    -5.95    2.95
 -51700.382   151.163    -4.14    2.50
 -51413.745   150.057    -3.86    2.85
 -51127.102   149.150    -3.16    3.45
 -50840.454   147.739    -4.92    3.78
 -50553.801   146.163    -5.50    3.84
 -50267.142   144.460    -5.94    3.59
 -49980.478   142.914    -5.40    3.46
 -49693.809   141.560    -4.72    3.28
 -49407.134   140.535    -3.58    3.12
 -49120.455   139.692    -2.94    2.84
 -48833.769   139.036    -2.29    2.60
 -48547.079   138.621    -1.45    2.50
 -48260.383   138.141    -1.68    2.56
 -47973.682   137.634    -1.77    2.59
 -47686.976   136.979    -2.29    2.54
 -47400.264   136.252    -2.54    2.30
 -47113.547   135.748    -1.76    2.13
 -46826.825   135.326    -1.47    2.19
 -46540.097   135.076    -0.87    2.23
 -46253.365   134.752    -1.13    2.43
 -45966.626   134.333    -1.46    2.51
 -45679.883   134.080    -0.88    2.73
 -45393.134   133.593    -1.70    2.90
 -45106.380   133.320    -0.95    2.86
 -44819.621   133.099    -0.77    2.59
 -44532.856   133.114     0.05    2.19
 -44246.086   133.307     0.67    1.93
 -43959.311   133.448     0.49    1.88
 -43672.530   133.483     0.12    1.89
 -43385.744   133.099    -1.34    2.25
 -43098.953   132.743    -1.24    2.47
 -42812.156   132.404    -1.18    2.51
 -42525.354   132.147    -0.90    2.43
 -42238.547   132.042    -0.37    2.07
 -41951.735   132.143     0.35    1.53
 -41664.917   132.421     0.97    1.18
 -41378.094   132.615     0.68    0.99
 -41091.266   132.667     0.18    0.86
 -40804.432   132.597    -0.24    0.80
 -40517.593   132.471    -0.44    0.67
 -40230.749   132.271    -0.70    0.64
 -39943.899   132.099    -0.60    0.69
 -39657.044   131.846    -0.88    0.72
 -39370.184   131.545    -1.05    0.78
 -39083.318   131.305    -0.84    0.71
 -38796.447   131.036    -0.94    0.77
 -38509.571   130.601    -1.51    0.99
 -38222.689   129.945    -2.29    1.47
 -37935.803   128.979    -3.37    2.11
 -37648.910   127.886    -3.81    2.69
 -37362.013   126.576    -4.57    3.00
 -37075.110   125.103    -5.13    3.00
 -36788.202   123.605    -5.22    2.73
 -36501.289   122.115    -5.19    2.38
 -36214.370   120.921    -4.16    2.01
 -35927.446   119.867    -3.67    1.76
 -35640.517   118.912    -3.33    1.58
 -35353.582   118.041    -3.03    1.48
 -35066.642   117.029    -3.53    1.88
 -34779.697   115.757    -4.43    2.61
 -34492.746   114.232    -5.31    3.28
 -34205.790   112.226    -6.99    3.78
 -33918.829   110.382    -6.43    3.89
 -33631.862   108.122    -7.87    3.91
 -33344.890   105.752    -8.26    4.37
 -33057.913   103.465    -7.97    4.42
 -32770.930   101.278    -7.62    4.59
 -32483.942    99.126    -7.50    4.83
 -32196.949    96.809    -8.07    5.25
 -31910.266    94.582    -7.77    5.39
 -31624.327    92.259    -8.12    5.41
 -31338.383    89.797    -8.61    5.16
 -31052.434    87.583    -7.74    5.06
 -30766.481    85.543    -7.14    5.39
 -30480.523    83.921    -5.67    5.35
 -30194.561    82.709    -4.24    5.26
 -29908.594    81.352    -4.75    5.92
 -29622.623    80.291    -3.71    6.24
 -29336.647    79.620    -2.35    6.46
 -29050.667    78.468    -4.03    6.79
 -28764.682    76.937    -5.36    7.25
 -28478.692    75.294    -5.74    7.39
 -28192.698    73.490    -6.31    6.72
 -27906.700    72.229    -4.41    6.20
 -27620.697    70.829    -4.90    5.82
 -27334.689    69.836    -3.47    5.36
 -27048.677    68.757    -3.77    5.05
 -26762.660    67.407    -4.72    4.54
 -26476.639    66.197    -4.23    4.50
 -26190.613    64.685    -5.29    4.24
 -25904.583    63.345    -4.68    3.74
 -25618.548    62.266    -3.77    3.03
 -25332.509    61.538    -2.54    2.63
 -25046.465    61.109    -1.50    2.66
 -24760.416    60.690    -1.47    2.75
 -24474.363    60.193    -1.74    2.77
 -24188.306    59.836    -1.25    2.84
 -23902.244    59.719    -0.41    2.71
 -23616.177    59.386    -1.16    2.61
 -23330.106    59.260    -0.44    2.29
 -23044.030    59.188    -0.25    1.80
 -22757.950    58.871    -1.11    1.41
 -22471.865    58.414    -1.59    1.49
 -22185.776    57.958    -1.60    1.66
 -21899.682    57.262    -2.43    1.74
 -21613.583    56.614    -2.27    1.60
 -21327.481    56.106    -1.78    1.37
 -21041.373    55.700    -1.42    1.18
 -20755.261    55.400    -1.05    1.23
 -20469.144    54.755    -2.25    2.11
 -20183.023    54.133    -2.18    2.76
 -19896.897    53.699    -1.52    3.42
 -19610.767    53.227    -1.65    3.81
 -19324.632    53.191    -0.12    3.82
 -19038.493    53.234     0.15    3.68
 -18752.349    53.369     0.47    3.45
 -18466.201    53.232    -0.48    3.19
 -18180.048    53.362     0.45    2.69
 -17893.890    53.314    -0.17    2.34
 -17607.728    53.271    -0.15    2.51
 -17321.561    52.908    -1.27    2.55
 -17035.390    52.811    -0.34    2.54
 -16749.214    53.104     1.02    2.50
 -16463.034    53.621     1.81    2.68
 -16176.849    54.193     2.00    2.71
 -15890.660    54.787     2.08    2.79
 -15604.466    55.403     2.15    2.86
 -15318.267    56.042     2.23    2.66
 -15032.064    56.592     1.92    2.52
 -14745.857    56.901     1.08    2.39
 -14459.644    56.662    -0.83    2.68
 -14173.428    56.049    -2.14    3.83
 -13887.207    54.911    -3.98    4.97
 -13600.981    52.688    -7.77    6.59
 -13314.750    50.791    -6.62    7.42
 -13028.515    47.374   -11.94    8.01
 -12742.276    43.993   -11.81    8.43
 -12456.032    41.586    -8.41    8.48
 -12169.783    40.571    -3.55    8.84
 -11883.530    41.618     3.66    9.61
 -11597.273    42.754     3.97   10.99
 -11311.010    44.333     5.52   11.89
 -11024.743    48.146    13.32   10.78
 -10738.472    51.701    12.42    8.09
 -10452.196    54.178     8.65    4.58
 -10165.916    55.158     3.42    3.76
  -9879.631    55.432     0.95    3.35
  -9593.341    55.302    -0.45    2.72
  -9307.047    55.255    -0.16    2.29
  -9020.748    54.897    -1.25    1.75
  -8734.445    54.542    -1.24    1.50
  -8448.137    54.065    -1.67    1.19
  -8161.825    53.794    -0.94    1.05
  -7875.508    53.585    -0.73    0.93
  -7589.186    53.159    -1.49    1.38
  -7302.860    52.690    -1.64    1.80
  -7016.530    52.366    -1.13    1.95
  -6730.195    52.071    -1.03    2.02
  -6443.855    51.643    -1.50    2.01
  -6157.511    50.986    -2.29    2.03
  -5871.162    50.434    -1.93    1.94
  -5584.808    49.923    -1.78    1.61
  -5298.450    49.560    -1.27    1.51
  -5012.088    49.298    -0.92    1.51
  -4725.721    49.142    -0.54    1.57
  -4439.349    49.028    -0.40    1.58
  -4152.973    48.801    -0.79    1.32
  -3866.592    48.560    -0.84    0.99
  -3580.207    48.413    -0.51    0.76
  -3293.817    48.546     0.46    1.23
  -3007.422    49.308     2.66    2.18
  -2721.023    50.368     3.70    2.84
  -2434.620    51.521     4.03    3.07
  -2148.212    52.610     3.80    2.97
  -1861.799    53.426     2.85    2.51
  -1575.382    53.383    -0.15    3.89
  -1288.960    47.972   -18.89   16.01
  -1002.533    39.201   -30.62   23.21
   -716.102    29.430   -34.12   26.06
   -429.667    19.923   -33.19   25.17
   -143.227    11.239   -30.31   20.92
    143.218     3.762   -26.10   12.87
    429.667     0.035   -13.01    0.18
    716.121     0.140     0.37    0.35
   1002.579     0.236     0.33    0.43
   1289.042     0.286     0.17    0.45
   1575.510     0.309     0.08    0.46
   1861.982     0.303    -0.02    0.46
   2148.459     0.293    -0.04    0.46
   2434.940     1.070     2.72    3.23
   2721.426     2.820     6.11    5.90
   3007.916     5.108     7.99    7.62
   3294.411     8.217    10.85    8.78
   3580.910    11.204    10.43    9.02
   3867.415    14.690    12.17    8.56
   4153.923    18.885    14.64    6.89
   4440.436    21.864    10.40    5.76
   4726.954    24.964    10.82    5.58
   5013.477    28.379    11.92    6.80
   5300.003    32.272    13.59    7.83
   5586.535    36.354    14.24    8.09
   5873.071    40.254    13.61    7.38
   6159.612    43.536    11.46    6.15
   6446.157    46.069     8.84    4.44
   6732.707    48.020     6.81    2.59
   7019.261    49.027     3.51    1.49
   7305.820    49.504     1.66    1.28
   7592.383    49.957     1.58    1.60
   7878.952    50.928     3.39    2.69
   8165.524    52.699     6.18    4.25
   8452.101    54.890     7.65    4.84
   8738.683    56.958     7.22    4.70
   9025.270    58.971     7.02    4.12
   9311.861    60.607     5.71    3.07
   9598.456    61.782     4.10    1.42
   9885.056    62.272     1.71    0.52
  10171.661    62.207    -0.23    0.79
  10458.270    61.937    -0.94    1.32
  10744.884    61.858    -0.27    1.32
  11031.502    61.714    -0.50    1.47
  11318.125    61.639    -0.26    1.69
  11604.753    61.759     0.42    1.97
  11891.385    61.965     0.72    2.39
  12178.022    62.340     1.31    2.90
  12464.663    63.241     3.14    3.66
  12751.309    64.183     3.29    4.08
  13037.960    65.410     4.28    4.31
  13324.615    66.664     4.38    4.01
  13611.274    67.669     3.50    3.62
  13897.938    68.298     2.19    3.35
  14184.607    68.894     2.08    3.58
  14471.281    68.888    -0.02    4.17
  14757.959    69.042     0.54    4.43
  15044.641    69.441     1.39    4.46
  15331.328    69.908     1.63    4.17
  15618.020    70.752     2.94    4.00
  15904.716    71.475     2.52    3.86
  16191.417    72.622     4.00    4.31
  16478.122    73.801     4.11    4.29
  16764.832    74.858     3.69    4.79
  17051.547    76.115     4.38    5.73
  17338.266    77.723     5.61    7.14
  17624.990    79.458     6.05    8.65
  17911.718    81.103     5.74    9.78
  18198.451    82.500     4.87   10.45
  18485.189    83.142     2.24   10.26
  18771.931    84.050     3.17   10.80
  19058.678    84.433     1.34   11.37
  19345.429    84.664     0.81   11.90
  19632.185    84.521    -0.50   12.23
  19918.945    84.252    -0.94   12.43
  20205.710    82.539    -5.97   10.87
  20492.480    82.199    -1.19   10.43
  20779.254    81.768    -1.50    9.43
  21066.033    81.132    -2.22    7.76
  21352.816    80.028    -3.85    6.57
  21639.604    78.950    -3.76    5.95
  21926.397    78.664    -1.00    5.81
  22213.194    78.255    -1.43    5.35
  22499.996    77.126    -3.94    4.07
  22786.802    76.222    -3.15    2.19
  23073.613    76.035    -0.65    1.61
  23360.429    76.211     0.61    1.57
  23647.249    76.655     1.55    1.87
  23934.073    78.147     5.20    4.33
  24220.903    80.867     9.48    8.28
  24507.737    86.062    18.11   13.88
  24794.575    92.489    22.41   17.72
  25081.418   100.607    28.30   19.75
  25368.266   109.683    31.64   20.28
  25655.118   118.882    32.07   18.56
  25941.975   126.772    27.51   17.07
  26228.836   134.098    25.54   15.76
  26515.702   138.504    15.36   14.25
  26802.573   143.986    19.11   15.44
  27089.448   147.699    12.94   18.46
  27376.328   150.082     8.31   21.48
  27663.212   154.138    14.14   25.29
  27950.101   154.864     2.53   23.02
  28236.995   157.950    10.76   23.46
  28523.893   160.743     9.73   22.74
  28810.796   164.500    13.10   22.37
  29097.703   168.212    12.94   24.48
  29384.615   173.951    20.00   26.56
  29671.532   178.237    14.94   26.05
  29958.115   183.271    17.57   24.84
  30244.130   186.317    10.65   22.62
  30530.149   185.966    -1.23   20.59
  30816.172   187.459     5.22   17.59
  31102.198   189.469     7.03   15.49
  31388.229   191.410     6.79   14.05
  31674.263   194.871    12.10   13.23
  31960.301   199.273    15.39   13.36
  32246.343   203.174    13.64   12.61
  32532.388   206.007     9.90   11.45
  32818.438   207.422     4.95   10.91
  33104.491   206.903    -1.81   11.67
  33390.548   204.511    -8.36   13.61
  33676.609   200.719   -13.25   14.58
  33962.674   195.209   -19.26   14.34
  34248.743   187.145   -28.19   16.30
  34534.815   181.028   -21.38   16.99
  34820.891   175.800   -18.27   17.69
  35106.971   171.624   -14.60   18.50
  35393.055   166.464   -18.04   21.63
  35679.143   157.237   -32.25   26.57
  35965.235   146.938   -36.00   29.59
  36251.330   137.442   -33.19   26.87
  36537.429   133.041   -15.38   23.04
  36823.532   134.615     5.50   25.14
  37109.639   143.493    31.03   36.94
  37395.750   161.107    61.56   50.13
  37681.864   183.986    79.96   57.24
  37967.983   208.000    83.93   57.50
  38254.105   230.061    77.10   54.35
  38540.231   248.476    64.36   48.61
  38826.361   259.958    40.13   43.15
  39112.495   267.029    24.71   40.23
  39398.632   271.739    16.46   38.62
  39684.773   275.832    14.30   40.32
  39970.919   277.980     7.50   42.97
  40257.068   281.769    13.24   42.89
  40543.221   288.897    24.91   41.76
  40829.377   299.187    35.96   38.38
  41115.538   304.750    19.44   36.66
  41401.702   311.245    22.70   33.97
  41687.870   314.075     9.89   41.64
  41974.042   321.707    26.67   44.60
  42260.218   329.245    26.34   43.52
  42546.398   336.153    24.14   43.90
  42832.581   345.468    32.55   43.20
  43118.769   354.450    31.39   45.25
  43404.960   364.199    34.06   52.56
  43691.155   364.359     0.56   64.05
  43977.354   365.322     3.37   69.97
  44263.557   369.281    13.83   74.23
  44549.763   373.719    15.51   79.34
  44835.973   384.850    38.89   81.55
  45122.188   394.914    35.16   80.96
  45408.406   404.701    34.20   82.11
  45694.628   425.891    74.03   79.54
  45980.853   449.531    82.59   71.34
  46267.083   469.160    68.58   61.63
  46553.316   489.007    69.34   53.03
  46839.553   502.536    47.26   53.05
  47125.794   514.000    40.05   57.38
  47412.039   517.521    12.30   65.44
  47698.288   520.658    10.96   65.51
  47984.541   521.303     2.26   64.20
  48270.797   521.071    -0.81   63.28
  48557.057   518.156   -10.18   62.85
  48843.321   514.274   -13.56   59.10
  49129.589   503.770   -36.69   55.31
